0.000000 159.905740 80.570326
0.015810 63.705159 41.836259
0.032410 -31.921175 1.523628
0.065000 5.396473 -1.115052
0.081730 -3.115189 -4.217805
0.114110 -8.179033 4.792058
0.130520 0.026426 -3.476834
0.163760 16.826348 -12.878470
0.180240 9.486681 -5.460656
0.213010 -0.630735 24.156677
0.229580 -8.188673 23.691327
0.246060 -6.231009 -14.554958
0.262480 -4.672364 -45.608277
0.279080 8.611136 -19.311580
0.296300 -2.723078 -0.724836
0.311950 -12.699068 1.307242
0.328670 -41.460797 -19.767850
0.344640 -55.697952 -36.331075
0.360990 -34.131729 -17.567899
0.377870 -22.431364 -2.040939
0.410130 0.685514 16.516677
0.426760 3.381750 21.603407
0.443480 -1.024018 17.431786
0.459440 27.332630 20.459507
0.475950 53.566785 0.247054
0.508820 56.163997 -14.851406
0.525390 40.982532 -26.909186
0.541870 -3.357366 -21.082691
0.558500 0.396913 5.032141
0.574740 6.302497 19.254451
0.607420 4.940701 19.113425
0.623960 14.933477 1.967857
0.656770 13.606278 -4.027530
0.672910 11.168318 2.645649
0.690250 -1.808808 10.682873
0.705690 -6.446986 14.637086
0.722080 5.460061 -15.685154
0.739010 -46.311602 -22.380035
0.754970 -95.630025 -13.051681
0.771300 -69.897836 -9.252106
0.787480 -17.791676 -0.077547
0.804080 17.447824 -12.907602
0.820650 -13.568285 0.092315
0.837010 -17.480372 -5.838395
0.853420 -10.068940 -10.394097
0.869840 -9.021766 -7.171216
0.902740 1.969667 -7.145627
0.919400 10.647342 10.427767
0.935760 9.351494 20.961230
0.951930 -10.847552 27.726480
0.968480 -4.868910 1.948459
1.001010 3.335250 -21.967174
1.017730 14.063472 -16.908999
1.034390 0.579283 0.980822
1.050540 -11.983973 14.951254
1.067110 -10.176795 0.005175
1.099700 -22.911816 -20.422154
1.116390 37.060440 7.290087
1.132930 93.643259 43.110339
1.149260 96.902102 46.499684
1.165740 38.343528 19.900984
1.198460 -31.620118 -8.071763
1.215240 -5.370350 -3.126006
1.231450 15.669315 -9.416626
1.248050 16.931855 -13.939496
1.264310 -2.344312 -1.649801
1.280910 -17.967042 2.772721
1.296940 -13.654212 4.613219
1.313600 0.748989 -8.696975
1.329680 10.637740 -22.723789
1.346280 11.943864 -17.062171
1.362850 16.440343 1.389468
1.395540 10.357045 12.571150
1.412540 0.283271 -9.240269
1.445190 -17.740302 -13.840168
1.461550 -56.084692 -3.973044
1.494110 -77.625512 -2.473307
1.510710 -64.163110 2.173822
1.543430 -33.334712 -7.561806
1.560150 5.912922 6.075831
1.593080 -1.548787 1.665561
1.609010 8.778155 4.144228
1.642180 1.117850 9.726667
1.658510 -6.031363 -5.756241
1.691710 -3.914721 7.637604
1.708340 -2.525246 7.624538
1.740780 -2.944803 2.145091
1.757570 -11.035815 -20.701698
1.790340 -1.982899 -28.871413
1.807040 -1.321656 -3.141624
1.823580 4.724081 7.126039
1.839480 -3.470440 15.320874
1.855560 -1.405960 14.725474
1.888950 7.977536 5.566107
1.905610 0.703207 6.313692
1.937990 -2.901895 -2.198774
1.954860 -8.275661 -8.385917
1.987640 -8.303863 -9.471323
2.004240 14.330061 -8.549869
2.020140 -1.553701 1.210935
2.039280 -1.819885 6.395114
2.053280 1.506861 0.963739
2.085600 -7.439353 13.667760
2.102170 31.377835 5.112712
2.134950 40.749691 -5.212162
2.152340 57.101890 -23.211186
2.168370 41.825304 -33.621740
2.184080 0.719123 -5.502501
2.200930 -7.402229 7.701375
2.233760 -25.036553 15.946538
2.250370 -0.021927 15.905498
2.266510 17.089455 10.332784
2.282810 9.610187 10.178000
2.299680 -2.244735 -4.371978
2.332460 -25.902705 -3.492074
2.349090 -38.002132 9.077097
2.383450 -38.153990 6.846995
2.397950 -21.697452 -0.531795
2.430940 0.808985 -7.825161
2.447240 -4.534226 -8.866315
2.480130 -12.540255 -8.532054
2.496430 -8.492884 -5.086296
2.529330 3.697457 3.425915
2.545260 9.683906 13.376437
2.578430 -1.092180 17.609198
2.594640 -14.586935 4.181229
2.627870 -4.028097 -19.253175
2.644470 5.731989 -18.621500
2.677370 17.230875 2.460666
2.693270 5.774859 17.788713
2.726410 0.529192 10.517551
2.742580 4.556682 -1.230688
2.775420 -2.966314 -2.520846
2.792140 3.316688 -5.954762
2.809170 -6.507738 -6.214408
2.824740 -4.952572 -2.361050
2.841280 -5.113506 4.816867
2.873870 -1.100838 2.507166
2.890750 -1.280335 -6.937206
2.923400 -8.017986 -16.624604
2.940090 -10.784646 -9.242419
2.972660 -6.431751 8.909671
2.988770 0.132355 13.603376
3.005800 1.374922 9.318665
3.021670 -0.559020 -3.109939
3.038850 -0.481331 -6.105082
3.088070 -1.225480 -11.976474
3.120570 5.081032 3.621224
3.136840 2.572918 17.315685
3.169710 -0.685590 16.057041
3.186610 -8.598812 -0.887680
3.219300 -0.470405 -6.699676
3.235720 2.869383 -0.135719
3.268550 -4.232280 -6.656154
3.285220 11.161740 -6.303698
3.317380 3.478568 -4.469183
3.334290 2.472622 7.345990
3.367000 -6.384457 0.647029
3.383300 -1.436242 -7.039751
3.416500 12.624482 -6.100758
3.432430 -1.850166 0.043665
3.465480 -7.852555 3.155045
3.481870 -1.784046 7.606628
3.498080 2.470996 8.650641
3.514860 4.392420 -3.174183
3.531310 -0.236167 -0.252371
3.564240 -2.896375 -14.558691
3.581050 -1.431176 -7.970046
3.613710 -7.821064 -3.072654
3.629490 6.420183 -3.042528
3.646030 1.082011 4.834706
3.662630 -9.925398 -0.284245
3.679260 -12.447485 3.979400
3.695860 -2.102022 5.645142
3.711670 29.676467 -1.102128
3.728180 20.380595 2.521413
3.761050 -4.578646 5.952352
3.777800 7.375841 4.567947
3.793980 56.853893 10.974790
3.810420 84.761157 14.558100
3.827090 69.643759 5.714868
3.843720 14.051262 -11.143821
3.859740 -10.748619 -17.503942
3.876040 -10.146212 -11.262643
3.892970 -11.149265 -1.660528
3.908840 6.556770 -6.455152
3.925570 13.017412 -1.209541
3.958560 20.068012 3.401791
3.974640 3.945305 12.192641
3.991640 -4.558194 7.955420
4.008330 -10.000288 4.692703
4.024380 -1.759964 -1.665206
4.056760 4.722417 -8.417247
4.073300 -8.478632 -10.463161
4.105830 -8.742846 -12.914974
4.122770 -13.233800 -3.012710
4.155610 -4.074370 -0.278810
4.171880 -0.085212 0.541199
4.204740 5.815840 3.933562
4.221560 8.372856 -4.345042
4.253750 4.328644 -0.154976
4.270870 0.447987 11.768081
4.303680 -0.169441 14.723584
4.320040 12.254875 3.050373
4.352870 3.608049 -1.740320
4.369170 -1.561678 -11.573982
4.402220 0.559624 3.443495
4.418460 -7.223149 -8.933370
4.451140 2.292369 -2.932871
4.467440 -4.467311 11.583598
4.500670 -3.674358 0.367628
4.517270 -4.445612 8.955344
4.549930 -10.226507 -14.142807
4.566220 2.028302 -4.957217
4.598850 -4.159430 0.128158
4.615690 9.644022 10.250489
4.632170 20.200167 3.564092
4.648650 22.918053 -13.092745
4.666080 -2.338642 -15.130583
4.681730 -19.640585 -3.111309
4.697630 -13.798244 8.766417
4.714230 13.777792 6.069239
4.730900 14.049939 3.076694
4.746550 -12.797017 4.538082
4.763610 -17.065715 6.087905
4.779880 2.140923 1.055935
4.796420 14.765593 -0.728451
4.813050 -4.764683 3.770127
4.845700 15.175909 -11.313726
4.861910 45.219177 -25.900097
4.894870 54.415296 -23.069149
4.911290 18.076631 -0.615816
4.927730 -6.816449 18.790098
4.943700 0.992678 14.075281
4.960450 -1.601524 13.163981
4.977020 -9.110643 6.122543
4.993190 -11.732503 -2.103529
5.010560 0.504959 -20.338494
5.026670 -22.214045 -3.495901
5.043240 -47.188271 11.848296
5.059660 -41.928288 30.812549
5.075740 -11.140192 15.662141
5.092470 16.230726 -10.597436
5.109070 6.090036 -3.108497
5.124730 -7.121267 -4.322194
5.141270 -16.699784 8.181915
5.157930 -7.413230 8.406095
5.174470 1.652599 15.513670
5.190950 43.584015 0.506017
5.207460 61.021419 -24.157835
5.239900 39.657696 -26.222838
5.256960 13.337419 0.460840
5.291380 -9.719933 17.979805
5.306030 6.025012 2.749683
5.325380 -1.468716 -22.441084
5.338870 -16.787789 -36.934829
5.355190 -10.395113 -18.217204
5.371860 6.975152 12.469245
5.388120 20.447656 27.306081
5.404510 4.036527 17.204616
5.421170 -13.274325 -8.750870
5.437870 -16.604483 -22.337674
5.453640 -5.921692 -14.337825
5.469880 2.852333 0.889145
5.486360 -2.227987 10.035266
5.502660 -0.497246 6.960598
5.519130 1.797693 -0.043074
5.537720 2.769011 -6.559232
5.552120 2.229197 -9.404127
5.569340 -2.413382 -7.633304
5.585240 -6.199102 -2.000653
5.601650 -4.686049 12.820512
5.617950 9.830094 9.322989
5.634190 14.287684 -1.084643
5.652070 18.333725 8.743073
5.667790 36.487656 32.422845
5.683620 43.521471 42.635063
5.700470 43.224885 27.093270
5.716860 13.737607 5.901174
5.732790 -4.452454 6.519278
5.749820 -4.640646 -10.663569
5.766600 -2.064860 -20.724237
5.782140 9.259743 -10.000534
5.798490 -3.152729 12.630407
5.816070 -9.860867 24.618859
5.832090 -9.693168 13.658357
5.848750 2.551936 0.329800
5.865360 3.980387 -12.029636
5.881260 -4.430679 -7.788750
5.897830 -9.485925 -7.014469
5.913730 -7.372061 -1.278534
5.930050 2.334672 -0.130285
5.946380 -0.793069 -0.242447
5.962980 -4.278402 2.596952
5.979000 -9.569775 1.168641
5.995910 -1.111537 3.456041
6.012360 10.643788 -2.543317
6.028630 12.359629 -9.332511
6.045040 10.504065 -13.917405
6.061490 4.511845 -17.969220
6.078000 -4.337415 -5.375809
6.094790 -5.109423 8.874868
6.127110 -1.204385 21.384631
6.143370 -3.324249 12.119538
6.160000 -1.144918 0.645777
6.176210 0.155491 1.382261
6.195040 -2.553637 4.519203
6.225590 -10.641331 5.149855
6.242280 -11.420621 -1.044594
6.258820 5.238186 -2.160496
6.275020 13.383993 -2.268547
6.291380 7.430922 -2.034370
6.307710 0.415437 0.122322
6.324400 0.326785 0.383813
6.340820 -1.842870 2.632678
6.357180 -3.193067 1.452129
6.373690 -1.850960 2.153455
6.390230 -1.591922 -3.582569
6.406430 0.362132 -5.000078
6.422730 1.146771 -1.345236
6.439510 -0.149216 -0.339227
6.455570 0.080789 -0.423721
6.472290 0.883309 -5.382472
6.488460 -1.665301 5.239239
6.505100 -1.520773 4.312861
6.522190 -1.470001 -3.237412
6.537930 4.070967 -5.118879
6.554470 0.949392 -2.947969
6.570770 -5.166017 3.104315
6.587430 -6.668785 -3.284904
6.603580 -4.361572 -5.841254
6.620120 -0.951811 -0.630584
6.636440 0.922891 2.247447
6.652770 2.648338 5.852170
6.669070 -0.053456 5.630446
6.685880 2.315467 1.711588
6.702090 4.179391 1.134215
6.718480 9.720500 -4.728216
6.734860 2.122209 -2.927082
6.751400 -6.021685 -0.791892
6.767520 -7.919884 6.092134
6.784550 -4.598078 1.557203
6.800660 5.138230 -10.684905
6.816860 6.185341 -10.667231
6.833650 6.616388 -6.231751
6.850220 -2.295204 5.033015
6.866700 -9.700123 0.610902
6.882810 -2.183037 2.931595
6.899540 12.110389 -2.255339
6.915620 19.244382 -7.524899
6.932370 9.957910 -5.563886
6.948550 -0.472447 -1.095819
6.965090 -0.672018 12.492377
6.981630 -8.495530 6.986824
6.997960 -12.802272 4.658301
7.014280 -6.420031 0.368479
7.030790 -6.484450 3.598163
7.047270 -9.742199 -0.161048
7.063630 -6.840644 -4.312695
7.079900 2.828364 -0.993959
7.113980 6.652832 0.878394
7.129390 -4.548440 14.505743
7.145660 -3.021093 10.425687
7.161830 6.460142 5.791564
7.178410 6.612986 -0.796193
7.194760 10.411218 -0.908048
7.211060 15.186683 4.451249
7.227940 4.940399 1.831902
7.244380 -15.907625 2.617272
7.260620 -18.911571 -6.445583
7.276950 -4.082762 -13.313423
7.310060 10.151315 -17.868925
7.326260 7.218840 -7.146761
7.343020 1.689572 2.989649
7.359250 1.974960 -0.030386
7.375730 -0.185168 -0.582737
7.392240 -3.891735 0.002528
7.408330 -4.402023 7.091188
7.425140 -7.957613 5.261804
7.441470 -2.489105 -7.580921
7.458650 1.931862 -19.429498
7.476200 10.330204 -6.582955
7.492830 8.365673 7.644385
7.512050 -4.273411 12.871665
7.523740 -0.401260 11.972268
7.539860 -5.414506 3.569833
7.556460 -6.843404 4.348326
7.572940 -7.374329 -7.705486
7.589390 -2.819480 -5.167411
7.605830 6.035522 0.756828
7.622380 3.710537 7.890657
7.638550 -0.014404 5.144586
7.655120 -2.475722 -5.565304
7.671750 0.068464 -0.133451
7.688200 3.552778 -1.042798
7.704220 5.237694 0.317182
7.720860 5.026669 -0.791963
7.737700 3.380654 1.953208
7.753510 5.654906 7.385708
7.770510 0.762182 -4.963998
7.786830 -6.010306 -6.634038
7.802800 -5.296027 2.482900
7.819760 -4.272088 5.942381
7.835820 1.617289 -2.159669
7.852020 4.201658 -16.713629
7.868680 6.455379 -6.793266
7.885380 1.378325 7.032899
7.901550 -4.394802 9.495943
7.918030 -7.911870 21.903030
7.934840 -13.607714 35.149112
7.950810 -15.825441 33.568447
7.967130 5.735505 25.797990
7.983000 21.339586 -5.526932
8.000090 21.245800 -10.360121
8.016630 1.414920 -28.082998
8.033260 -17.784342 -39.306045
8.050140 -13.350953 -20.914710
8.066310 -5.268921 -15.770140
8.082490 6.203714 6.032308
8.098910 6.901698 13.083058
8.115810 -0.775074 8.468614
8.132290 -4.980963 -8.912885
8.148130 3.760288 -11.926266
8.164980 -42.562286 8.531605
8.197360 -73.398236 20.714338
8.214540 -70.842934 25.038491
8.230070 -26.245097 15.614746
8.246370 17.399285 13.904032
8.263060 1.992123 2.147052
8.282410 0.269510 -7.880520
8.295750 -3.464391 -2.667104
8.311950 -0.790045 -12.401175
8.328640 3.327954 -4.970283
8.345280 5.085757 3.552065
8.361820 -2.292255 17.361355
8.377870 -9.656649 20.619030
8.394530 -15.472285 -0.221347
8.410800 -17.563651 7.731737
8.443730 -3.567333 6.583309
8.461240 2.637413 8.700212
8.494050 11.709140 5.603605
8.511900 4.833865 -2.245888
8.527620 -7.015981 4.778756
8.542240 -3.017615 1.915781
8.558810 1.159738 -10.162690
8.576020 2.156272 -14.927721
8.592160 -2.774228 -12.981036
8.609010 1.800793 -4.362101
8.626160 -0.513087 14.258769
8.640500 -2.579496 19.884139
8.657140 -6.570229 12.515319
8.673400 -4.962855 -5.845696
8.689390 -0.225090 -15.125550
8.705960 3.447114 -0.582926
8.738800 10.104249 9.029700
8.755070 7.017153 9.897234
8.788390 0.132052 7.256677
8.804870 -12.579571 5.117556
8.820890 -3.462198 3.733740
8.837680 3.120028 -6.263459
8.853970 1.915909 -11.891652
8.886870 46.207228 -23.233134
8.903320 70.303707 -29.107986
8.936070 66.534113 -11.923218
8.952610 18.936785 6.797519
8.985320 -22.326731 15.122431
9.001890 -5.838258 12.240793
9.018220 6.749422 -2.483514
9.037050 19.648032 -6.488018
9.051330 3.379368 -13.696373
9.067660 -5.602093 -13.097731
9.083560 -6.972166 2.868674
9.100650 15.549290 -18.243666
9.116970 25.996109 -29.468750
9.133240 10.640688 -20.313166
9.149690 5.828391 -8.173646
9.166200 -4.056791 9.307631
9.182530 3.614665 2.528620
9.199040 -8.533259 6.591697
9.215330 -13.916379 6.701448
9.231930 -10.066596 -4.901030
9.248320 8.047890 -1.752795
9.264470 24.942506 -2.824986
9.280610 8.680242 -5.748751
9.297700 -7.001389 -7.226008
9.330470 -15.887967 -5.601525
9.346890 -1.518127 -1.564693
9.365230 0.014441 4.798012
9.379700 -8.846241 10.069006
9.395900 -8.323408 3.255865
9.412230 1.586629 -9.885964
9.428830 9.185609 -19.333269
9.445530 14.066950 -6.687082
9.461940 -0.276126 11.909349
9.477970 -14.623453 23.554725
9.494720 -17.204602 16.762749
9.511170 -40.780870 6.588058
9.527440 -43.366603 -3.858141
9.543980 -47.875040 4.682826
9.560610 -30.166976 15.014503
9.576930 -14.104262 13.648410
9.593690 -4.180147 5.724721
9.610570 9.773010 -6.608355
9.626530 5.106588 -4.767154
9.643980 -0.667935 -4.087238
9.659580 -11.020164 8.695628
9.675870 -7.709843 20.495725
9.692630 -14.916050 12.056523
9.710210 -9.242844 -5.676071
9.725010 -0.871022 -16.519890
9.741790 7.047472 3.327836
9.758300 9.252144 17.931418
9.774960 1.266650 11.503997
9.791810 -2.958791 5.989707
9.813050 -5.865704 -2.607396
9.827480 14.316301 1.707099
9.840090 -29.466761 -7.780717
9.856660 -75.355407 -18.431213
9.872830 -77.572079 -19.572059
9.890290 -53.862067 -9.657532
9.906890 -9.236985 10.102912
9.923130 -11.302333 19.749871
9.940670 1.254439 13.441955
9.955170 12.280657 0.701232
9.971410 3.671939 -1.096835
9.988100 5.851149 -0.166530
10.025020 4.769749 6.298523
10.037110 4.317303 8.225249
10.069950 4.821806 8.752831
10.086610 -5.862150 -3.996837
10.103210 -15.239456 -17.073582
10.119260 -17.936989 -18.051653
10.135740 -8.078662 0.374858
10.152590 9.214643 10.817951
10.168430 14.068954 6.138161
10.185330 12.611439 9.088462
10.201570 2.438635 3.905373
10.218020 -5.679932 3.259008
10.234620 -5.674450 -10.251647
10.250700 -7.800838 -20.568730
10.267300 -12.729576 -20.032724
10.283870 -4.669113 -16.994386
10.299770 8.754376 -1.945860
10.316070 16.133497 9.104387
10.333220 12.107251 16.316889
10.352570 3.420349 15.900040
10.365600 -9.856292 3.013064
10.382020 -8.661075 4.469844
10.414730 -6.200009 5.299774
10.431670 8.307983 9.163857
10.464050 3.643056 8.995156
10.480770 30.206967 -8.239307
10.497530 78.463919 -2.133442
10.513460 79.604984 -0.532292
10.530240 43.064687 6.169964
10.562870 -13.271944 9.262361
10.579470 -6.937764 -4.181537
10.595950 8.472924 -13.301468
10.611790 10.005316 -22.870221
10.629520 6.706060 -16.989660
10.644870 -6.029738 1.671444
10.661220 -10.128897 15.362954
10.684570 -12.020794 11.373101
10.695220 3.838053 -0.288900
10.710330 20.089067 -8.068810
10.726930 12.936097 -1.426918
10.743740 1.346418 7.698587
10.759890 -0.001815 6.575087
10.776550 -3.059881 7.996178
10.792690 -56.132751 -4.328951
10.809270 -87.406064 -15.741882
10.825840 -76.205954 -3.003660
10.842190 -30.479983 8.241764
10.858430 -0.415021 18.261078
10.875120 -5.059030 -2.266964
10.891540 2.002141 -13.596075
10.908720 -4.363613 -5.069166
10.924220 2.742585 -2.807406
10.940860 5.794896 2.120919
10.957030 4.402401 -2.910920
10.973510 -2.215436 4.764602
10.990300 -7.481694 10.077371
11.008420 2.334332 19.067543
11.022670 -0.988709 10.009347
11.055540 -4.611196 -1.696372
11.072170 0.169290 -11.964282
11.088440 4.190468 -18.788657
11.104710 6.683982 -19.611303
11.121770 -4.185402 -2.255032
11.137730 -11.535091 13.239636
11.154330 -9.436062 7.892098
11.170500 -3.526315 -0.693553
11.187130 5.606932 -13.111600
11.203430 8.710410 -2.609900
11.219880 5.586063 -3.268317
11.237820 2.970094 -6.609583
11.252870 5.699704 -3.317487
11.269560 7.474284 -3.919716
11.285490 4.707522 3.172718
11.302220 0.714889 3.553412
11.318480 -4.186498 8.722115
11.337490 -5.369103 9.844592
11.351040 -3.369652 3.304657
11.367030 -0.104228 -0.493518
11.384090 0.746115 -6.094898
11.400480 -3.728722 -4.225626
11.416780 -4.071950 -3.263261
11.433320 -0.504959 3.604094
11.450530 3.174618 9.433188
11.466310 6.074460 10.118790
11.482820 0.473278 -4.371718
11.498930 -25.886376 -15.278039
11.515560 35.361955 -5.236428
11.531890 97.409928 13.369160
11.548030 104.961660 24.847764
11.564360 53.356629 13.363230
11.581180 -18.630360 0.172744
11.597410 -9.853495 -0.086384
11.613860 -8.214380 -2.511891
11.630490 3.351922 -5.527807
11.646670 14.908867 -7.408320
11.663450 9.994769 -4.315341
11.679780 2.095935 -6.979854
11.696110 -0.135455 -11.692331
11.712800 -3.738664 -2.980670
11.728940 -10.756142 9.324809
11.745450 -12.662134 19.015400
11.761900 -4.610251 1.673807
11.777980 2.326809 -3.932357
11.794740 -2.178085 4.203581
11.810880 5.347895 6.260671
11.827670 5.163597 0.280181
11.844120 1.905172 -12.641181
11.860470 -4.820898 -16.083550
11.876860 -7.689693 -6.284535
11.893520 1.250318 7.226197
11.909730 -4.515021 10.119120
11.926060 1.935492 7.620710
11.942140 10.592337 0.231649
11.958980 6.593819 4.711227
11.975370 1.812362 5.170175
11.991760 -0.264520 -0.988052
12.008270 -1.316476 -0.900935
12.024630 -11.239049 -10.593017
12.041200 -22.962281 -20.852030
12.057460 -3.819453 -10.739059
12.074220 17.722308 10.355443
12.090580 20.408947 25.890293
12.106570 6.822196 19.003019
12.123230 -1.169227 8.056500
12.139770 -5.125830 7.045091
12.156100 -14.263565 -2.705239
12.189090 -16.911291 -11.035725
12.205570 -7.289421 -6.678033
12.221620 7.664327 3.429081
12.238340 5.696982 10.393649
12.254730 2.234943 8.240134
12.270870 2.807232 -3.457317
12.287720 6.290627 -15.565318
12.303830 5.050599 -12.847282
12.320590 0.644232 -3.040567
12.336640 -0.958541 3.753469
12.353210 -5.447094 1.127835
12.369810 -5.218187 0.328335
12.385650 -0.544616 3.983416
12.402440 0.424737 14.215697
12.419190 -0.112469 10.173369
12.435360 -4.858552 5.179674
12.451900 -1.489925 -20.544750
12.468410 -1.140193 -29.601683
12.484500 -4.525568 -13.408617
12.501250 -3.513575 2.083871
12.517760 5.527655 19.604758
12.533690 10.469172 18.374958
12.550140 16.289661 13.081900
12.566620 2.972552 -4.069469
12.583340 -10.195735 -16.675354
12.601500 -18.040038 -11.690347
12.617680 -11.379037 2.030542
12.633790 5.865439 3.436548
12.654880 8.473037 6.864196
12.681980 10.154869 -2.547995
12.698640 4.386107 -5.607527
12.731200 2.730412 -9.452847
12.747800 2.829952 -4.976781
12.764770 5.241475 9.074049
12.780520 8.211734 6.331224
12.796940 -0.933476 0.489005
12.813750 -14.094660 -7.555568
12.829860 -18.154428 -6.295451
12.846650 -4.847059 3.389930
12.862880 8.250823 0.541341
12.879820 7.753318 -5.772119
12.895630 -0.124756 -0.189402
12.912050 -6.248210 8.521280
12.928380 -5.135622 12.746370
12.944980 3.734354 1.210911
12.961460 10.911667 0.929360
12.977870 9.931636 8.189736
12.994480 0.887430 2.301933
13.010830 -9.128600 -10.081954
13.026920 -6.988044 -17.565985
13.043610 -3.250643 -9.350799
13.060000 3.130084 0.580587
13.077420 -0.675836 -2.810714
13.093930 4.277759 -2.511372
13.126400 5.131766 -7.085943
13.142550 2.156423 7.143855
13.174930 -1.626816 19.122805
13.191960 -11.990854 19.817324
13.208530 -4.018154 10.622079
13.224090 -1.135051 -7.053549
13.240110 7.165687 -5.858786
13.257900 6.741483 -3.615293
13.273470 -2.181487 -1.788426
13.290130 -7.076960 -1.890074
13.307560 -10.111470 -1.368652
13.322720 -4.507649 0.379985
13.339970 -4.401153 2.787772
13.355900 2.416293 3.962269
13.372130 5.957342 5.285952
13.389220 2.020439 5.553207
13.405060 0.596938 4.495008
13.421750 -1.567424 2.219543
13.437100 5.805103 -1.251126
13.453890 9.350586 -5.702086
13.471160 6.733884 -4.258020
13.489720 -1.193649 -2.752755
13.504520 -8.494321 8.609222
13.525360 6.519722 13.226452
13.539950 -0.005444 5.345423
13.568820 -13.943484 -3.293835
13.585510 -17.278733 -4.837802
13.601810 1.527956 -1.237445
13.618040 22.801173 -2.975401
13.634770 9.796826 -10.981217
13.651120 -2.817892 -8.720201
13.667570 -4.711529 -3.732063
13.684200 -3.332868 -1.836179
13.700590 -0.641321 2.149745
13.716740 0.482578 2.449514
13.733370 1.244042 5.432303
13.750000 5.284723 8.434259
13.766170 8.102706 10.638595
13.782440 3.310223 8.160603
13.799010 -1.828088 1.301288
13.815890 0.243803 -4.840448
13.831630 -8.099946 -5.398208
13.848240 -9.619449 -5.311186
13.864440 -9.095673 -3.053066
13.881130 4.754098 -2.043018
13.897370 14.848231 -0.817222
13.913940 8.278496 -0.273447
13.930630 1.104240 1.182487
13.946690 -8.333577 1.666104
13.963230 -8.337320 -1.073491
13.979830 -0.782635 -7.867053
13.996340 3.483445 -5.570880
14.012600 -0.506017 2.568764
14.029270 -1.069573 -1.903731
14.045440 -6.700011 -6.412196
14.061950 -10.952571 -10.251127
14.078130 -5.604210 -1.249921
14.094700 19.202610 5.642118
14.110960 20.562082 3.133874
14.127780 55.618156 -6.274305
14.144230 63.715510 -6.428358
14.160130 42.843720 7.964304
14.177120 14.227841 8.602913
14.193850 -10.306954 8.544081
14.209750 20.459374 0.078374
14.226260 3.546011 7.235743
14.242740 -12.333658 15.629324
14.258910 -13.714698 9.570748
14.275510 7.445969 -5.183005
14.292110 24.083112 -17.497492
14.308230 17.004739 -14.818258
14.324890 10.682235 -7.470154
14.341280 0.547187 4.566648
14.357540 2.649624 6.466942
14.374020 -1.678722 8.548877
14.390320 -11.301123 6.315700
14.406590 -2.802657 -2.458280
14.423550 4.768274 -5.587325
14.455750 -2.851009 -1.965187
14.472630 -3.336800 -3.242184
14.507480 -10.650971 2.205744
14.526340 0.088917 -1.045728
14.554380 0.863575 -6.374085
14.571440 3.550359 4.348799
14.588100 13.210173 7.300341
14.604280 9.452544 14.771287
14.620910 2.432360 -0.459565
14.653440 -7.131625 -15.675160
14.670320 -3.656363 -14.458323
14.686460 -0.460992 -8.589682
14.702670 1.819166 7.968652
14.719570 -0.571722 5.802906
14.751830 -2.449258 6.063119
14.768370 1.141402 -0.687244
14.801540 6.278416 -2.292624
14.818080 3.674245 0.380907
14.850620 1.834855 -1.616651
14.867460 -4.294884 0.512822
14.883640 -9.273239 -2.339336
14.900090 -10.779315 2.861633
14.916440 -12.900070 4.963786
14.932800 -2.095292 3.458191
14.949460 4.460696 2.851260
14.965700 10.976954 -0.903180
14.982390 7.647655 -3.927631
14.998440 2.155137 -9.628636
15.015290 -9.550419 -2.688510
15.031370 -6.938747 7.461199
15.048030 8.565355 11.146302
15.065190 1.288198 5.258307
15.081020 7.554732 -6.450804
15.097260 11.281087 -5.709670
15.113680 10.102737 -8.514806
15.130130 -10.855415 -3.730787
15.146300 -35.384783 0.814032
15.164610 -5.540358 -1.841826
15.179690 23.643112 -3.829811
15.195590 17.844637 -1.666695
15.212250 -4.117467 8.222886
15.245090 -20.333267 12.388936
15.261320 -4.590555 6.590681
15.278320 1.345813 6.104255
15.293880 -1.293378 8.586232
15.310270 -3.805276 0.070884
15.327480 2.654236 -6.411417
15.343630 11.906551 -23.551984
15.359890 13.754014 -18.490846
15.393740 12.639376 -3.441132
15.408910 0.410938 2.426783
15.425480 -10.337311 9.816121
15.441930 -15.072215 2.542750
15.458920 -8.352895 6.951525
15.474910 -1.952731 3.514591
15.493010 -3.653982 -11.143183
15.508360 -9.177859 23.940339
15.540590 -14.641258 56.233034
15.557400 7.780613 46.404148
15.575870 2.904238 -1.328720
15.594150 2.863258 -57.221473
15.608250 2.191014 -41.485192
15.639430 -1.386907 -18.315986
15.656340 15.419399 -4.329896
15.688930 -2.145384 2.320717
15.705380 7.907031 -0.912135
15.738100 5.111691 0.293105
15.754580 -5.584400 -1.425973
15.787020 -2.011479 2.953238
15.803740 -0.132846 -0.338022
15.836610 9.502219 -9.034520
15.853150 -4.436501 -1.723095
15.869380 -7.113063 12.768745
15.885800 0.320774 18.830334
15.902470 2.431036 3.153721
15.918850 2.400301 -4.640981
15.935300 -3.730007 1.080437
15.951200 5.220455 1.067915
15.967220 4.490032 -6.150944
15.984010 -3.022794 -13.697814
16.000400 -2.404913 -14.536907
16.016570 -1.712822 -2.960681
16.033330 -2.587964 8.320350
16.049900 6.735245 11.169929
16.066620 10.261363 1.204886
16.082550 7.121115 -7.755435
16.099400 -4.343501 -7.742204
16.116030 -13.110031 -7.496971
16.132080 -7.969937 -2.516971
16.150150 -2.664594 5.418858
16.165370 3.395813 8.937883
16.181300 3.101541 0.744376
16.198060 0.068502 4.857815
16.214540 -4.465157 6.145675
16.230830 -4.291482 10.101163
16.247530 0.377708 -2.408661
16.263920 -0.470745 -7.298522
16.279510 -4.438996 -0.772801
16.296300 -1.104883 4.936094
16.312650 3.962279 1.721441
16.328890 8.668863 -7.332239
16.345250 3.364927 -9.921429
16.361970 1.309445 -6.286166
16.377990 5.991933 4.061483
16.394650 1.012564 1.560605
16.411190 -6.873194 2.053225
16.427520 -9.410619 6.041547
16.443660 -12.204407 5.766542
16.460140 -0.554710 -0.873102
16.476470 10.239626 -7.323071
16.493130 8.056509 -6.448536
16.509700 6.306164 2.361381
16.525730 11.802251 5.943326
16.542270 -0.423414 4.906890
16.558900 -69.616905 3.609693
16.575070 -92.959031 -0.911923
16.591710 -121.501575 13.515838
16.608250 -99.471584 30.297716
16.624570 -69.780561 28.962366
16.642970 -26.180686 20.914072
16.659790 29.915202 0.450444
16.675380 2.699186 -7.543258
16.694030 8.905782 -3.065400
16.708250 -7.788590 17.836392
16.724550 -18.292294 28.724116
16.739560 -8.357545 51.340176
16.756100 2.912971 36.155586
16.772980 39.721340 37.799572
16.788790 14.883010 6.200090
16.871190 -13.455064 -24.850269
16.887630 -23.663789 -38.847654
16.904240 -17.693276 -55.938475
16.920320 10.576459 -27.534389
16.936800 -10.636757 -14.596140
16.970060 -24.493173 8.771615
16.986180 -20.045142 5.508550
17.003510 3.449723 6.618514
17.020110 19.684322 8.676419
17.035710 21.646950 3.566832
17.068270 15.730177 -6.083959
17.085080 23.471194 2.764498
17.101530 17.438940 12.918802
17.117310 6.723261 31.296362
17.133610 4.991737 -21.104522
17.150390 15.413350 -57.809345
17.166690 3.825124 -34.739923
17.183380 -28.620523 8.827920
17.199710 -27.100390 47.581674
17.215820 -12.059278 7.497680
17.232730 4.891593 -5.825092
17.265630 -5.215730 0.591999
17.281710 -8.212112 -11.352593
17.314510 -2.690566 -3.070929
17.331330 -10.271381 -3.665455
17.363800 0.274312 11.688527
17.380370 11.144993 18.786295
17.413420 11.016233 7.533949
17.429690 1.387965 1.980805
17.446080 -6.700616 -10.738515
17.462550 -3.937630 -10.951895
17.479280 2.251350 -3.311084
17.511630 9.137182 2.259427
17.528290 -4.293297 6.784500
17.544650 -18.798316 -5.701849
17.560820 -25.022870 -21.485396
17.577550 -4.267552 -15.117375
17.593930 19.052838 -0.279047
17.610110 23.526043 17.181344
17.626680 3.585328 4.498694
17.643040 -11.661885 -1.905976
17.659420 -5.404904 1.709462
17.675870 5.650104 12.090925
17.692350 10.311378 11.787077
17.708590 2.201902 4.668555
17.725250 -4.005301 -6.253063
17.742100 -7.992544 -10.635074
17.758390 6.719292 -2.316748
17.774840 6.736720 -2.193174
17.807830 -0.947577 -2.991846
17.823910 -9.230898 3.606787
17.840420 -1.881922 4.714181
17.857030 11.991005 1.420893
17.872920 6.787831 5.530335
17.905980 -5.190174 0.502355
17.922300 -8.331989 1.692001
17.955260 -9.295165 -10.712738
17.971890 10.508374 -0.342370
17.988400 13.004975 4.957146
18.005000 -5.784122 3.591287
18.021090 -23.946614 -1.107208
18.053770 -20.139911 -5.792462
18.070400 18.093378 -4.238480
18.103060 14.215669 -8.597526
18.120000 1.360897 0.027385
18.152470 -6.406535 3.541031
18.168880 -1.295835 3.834064
18.185490 1.011240 2.716840
18.201690 -12.855348 1.835541
18.218260 -12.311732 2.135474
18.234650 2.733664 1.878567
18.250760 11.130212 -2.697749
18.268220 9.435532 -3.807483
18.284270 6.730709 -4.532695
18.300200 7.439013 -2.360649
18.316530 -2.970057 6.518805
18.333650 -9.071327 8.063517
18.349790 -20.423916 6.951336
18.365910 30.636467 -4.655323
18.382420 96.088777 -5.598170
18.398830 95.792680 4.796902
18.415470 53.401668 -4.065665
18.449130 -26.049558 -12.140424
18.464840 -24.872122 -11.679738
18.497100 -4.105294 4.073510
18.514280 12.429641 9.143963
18.530430 13.748532 -8.077457
18.546510 -0.118745 3.552443
18.563080 -2.306508 -0.252253
18.595790 -7.915348 -16.906305
18.612340 4.127826 -0.976025
18.629090 2.005998 7.896138
18.644870 4.066204 19.712872
18.662690 5.029240 6.792864
18.694490 -3.667327 -2.994493
18.711210 2.448691 9.647042
18.743740 -7.455911 -14.138956
18.760280 -5.049011 -11.972245
18.793330 2.515833 7.647386
18.809810 1.701518 8.047923
18.842710 8.276908 5.939191
18.859220 -2.960416 -19.368023
18.875310 -11.132820 -7.177028
18.891880 -0.234843 14.702343
18.908600 5.851754 20.910457
18.941160 5.952125 14.959405
18.957490 0.713074 -7.177477
18.973660 -7.197820 -3.235450
18.990230 0.143356 -6.684885
19.006770 -11.459824 -3.043402
19.039580 -7.344086 -15.162952
19.055970 2.459655 -14.643890
19.089140 4.679774 -6.336658
19.105410 7.661113 5.659839
19.122190 2.082061 30.017796
19.138310 -1.913678 11.343567
19.155060 -1.440552 3.145050
19.187590 2.552730 -5.424057
19.203800 7.975910 -4.834517
19.222320 -0.359675 -0.668767
19.238620 -12.740161 -7.055203
19.254610 -1.994581 -6.999796
19.287810 1.893302 -4.623048
19.303860 5.493064 -3.282706
19.335020 2.574430 -3.108686
19.351560 -0.309130 9.068142
19.368290 0.703812 1.540285
19.384430 -8.646937 1.902502
19.401000 -3.698516 -1.288387
19.433500 4.173494 -0.262791
19.450200 -1.493894 6.125048
19.466830 -0.161011 -4.993486
19.482970 1.930501 -4.506917
19.499660 -0.710617 -8.882689
19.515990 -0.031416 0.858949
19.532260 1.268313 12.914950
19.549010 2.926279 24.147274
19.581420 5.532267 10.741611
19.598330 -6.023651 -21.524355
19.630860 -8.665574 -37.166157
19.647190 4.294960 -20.586072
19.663970 -1.596043 14.293265
19.680270 -6.244921 27.892962
19.696840 -3.774579 10.696600
19.713010 -0.058257 -15.050700
19.729640 7.542105 -25.459278
19.746060 -3.048577 -7.689916
19.763030 -5.987812 4.715267
19.779020 2.683232 1.569537
19.795100 1.478130 1.031197
19.811490 4.749788 5.494586
19.828190 6.847449 16.103231
19.844300 8.562482 8.650807
19.860960 0.007561 -0.309149
19.877380 -7.878451 -1.413663
19.893800 -3.986096 -0.841747
19.910400 -2.288702 -3.727620
19.926700 -0.651755 -5.895007
19.943360 -4.371628 -1.210509
19.959200 1.615323 -1.034434
19.975770 9.697628 -3.214800
19.992310 10.341772 -4.316523
20.008910 -0.760708 -2.254110
20.025180 -17.023489 -3.298726
20.041780 -10.672406 -0.910292
20.058350 51.912831 -3.246485
20.074400 92.940009 -8.405670
20.092530 72.914073 7.181919
20.107700 30.624409 10.853298
20.123750 6.485093 12.204478
20.140410 13.375979 -2.954325
20.156710 -0.799420 -1.688527
20.173160 -8.283448 19.836012
20.195100 -1.719513 1.229223
20.207430 0.350602 -12.201335
20.223050 -2.273504 -12.405806
20.240300 -3.230002 0.382750
20.256410 -7.069588 11.928251
20.272160 -10.776367 4.715409
20.289250 3.633983 -2.739074
20.306520 15.745790 -4.346105
20.321900 17.124271 -1.040719
20.338070 2.187460 -1.879843
20.354340 -1.545195 -1.767610
20.370450 11.886742 -0.824074
20.387240 -2.683270 5.961779
20.403530 -16.344135 6.375337
20.421780 -20.005714 0.568773
20.436580 -6.287375 4.719544
20.468900 15.599908 0.591645
20.485660 8.087244 -5.719570
20.518100 1.411139 -9.806906
20.534640 -5.526332 -1.438283
20.551480 0.259114 7.830099
20.567870 15.802457 7.130387
20.584200 5.970725 1.767965
20.600770 1.320673 -5.066307
20.616760 2.737822 -3.095715
20.635100 -0.553046 -2.195418
20.649660 -5.092562 3.214445
20.666350 -18.577437 1.677328
20.682430 -1.908197 1.519776
20.715480 15.659070 4.145173
20.732030 13.128706 -6.541890
20.750490 0.930414 -3.144270
20.764650 -17.175796 2.470046
20.781490 -9.204057 9.250027
20.797820 3.399594 7.600981
20.814850 12.867634 -3.989229
20.831540 -0.146569 -5.447094
20.848300 -5.153844 -6.941246
20.864720 2.231541 -7.530121
20.879910 -0.546695 -4.292777
20.896640 -4.990641 3.974154
20.912410 -4.483000 8.122657
20.929080 6.407518 2.339738
20.961730 8.967932 -7.242312
20.978360 -9.418029 -3.045718
20.995060 -8.843178 4.841842
21.011570 -4.239047 -2.129709
21.027980 -1.401575 -5.610102
21.060730 3.779644 -0.815875
21.077450 4.036868 7.563129
21.093810 3.975775 7.424836
21.109860 -4.305470 -4.343104
21.126190 -0.449083 -6.556492
21.159150 5.543911 -3.547268
21.179840 6.552158 3.052901
21.208070 2.527552 8.324792
21.224400 -3.252344 4.209465
21.241120 -1.204347 -5.007710
21.257260 4.725820 -7.509589
21.273470 -0.915935 -0.848529
21.306670 -9.544862 8.116939
21.323090 -3.321754 10.226342
21.339690 -2.742132 -1.604435
21.355930 -1.726734 -0.824830
21.372620 -1.945812 0.830760
21.405060 0.633646 -3.011363
21.422610 14.431677 1.107799
21.455200 6.085008 3.519671
21.471620 -6.655931 10.107567
21.510160 -14.827968 3.194361
21.522490 -16.233788 -3.538243
21.536800 -3.325459 0.901644
21.552800 2.003200 1.424768
21.569520 3.245540 -0.718008
21.585940 7.011671 0.197908
21.602200 10.132489 -0.697664
21.620640 -1.007838 2.945559
21.635560 -1.442517 -1.713431
21.651700 8.168712 -9.862313
21.668150 7.953568 -5.628816
21.684720 -0.529607 -5.761864
21.700710 -14.508115 -3.272783
21.717220 -7.388241 -8.872103
21.735050 3.290830 0.380033
21.750210 15.274197 11.229281
21.766360 8.525207 5.021650
21.799350 2.127653 3.988496
21.815700 -10.033026 -2.466573
21.848540 -12.590458 1.615446
21.865260 -5.235804 -7.389701
21.881740 0.760859 -9.767448
21.897860 15.419285 -0.069514
21.914180 6.145798 2.078909
21.930880 -3.104793 2.531455
21.947200 -7.521993 -4.084213
21.963750 -2.435233 5.264001
21.979920 1.682578 7.023967
21.996490 -0.441182 4.164241
22.012700 2.296641 -11.580857
22.029480 5.094982 -5.872277
22.045620 12.422232 3.215012
22.062190 5.409251 7.399861
22.095310 -6.533218 9.014673
22.111420 -11.052146 -4.307284
22.128170 -5.042887 -0.422941
22.144260 6.163717 -7.314991
22.165560 4.374993 0.826247
22.178100 1.501039 3.589704
22.193600 -0.380392 -1.181872
22.210390 -1.397114 -5.412692
22.226620 0.502010 -7.825444
22.242920 2.273126 0.058975
22.259520 -1.906458 -0.074806
22.275700 -4.442625 -2.866004
22.292360 -3.418005 -7.277210
22.308990 -1.858068 -6.801488
22.325350 -0.552706 -0.263736
22.341460 -3.377591 2.061731
22.358280 4.768955 4.483950
22.374570 4.445952 9.995974
22.390590 48.370102 43.684105
22.407560 -150.176628 -93.071962
22.423680 -152.927941 -81.113991
22.458070 -28.639725 -3.269168
22.474300 121.675930 77.805610
22.490450 172.390600 88.594693
22.506070 -14.295849 -42.209007
22.522520 5.957191 2.855324
22.538700 -7.752827 3.113743
22.556980 -3.637763 2.938423
22.573460 2.830406 6.449434
22.589570 7.415725 2.855537
22.637270 4.512034 0.643768
22.653990 1.071463 1.855034
22.670070 -3.501742 -3.539424
22.686460 -4.213453 -3.891787
22.702880 1.421838 -8.730503
22.719570 -1.465730 -10.222444
22.735840 -5.915870 -6.248881
22.751860 -8.917350 -6.466635
22.769650 -0.702035 4.610289
22.785340 9.493146 10.308802
22.802280 11.946056 10.049041
22.821840 3.901413 4.027412
22.834560 -3.889316 0.539498
22.851010 -15.004358 -3.541361
22.867400 -7.363026 -8.160013
22.883850 8.914704 -6.057188
22.900630 12.261453 0.675170
22.917270 5.021338 8.062336
22.934360 -12.380950 8.559226
22.949680 0.501934 -1.602781
22.966370 1.902034 -2.732482
22.982480 -0.401298 1.176958
22.999330 -8.888997 9.946639
23.015530 -3.131936 10.889117
23.031980 12.345679 2.422601
23.049960 8.435006 -2.604300
23.064480 2.091474 -13.478483
23.080570 -4.274016 -13.531526
23.097990 -0.258131 -11.354908
23.114230 3.607860 -0.186992
23.130490 4.423080 6.334626
23.149540 -4.067111 10.782463
23.163390 -11.487231 4.572271
23.179810 -4.105748 10.741185
23.196200 4.187897 3.148051
23.228730 8.364690 -10.145182
23.245850 -3.220740 -9.390493
23.261870 -9.959951 -2.987617
23.278320 -7.226514 11.618945
23.295140 3.096211 4.979569
23.311610 5.780870 0.136263
23.327760 -2.645125 2.394579
23.344270 -7.966535 2.635867
23.360780 -1.243211 -2.279841
23.376890 9.588110 -4.433505
23.393340 13.475100 -0.922531
23.409550 1.212022 6.853564
23.426300 -10.541150 10.537800
23.442810 -15.983760 3.854597
23.460020 -4.185856 -7.162119
23.482570 13.989113 -11.133637
23.492800 9.121833 -0.172083
23.508120 0.711902 12.934159
23.524380 -5.361353 1.092322
23.541080 0.576712 -5.176720
23.574070 4.066620 0.342795
23.591950 -2.257437 1.752016
23.606990 -8.365143 -7.512046
23.623320 -9.526111 -23.642730
23.639620 -0.393888 -2.853150
23.656220 10.898020 9.640213
23.672490 11.094751 0.218134
23.689180 2.691398 10.301714
23.706180 -8.751768 10.681431
23.721250 -8.971410 9.601133
23.738010 -3.182784 -4.936850
23.754910 2.298871 -12.607276
23.770810 2.908321 5.989778
23.787170 1.582017 2.581996
23.820190 0.941302 -2.372959
23.836640 0.475736 -2.990429
23.853030 0.586126 0.687008
23.869570 4.325960 8.266101
23.886170 -2.412059 0.388775
23.903500 -7.445250 -6.658753
23.919650 -8.470428 -8.586138
23.935300 0.152996 5.024226
23.952180 -1.748396 8.984193
23.968380 1.015475 8.625407
23.984800 10.346913 8.100424
24.018190 3.179041 -1.514720
24.036830 -16.679673 -6.420206
24.066560 -13.689256 -19.345247
24.083470 7.838340 -11.684534
24.116240 19.614048 4.203345
24.133760 12.217109 8.452263
24.165100 -5.371522 7.482535
24.181850 -0.119955 0.079437
24.214570 -10.615322 -9.199771
24.231570 -9.768625 0.446711
24.264040 -6.317317 11.968582
24.280850 4.531504 7.264049
24.297270 13.314208 -4.997266
24.313510 5.747905 -13.681724
24.330570 5.452424 -9.437772
24.346590 1.122689 -3.358883
24.362400 1.064432 -0.523974
24.378970 -1.443160 -0.621676
24.395290 -3.834764 1.548626
24.411560 -2.182886 0.992163
24.428160 -2.157973 0.933613
24.444400 -0.572516 1.815835
24.460820 1.489055 -1.087951
24.477330 -0.121920 4.062854
24.493710 0.326180 5.856966
24.510470 -3.356496 6.826179
24.527280 -4.888493 5.153612
24.560460 -2.061949 -1.504513
24.578090 -2.468917 -2.440653
24.592470 0.616105 2.808942
24.608830 0.777418 7.798178
24.625520 65.270701 43.717149
24.642120 -116.637721 -75.995830
24.658450 -278.726478 -176.963090
