0.000000 582.506400 892.006500
0.019350 669.732000 903.441000
0.032710 633.091200 890.977500
0.047420 636.367200 893.067000
0.063420 628.656000 843.685500
0.079960 643.658400 831.411000
0.096250 634.821600 820.197000
0.112550 652.260000 837.228000
0.128300 666.708000 850.626000
0.144530 667.934400 852.967500
0.161070 752.858400 846.058500
0.178470 590.200800 748.618500
0.195680 599.474400 762.090000
0.211120 716.688000 823.662000
0.227600 710.018400 820.333500
0.243900 713.647200 825.384000
0.260310 674.368800 838.288500
0.277400 764.467200 850.857000
0.293880 762.031200 845.502000
0.310060 698.812800 788.886000
0.326660 732.076800 839.475000
0.343020 725.642400 827.400000
0.358760 672.823200 418.057500
0.376590 615.283200 295.197000
0.392580 617.013600 302.746500
0.408330 591.511200 251.590500
0.425480 638.853600 297.192000
0.441890 644.767200 314.758500
0.457400 609.033600 352.044000
0.474730 573.384000 346.993500
0.490540 570.309600 339.885000
0.507080 613.116000 331.600500
0.523620 602.145600 311.241000
0.539430 605.472000 319.924500
0.558350 645.170400 316.165500
0.573360 640.164000 375.322500
0.604860 551.812800 298.557000
0.621460 517.003200 361.158000
0.655210 528.108000 332.083500
0.671510 559.876800 356.454000
0.687930 558.264000 351.813000
0.704350 546.756000 336.115500
0.721250 566.630400 343.077000
0.737000 563.270400 335.380500
0.753420 522.480000 287.626500
0.770320 532.761600 318.570000
0.801570 517.087200 109.945500
0.818420 474.667200 42.273000
0.851320 507.628800 74.550000
0.867860 528.091200 57.655500
0.883910 504.873600 42.724500
1.326290 551.308800 72.576000
1.687380 740.863200 12.736500
1.753300 711.345600 0.220500
2.131350 873.348000 76.387500
2.150020 888.384000 87.129000
2.164430 884.990400 68.208000
2.264710 834.372000 0.934500
2.281370 871.500000 28.423500
2.298580 873.398400 66.097500
2.316960 875.061600 83.118000
2.330630 867.384000 46.924500
2.347600 942.463200 90.415500
2.363770 942.496800 44.971500
2.380190 1011.864000 33.306000
3.022520 489.367200 23.656500
3.038700 501.967200 50.673000
3.055420 502.924800 47.953500
3.073300 502.269600 27.604500
3.234190 532.257600 50.295000
3.251100 542.455200 77.416500
3.266780 564.849600 54.579000
3.284120 571.653600 0.115500
3.363890 550.653600 14.658000
3.380190 577.500000 15.918000
3.462160 661.735200 30.418500
3.478700 707.364000 61.876500
3.495300 631.696800 20.233500
3.514160 690.396000 34.944000
3.530330 710.102400 29.221500
3.546510 708.758400 24.811500
3.562810 690.328800 36.939000
3.578800 707.918400 43.396500
3.595460 712.790400 69.688500
3.612000 714.655200 97.797000
3.627810 732.580800 106.501500
3.644780 733.404000 104.790000
3.661130 705.952800 85.071000
3.677980 714.487200 56.574000
3.693850 710.572800 37.422000
3.710630 713.596800 9.387000
3.728330 715.108800 48.226500
3.742800 717.376800 63.378000
3.758910 824.510400 35.899500
3.775820 828.088800 59.850000
3.792540 829.248000 70.402500
3.808960 826.358400 90.835500
3.825260 809.844000 71.788500
3.841060 807.206400 50.893500
3.858400 859.756800 11.203500
3.907040 839.126400 54.190500
3.924070 818.630400 35.185500
3.957520 824.224800 38.367000
3.972600 833.784000 20.548500
3.990300 832.742400 3.381000
4.005490 849.693600 12.463500
4.023190 880.000800 9.985500
4.039060 880.404000 25.914000
4.072270 997.432800 67.578000
4.087650 996.844800 89.418000
4.104680 961.682400 71.809500
4.121340 1010.940000 59.209500
4.137940 1012.116000 43.659000
4.153750 993.316800 25.998000
4.170290 1007.496000 7.318500
4.187260 1007.042400 2.299500
4.203800 957.583200 23.866500
4.220950 980.448000 41.569500
4.237920 979.910400 45.664500
4.253230 1138.468800 71.694000
4.269650 1131.429600 73.962000
4.285830 1132.286400 72.523500
4.302490 1136.032800 62.884500
4.319210 1136.217600 57.372000
4.335450 1136.116800 54.579000
4.351680 1131.883200 57.834000
4.368470 1086.321600 75.306000
4.384580 1085.296800 85.638000
4.401060 1050.739200 35.847000
4.417970 1033.048800 39.868500
4.450440 1023.153600 39.711000
4.467290 1019.928000 55.870500
4.483340 1019.491200 65.772000
4.502010 1036.156800 71.578500
4.516780 1019.020800 85.081500
4.533020 1018.584000 94.983000
4.549130 998.188800 84.829500
4.566220 1016.786400 100.600500
4.581970 1017.223200 90.741000
4.598020 1124.457600 94.216500
4.614380 1070.949600 100.317000
4.647030 1083.784800 127.827000
4.662900 1088.102400 144.595500
4.679320 1089.211200 139.093500
4.695430 1131.782400 85.995000
4.711910 1125.549600 46.546500
4.728940 1126.944000 25.567500
4.745610 1117.872000 28.455000
4.761470 1088.925600 42.304500
4.777590 1089.177600 45.696000
4.793820 957.919200 93.492000
4.811400 651.403200 71.316000
4.827210 651.000000 67.525500
4.844120 474.415200 36.393000
4.860600 502.488000 64.071000
4.877010 502.773600 64.827000
4.892880 480.967200 54.337500
4.909550 470.030400 61.309500
4.926270 475.608000 76.471500
4.941960 492.576000 95.130000
4.959350 499.548000 104.212500
4.975220 507.292800 123.585000
4.991330 510.031200 156.303000
5.008480 502.168800 131.208000
5.041500 529.720800 131.796000
5.057980 548.637600 161.563500
5.074400 543.748800 146.674500
5.090450 515.608800 102.910500
5.107420 457.195200 70.917000
5.123290 454.843200 66.874500
5.139470 494.810400 57.540000
5.156070 512.500800 119.206500
5.172970 520.094400 138.484500
5.188900 491.702400 138.652500
5.205870 491.988000 131.281500
5.237980 555.693600 109.977000
5.254580 608.092800 103.393500
5.270810 598.701600 69.457500
5.287540 628.118400 59.451000
5.452270 561.741600 0.546000
5.468140 568.932000 23.299500
5.484190 599.793600 38.671500
5.500430 585.715200 28.801500
5.517820 582.372000 17.766000
5.583440 560.044800 31.972500
5.599000 567.033600 31.983000
5.615720 565.555200 24.969000
5.633180 623.246400 21.136500
5.648740 510.888000 23.919000
5.665770 510.031200 24.759000
5.682130 513.492000 68.922000
5.698000 546.184800 115.689000
5.714840 556.080000 141.403500
5.731260 541.514400 142.621500
5.747250 554.400000 124.519500
5.763980 544.068000 95.823000
5.780330 588.436800 108.171000
5.796260 495.213600 81.385500
5.812380 496.692000 86.856000
5.828740 523.773600 78.991500
5.846070 472.147200 129.864000
5.862730 478.833600 143.892000
5.878540 460.908000 73.122000
5.895390 474.062400 47.407500
5.911190 469.963200 37.243500
5.927730 490.560000 108.979500
5.944340 503.176800 99.561000
5.961120 499.077600 89.197500
5.977050 518.632800 47.428500
5.994140 461.193600 37.632000
6.010380 455.078400 20.622000
6.026120 492.475200 19.267500
6.043820 604.060800 25.399500
6.060180 605.035200 31.174500
6.076110 554.870400 38.986500
6.093320 609.403200 55.828500
6.108280 617.030400 83.622000
6.125370 651.319200 128.299500
6.141720 629.815200 140.521500
6.158690 632.772000 146.706000
6.174560 660.576000 93.345000
6.191590 636.770400 68.166000
6.208010 632.805600 59.010000
6.223750 596.517600 80.766000
6.240540 597.912000 119.563500
6.256290 601.641600 131.250000
6.273380 747.969600 171.990000
6.289550 804.266400 155.074500
6.322270 851.844000 138.904500
6.338810 842.268000 132.058500
6.356690 842.200800 126.682500
6.371890 867.736800 122.797500
6.388550 851.827200 137.403000
6.405030 850.903200 127.848000
6.421570 828.408000 106.344000
6.438170 864.376800 129.685500
6.453980 864.158400 135.009000
6.470090 887.157600 86.919000
6.487490 885.007200 130.357500
6.502930 885.847200 134.841000
6.519900 909.669600 176.851500
6.535890 914.625600 143.104500
6.552670 914.222400 133.591500
6.569150 940.430400 127.837500
6.584900 951.552000 113.925000
6.601500 951.636000 122.923500
6.618230 600.969600 134.169000
6.634400 511.761600 134.820000
6.651430 516.717600 149.289000
6.667720 516.012000 147.105000
6.684810 552.904800 217.255500
6.700990 556.500000 226.359000
6.716250 588.621600 202.608000
6.733220 560.683200 201.295500
6.766170 572.409600 203.206500
6.782410 565.202400 200.844000
6.814820 537.280800 178.395000
6.831540 547.310400 213.013500
6.863950 572.611200 195.520500
6.880860 564.446400 199.227000
6.913640 564.463200 201.432000
6.930730 561.859200 196.843500
6.963440 586.538400 173.208000
6.979310 689.102400 230.706000
7.011960 740.812800 174.772500
7.029170 731.337600 170.761500
7.045650 728.750400 156.156000
7.061650 726.667200 136.930500
7.078310 709.161600 109.284000
7.095150 705.028800 90.363000
7.110900 719.594400 100.537500
7.127870 712.504800 114.303000
7.160220 699.568800 104.464500
7.177370 698.208000 134.526000
7.210140 698.560800 114.219000
7.225710 717.360000 120.981000
7.259160 703.399200 109.368000
7.277040 861.924000 157.867500
7.293460 861.000000 147.840000
7.310000 893.760000 121.065000
7.326170 864.460800 116.319000
7.342960 863.587200 106.197000
7.358030 856.027200 87.622500
7.373900 842.772000 94.584000
7.390560 843.813600 104.811000
7.406860 858.076800 113.484000
7.422970 863.167200 112.948500
7.439580 864.057600 123.301500
7.455930 836.589600 122.440500
7.472530 867.568800 112.224000
7.489010 868.308000 126.745500
7.505620 934.416000 202.324500
7.521550 1060.197600 247.138500
7.538700 1062.331200 235.893000
7.554990 1145.793600 214.063500
7.570560 1153.084800 119.017500
7.588070 1156.293600 95.287500
7.604610 1065.472800 153.793500
7.620670 1090.084800 172.210500
7.636840 1087.749600 192.223500
7.653440 1078.224000 202.902000
7.671630 1030.478400 173.628000
7.686280 1029.134400 187.120500
7.702510 1145.188800 228.091500
7.719360 1125.566400 247.579500
7.735410 1122.811200 264.988500
7.751530 946.982400 227.923500
7.768430 693.151200 233.604000
7.785340 690.362400 219.996000
7.802610 625.800000 220.017000
7.817810 611.704800 193.641000
7.834290 605.959200 176.148000
7.849910 641.692800 183.361500
7.866880 626.606400 177.103500
7.882870 627.681600 182.395500
7.899230 614.644800 170.887500
7.914920 596.971200 191.226000
7.933040 598.903200 194.880000
7.948610 516.751200 222.915000
7.966130 525.688800 214.441500
7.981690 518.061600 196.287000
7.999390 497.078400 226.086000
8.014890 516.465600 190.207500
8.031070 518.196000 195.531000
8.047610 541.968000 181.104000
8.064030 526.176000 217.119000
8.080930 535.735200 238.087500
8.096740 526.092000 230.874000
8.113530 534.979200 236.649000
8.129760 536.138400 241.290000
8.145810 511.576800 231.661500
8.162960 554.080800 256.357500
8.178770 550.452000 247.474500
8.195130 575.433600 287.490000
8.211850 534.206400 243.232500
8.228270 525.588000 221.077500
8.245300 521.052000 176.547000
8.261960 512.500800 155.169000
8.277280 512.786400 155.841000
8.294680 537.196800 168.703500
8.310970 528.376800 203.973000
8.326480 533.702400 218.337000
8.344180 634.888800 201.694500
8.360350 624.271200 220.668000
8.376220 626.085600 224.269500
8.392760 660.811200 251.874000
8.409670 652.965600 258.573000
8.425480 647.556000 241.122000
8.441280 644.128800 197.568000
8.458010 618.727200 154.140000
8.474610 622.372800 167.685000
8.491580 599.356800 225.823500
8.507510 648.530400 266.920500
8.524410 656.762400 292.960500
8.541140 689.169600 281.998500
8.556760 645.775200 289.096500
8.590150 669.782400 267.130500
8.606320 667.783200 299.197500
8.638550 756.756000 242.487000
8.656310 729.640800 237.793500
8.672060 727.372800 224.196000
8.688480 805.862400 215.460000
8.704770 801.981600 192.696000
8.721190 799.377600 175.161000
8.738100 775.622400 192.906000
8.753970 772.497600 196.780500
8.786380 767.457600 222.967500
8.803280 778.747200 203.416500
8.820560 780.343200 216.583500
8.835750 772.480800 262.720500
8.852780 750.136800 266.931000
8.868770 751.430400 270.553500
8.885070 784.039200 277.819500
8.902770 785.148000 292.771500
8.917910 784.123200 289.149000
8.934270 872.289600 239.704500
8.950500 883.159200 253.785000
8.968260 884.452800 270.774000
8.983400 903.050400 300.258000
9.000490 870.324000 276.402000
9.017030 869.584800 268.222500
9.033140 876.607200 263.119500
9.050170 854.061600 257.502000
9.066160 853.188000 249.333000
9.082580 896.112000 266.815500
9.099610 894.952800 254.604000
9.115420 895.490400 262.752000
9.131840 865.435200 258.153000
9.148380 891.122400 281.011500
9.164670 891.727200 289.191000
9.180910 872.323200 263.875500
9.197390 922.286400 270.291000
9.230650 1010.805600 327.841500
9.246830 999.432000 320.449500
9.262940 1000.440000 307.734000
9.279850 994.509600 264.432000
9.296080 989.217600 240.313500
9.314510 988.848000 236.533500
9.329830 933.760800 211.050000
9.345760 902.042400 259.402500
9.362000 902.848800 263.182500
9.378540 1018.651200 240.387000
9.395080 950.527200 133.717500
9.410770 949.687200 120.508500
9.428470 982.934400 141.109500
9.443660 976.483200 138.138000
9.460140 977.172000 142.548000
9.475830 949.183200 110.218500
9.492920 963.110400 136.279500
9.510440 962.589600 121.663500
9.525630 964.303200 116.592000
9.542480 993.417600 132.163500
9.559140 994.341600 126.472500
9.575440 976.096800 110.670000
9.592100 978.465600 94.258500
9.608700 978.583200 84.609000
9.625060 1066.766400 118.282500
9.641170 1063.944000 93.103500
9.657900 1061.356800 117.316500
9.674260 1103.289600 176.967000
9.690430 1090.185600 191.604000
9.707460 1089.093600 201.001500
9.723080 1079.349600 174.142500
9.739870 1048.756800 176.547000
9.755740 1050.184800 162.865500
9.772160 1038.710400 183.571500
9.789370 1061.860800 191.457000
9.805970 1062.667200 182.322000
9.821530 1032.645600 164.451000
9.839230 1037.836800 127.848000
9.855590 1037.736000 122.692500
9.870730 1038.256800 170.698500
9.887940 1041.734400 122.535000
9.904240 1041.112800 132.090000
9.920410 1028.496000 137.109000
9.937010 1025.522400 131.365500
9.953490 1024.968000 141.645000
9.971250 1155.655200 155.536500
9.985470 1186.936800 166.141500
10.018980 1164.626400 154.182000
10.035830 1161.384000 159.285000
10.051450 1162.778400 154.465500
10.069460 1137.998400 169.333500
10.084840 871.298400 139.660500
10.100890 871.348800 140.364000
10.117800 502.320000 179.560500
10.134090 497.515200 148.732500
10.167050 550.418400 205.926000
10.183410 564.748800 204.498000
10.215880 526.276800 179.718000
10.232730 523.236000 197.841000
10.248780 528.124800 211.092000
10.264830 496.339200 199.752000
10.281310 503.882400 222.495000
10.297730 511.593600 239.841000
10.314270 558.398400 190.890000
10.347230 549.796800 183.078000
10.363040 574.560000 175.843500
10.380190 557.659200 151.966500
10.396300 551.208000 134.347500
10.413270 634.166400 180.148500
10.428890 822.444000 208.908000
10.445740 822.511200 213.759000
10.462520 861.201600 175.938000
10.478390 834.792000 171.454500
10.495970 834.708000 170.772000
10.510930 852.986400 147.084000
10.527950 904.982400 168.598500
10.560970 873.936000 141.823500
10.577210 879.816000 172.767000
10.593260 880.034400 167.590500
10.610050 890.920800 183.067500
10.626770 906.410400 141.015000
10.643620 905.973600 131.859000
10.659360 903.386400 159.442500
10.675480 966.907200 106.564500
10.692630 967.663200 100.674000
10.708130 958.288800 127.900500
10.725460 958.977600 128.226000
10.742310 958.473600 133.171500
10.758610 954.693600 143.556000
10.775270 952.442400 153.247500
10.792110 953.484000 139.524000
10.807920 939.472800 64.879500
10.825260 925.377600 42.472500
10.840880 923.916000 40.960500
10.857180 958.322400 125.244000
10.872070 975.122400 145.687500
10.889650 973.812000 203.437500
10.905880 921.194400 222.159000
10.922670 907.132800 134.473500
10.939450 906.645600 124.383000
10.954770 903.436800 63.882000
10.971310 882.487200 35.427000
10.988590 882.000000 19.908000
11.004460 901.437600 24.664500
11.020390 901.790400 27.520500
11.036620 901.269600 17.052000
11.054440 942.127200 11.875500
11.070680 890.719200 0.010500
11.218570 969.326400 48.163500
11.234190 968.805600 43.480500
11.251340 1084.675200 48.006000
11.268070 1077.048000 34.524000
11.283690 1076.140800 45.024000
11.300480 1093.948800 75.369000
11.316650 1083.012000 87.286500
11.333130 1081.920000 98.311500
11.349550 1041.616800 69.930000
11.365480 1124.760000 66.381000
11.382200 1125.448800 59.598000
11.398990 1005.916800 109.441500
11.414860 1025.102400 68.596500
11.448490 1145.692800 66.958500
11.464600 1144.987200 69.678000
11.481570 1144.684800 71.830500
11.497010 1092.924000 52.279500
11.513980 995.366400 78.277500
11.548340 521.808000 71.284500
11.564880 502.992000 72.429000
11.580930 501.228000 66.181500
11.600650 559.272000 100.821000
11.617550 537.919200 68.943000
11.629210 534.374400 58.947000
11.645570 527.570400 65.688000
11.662170 521.455200 64.081500
11.678530 509.040000 26.250000
11.842770 624.204000 37.327500
11.859130 622.507200 15.393000
11.876160 625.514400 26.460000
11.891780 669.614400 27.993000
11.908450 680.349600 32.098500
11.940730 595.627200 71.841000
11.958010 680.282400 72.964500
11.974060 677.779200 62.317500
11.990300 626.421600 21.861000
12.007570 611.940000 40.624500
12.022830 609.924000 35.731500
12.039120 636.384000 60.900000
12.055660 640.550400 61.582500
12.071840 648.446400 91.213500
12.087520 814.598400 99.456000
12.105770 846.585600 130.042500
12.121770 846.451200 124.467000
12.138310 838.000800 93.061500
12.153750 882.100800 87.549000
12.170840 881.428800 77.689500
12.187260 859.622400 82.246500
12.203740 829.264800 96.495000
12.236210 818.529600 66.885000
12.253480 847.476000 33.043500
12.269350 845.712000 18.175500
12.285030 648.295200 237.132000
12.301570 649.252800 218.358000
12.318540 656.896800 243.820500
12.335450 694.629600 282.166500
12.351560 717.427200 279.405000
12.367550 719.107200 283.752000
12.384340 677.157600 297.297000
12.401060 675.679200 287.773500
12.417480 673.243200 279.562500
12.433590 684.129600 269.829000
12.450200 675.309600 326.361000
12.482240 696.696000 259.276500
12.499080 720.753600 265.639500
12.515990 716.654400 248.766000
12.532780 762.182400 233.247000
12.548830 808.718400 203.500500
12.565430 808.617600 197.988000
12.582520 763.778400 220.752000
12.597900 773.186400 158.802000
12.614990 774.900000 172.189500
12.630130 778.881600 213.297000
12.647890 812.112000 257.701500
12.663640 814.699200 275.205000
12.679500 736.764000 267.855000
12.696040 689.757600 234.864000
12.713810 688.346400 231.703500
12.729060 681.290400 250.624500
12.745730 674.822400 243.106500
12.762880 676.418400 246.760500
12.778260 669.228000 238.864500
12.795230 646.900800 225.004500
12.812320 645.153600 221.266500
12.827820 625.531200 265.923000
12.844970 623.481600 249.343500
12.861330 619.550400 235.557000
12.877380 660.458400 222.127500
12.893800 637.744800 246.508500
12.909850 636.048000 242.970000
12.926210 655.922400 205.800000
12.943600 645.758400 227.146500
12.958920 650.496000 239.977500
12.975400 710.001600 208.047000
12.991820 724.936800 295.134000
13.006410 723.828000 285.673500
13.023250 729.254400 211.050000
13.039610 697.267200 208.362000
13.072630 709.212000 270.333000
13.088680 733.202400 222.841500
13.121700 723.609600 217.476000
13.138000 703.046400 230.548500
13.154850 716.133600 169.848000
13.172730 715.932000 184.915500
13.189450 771.960000 187.761000
13.205630 769.792800 172.441500
13.221860 876.036000 129.412500
13.238160 882.772800 90.132000
13.255310 882.117600 99.120000
13.271730 862.293600 237.037500
13.286190 846.585600 263.193000
13.302860 846.686400 303.996000
13.318540 861.016800 329.301000
13.335390 868.476000 292.971000
13.351680 868.812000 273.892500
13.368160 833.666400 246.361500
13.384770 874.137600 255.444000
13.401120 874.557600 236.712000
13.417180 975.324000 186.963000
13.434080 957.112800 259.444500
13.467040 940.581600 206.157000
13.483400 1005.984000 243.925500
13.516420 1007.899200 216.489000
13.534670 933.542400 187.698000
13.551030 933.206400 200.917500
13.567930 969.780000 224.794500
13.583130 984.984000 206.629500
13.599430 985.555200 210.882000
13.615540 986.479200 277.704000
13.633000 981.842400 259.759500
13.649230 982.178400 243.211500
13.665040 976.550400 245.742000
13.681820 993.081600 239.431500
13.715270 1123.785600 221.487000
13.731450 1146.012000 245.742000
13.748170 1144.768800 250.593000
13.764220 1082.188800 236.334000
13.781250 1108.245600 198.733500
13.797970 1107.237600 202.303500
13.813600 1128.993600 258.972000
13.830020 1163.904000 222.757500
13.847170 1165.332000 221.445000
13.863040 1164.945600 196.801500
13.880000 1114.394400 225.855000
13.895630 1115.419200 218.746500
13.912480 993.552000 220.059000
13.930420 790.843200 251.548500
13.946110 792.388800 263.791500
13.962590 546.436800 236.134500
13.978880 602.716800 289.264500
13.995420 604.648800 292.656000
14.011410 576.676800 264.285000
14.027400 541.027200 259.056000
14.044130 534.122400 242.823000
14.060790 542.236800 211.438500
14.076600 519.708000 231.126000
14.109860 500.354400 239.232000
14.130070 498.103200 197.043000
14.141660 493.970400 187.687500
14.157410 496.423200 205.044000
14.175780 495.852000 221.476500
14.191160 501.127200 234.171000
14.207150 532.240800 245.280000
14.224850 511.728000 261.208500
14.240660 523.420800 286.891500
14.257020 531.938400 298.819500
14.273070 513.912000 313.908000
14.290650 499.867200 279.688500
14.306030 499.447200 243.600000
14.323060 535.785600 206.010000
14.338440 521.018400 173.050500
14.356380 472.080000 177.786000
14.373230 554.131200 202.020000
14.389830 569.738400 243.904500
14.406310 545.378400 244.692000
14.422120 611.940000 224.374500
14.439090 613.720800 228.070500
14.454590 561.506400 201.043500
14.470890 566.042400 217.402500
14.487490 559.759200 200.938500
14.503910 516.196800 175.329000
14.520080 564.597600 189.157500
14.536800 568.108800 198.586500
14.553280 525.319200 243.064500
14.569400 533.198400 278.061000
14.585690 532.341600 278.229000
14.602660 564.631200 258.090000
14.619690 553.660800 244.629000
14.635930 556.416000 251.401500
14.651550 553.039200 193.987500
14.670350 554.500800 218.232000
14.685180 553.274400 213.580500
14.701230 527.402400 186.301500
14.718080 567.856800 202.135500
14.734310 567.218400 198.639000
14.750550 874.036800 272.569500
14.767400 865.939200 265.492500
14.783080 866.107200 270.879000
14.799500 846.417600 277.126500
14.815920 873.028800 290.745000
14.833860 873.784800 299.050500
14.848820 892.180800 302.295000
14.866150 845.779200 283.615500
14.882200 845.712000 278.859000
14.898010 866.023200 261.408000
14.914550 827.534400 309.162000
14.931210 826.392000 301.129500
14.947200 901.605600 249.249000
14.964420 910.862400 246.477000
14.979550 911.013600 259.087500
14.995610 948.393600 272.065500
15.012390 928.888800 312.711000
15.028750 929.678400 316.365000
15.045840 915.280800 306.432000
15.062130 896.414400 248.535000
15.078130 895.826400 244.818000
15.094540 786.072000 226.138500
15.110470 809.676000 268.810500
15.127320 810.516000 272.517000
15.143190 773.959200 277.662000
15.159360 797.277600 243.841500
15.175720 796.286400 240.187500
15.193970 777.571200 275.215500
15.209170 814.900800 289.548000
15.225770 817.370400 305.959500
15.241460 821.318400 286.912500
15.258360 823.888800 302.431500
15.274840 822.645600 289.747500
15.292480 854.868000 309.424500
15.308720 842.066400 285.285000
15.324710 841.125600 281.526000
15.341920 850.836000 327.684000
15.355960 888.434400 352.359000
15.388550 851.020800 270.837000
15.404850 962.539200 259.413000
15.421020 966.722400 219.712500
15.437620 1093.108800 260.064000
15.454100 1126.944000 188.401500
15.487060 1120.056000 207.721500
15.503360 1124.004000 245.773500
15.521670 1121.030400 264.379500
15.537840 1066.094400 274.879500
15.553770 1069.857600 299.670000
15.570740 1070.848800 291.028500
15.587160 1075.939200 244.671000
15.603270 911.064000 235.431000
15.619690 910.644000 226.474500
15.637020 606.496800 303.324000
15.655580 558.230400 315.766500
15.670720 561.708000 323.788500
15.686770 630.302400 285.978000
15.703670 625.447200 314.160000
15.736210 630.016800 348.390000
15.752810 628.135200 303.009000
15.769170 625.228800 294.766500
15.785220 615.804000 285.169500
15.802060 560.061600 351.550500
15.818480 563.539200 359.320500
15.834530 551.661600 345.649500
15.851500 540.069600 358.533000
15.868840 547.058400 373.212000
15.884460 498.120000 354.847500
15.899840 526.411200 389.728500
15.916200 529.872000 396.490500
15.932500 521.287200 392.448000
15.949340 493.130400 367.867500
15.965580 494.877600 372.078000
15.981630 548.419200 409.311000
15.998960 550.334400 434.469000
16.014830 553.980000 441.651000
16.031250 568.310400 421.470000
16.047790 555.307200 427.087500
16.080440 561.422400 408.040500
16.096440 594.216000 417.102000
16.130310 603.775200 395.482500
16.146670 633.612000 376.404000
16.163510 629.697600 364.497000
16.179930 666.640800 344.221500
16.196900 700.291200 330.319500
16.211490 699.014400 326.917500
16.227600 599.373600 354.385500
16.245240 621.667200 360.948000
16.261290 621.432000 360.360000
16.279300 610.898400 347.802000
16.295650 556.718400 363.835500
16.315980 551.947200 352.390500
16.328190 547.999200 406.833000
16.344240 521.875200 408.460500
16.362370 522.160800 409.006500
16.378050 481.656000 378.892500
16.391850 451.500000 408.523500
16.427920 469.308000 386.505000
16.441710 453.801600 378.651000
16.473630 468.770400 444.822000
16.490230 502.135200 475.597500
16.523620 511.207200 426.510000
16.538390 545.277600 420.777000
16.571290 752.236800 385.287000
16.587650 764.769600 341.397000
16.621030 757.142400 400.984500
16.637150 761.359200 327.495000
16.670100 761.880000 358.018500
16.686400 779.637600 341.859000
16.721250 804.535200 346.447500
16.737550 776.395200 320.134500
16.770630 873.952800 372.960000
16.786740 941.169600 391.083000
16.819820 939.523200 375.375000
16.836360 939.775200 360.391500
16.869260 933.676800 379.207500
16.886050 936.112800 393.162000
16.902470 935.877600 385.350000
16.918270 934.365600 429.954000
16.934750 908.695200 373.170000
16.950990 908.224800 365.410500
16.968080 902.092800 385.371000
16.984380 968.889600 356.212500
17.017210 961.716000 369.400500
17.033870 935.877600 319.116000
17.049620 936.247200 314.485500
17.065730 1078.072800 382.116000
17.083190 1169.078400 386.568000
17.099610 1164.895200 401.226000
17.115910 1157.738400 416.619000
17.131350 1157.990400 418.257000
17.148740 1154.378400 433.996500
17.165220 1127.112000 470.820000
17.180850 1146.062400 402.853500
17.198060 1148.582400 391.965000
17.214720 1080.290400 424.998000
17.230100 833.481600 492.786000
17.244450 833.750400 507.864000
17.261110 674.301600 452.854500
17.277710 695.856000 536.707500
17.310790 675.880800 473.770500
17.327450 701.937600 422.940000
17.343380 699.400800 406.675500
17.359860 721.190400 507.822000
17.376460 726.801600 477.088500
17.409180 728.448000 505.617000
17.426090 576.962400 386.568000
17.458310 522.782400 360.591000
17.475220 538.574400 358.449000
17.508790 498.960000 368.287500
17.524480 541.766400 382.756500
17.557500 432.314400 457.149000
17.573790 479.740800 433.114500
17.590270 472.550400 414.309000
17.606870 479.959200 425.995500
17.623170 419.395200 355.026000
17.639470 426.266400 371.836500
17.655820 494.810400 542.797500
17.671940 578.709600 615.583500
17.688600 584.119200 630.924000
17.705020 611.755200 623.878500
17.721560 477.859200 540.960000
17.754580 525.504000 573.006000
17.770940 571.956000 566.076000
17.787050 576.878400 580.566000
17.803770 480.698400 575.599500
17.819760 541.783200 617.641500
17.853270 543.093600 579.295500
17.869750 500.404800 671.727000
17.886290 486.847200 643.870500
17.902220 481.723200 544.981500
17.918700 481.605600 489.583500
17.935300 468.753600 457.905000
17.951480 425.644800 489.772500
17.968260 518.700000 489.373500
17.986450 524.462400 500.125500
18.002810 505.797600 429.261000
18.019100 535.836000 400.543500
18.035710 543.614400 416.010000
18.051760 584.186400 440.296500
18.068050 558.381600 426.079500
18.101750 553.560000 454.902000
18.118100 578.592000 472.689000
18.150330 550.972800 449.095500
18.166440 556.802400 443.352000
18.200010 503.966400 495.316500
18.216310 516.717600 477.214500
18.248900 478.111200 474.631500
18.265750 478.800000 510.846000
18.297490 485.688000 489.342000
18.315670 502.353600 475.660500
18.348020 510.921600 527.656500
18.364750 492.021600 492.271500
18.396970 474.868800 488.218500
18.413700 524.832000 455.647500
18.446470 519.960000 488.796000
18.463560 528.830400 434.217000
18.495670 521.152800 443.457000
18.513120 519.825600 433.660500
18.545470 559.423200 702.597000
18.808170 535.584000 447.321000
18.841740 486.091200 595.255500
19.086430 574.644000 475.324500
19.105160 507.091200 455.248500
19.137150 515.289600 474.327000
19.153630 475.809600 469.728000
19.186220 501.866400 460.792500
19.202640 548.923200 486.570000
19.235720 491.971200 455.941500
19.251710 559.389600 449.169000
19.267760 554.299200 437.640000
19.285160 550.267200 428.788500
19.300960 512.400000 433.660500
19.316830 504.453600 419.475000
19.332640 547.226400 410.340000
19.350040 511.644000 448.696500
19.366030 518.246400 462.472500
19.382200 484.814400 453.904500
19.399840 491.971200 465.916500
19.416380 496.944000 471.817500
19.433040 509.056800 469.381500
19.449830 514.634400 448.528500
19.466310 509.846400 442.774500
19.482180 474.717600 468.499500
19.498900 489.854400 495.768000
19.515010 500.925600 512.211000
19.530700 530.947200 460.729500
19.547970 492.441600 463.575000
19.563840 484.176000 449.956500
19.579960 468.501600 444.150000
19.596980 465.259200 453.379500
19.612790 459.093600 442.533000
19.629210 467.846400 433.576500
19.646300 505.176000 442.932000
19.661680 506.570400 446.733000
19.677980 521.757600 472.584000
19.694700 510.988800 462.630000
19.711300 519.204000 476.784000
19.727970 486.175200 460.246500
19.744630 589.898400 507.769500
19.777590 576.811200 531.972000
19.794250 542.001600 485.121000
19.809880 536.457600 474.358500
19.827030 584.320800 388.479000
19.843080 588.084000 441.672000
19.859250 586.000800 438.385500
19.876280 580.490400 421.239000
19.893130 549.746400 457.894500
19.908870 553.610400 465.213000
19.925420 467.359200 433.324500
19.942200 451.920000 423.790500
19.973940 488.191200 466.945500
19.990910 502.286400 474.915000
20.007750 506.368800 481.677000
20.025630 503.764800 513.523500
20.041320 539.666400 493.353000
20.072390 556.752000 470.232000
20.090030 507.578400 450.502500
20.105960 512.668800 460.593000
20.121950 470.383200 495.547500
20.138240 655.905600 541.464000
20.155210 657.686400 543.942000
20.171750 645.708000 493.248000
20.188230 630.554400 493.993500
20.205570 625.044000 481.509000
20.222470 604.279200 489.184500
20.238220 580.540800 451.594500
20.270390 560.078400 502.624500
20.286440 586.320000 491.463000
20.304440 590.671200 501.070500
20.320310 548.620800 496.030500
20.336730 541.111200 528.643500
20.355770 537.936000 520.569000
20.369630 522.362400 463.953000
20.384400 515.104800 421.228500
20.400760 505.696800 405.226500
20.417540 516.600000 418.918500
20.434810 542.287200 451.227000
20.450810 549.948000 465.696000
20.467410 563.253600 531.027000
20.484070 540.691200 468.279000
20.500490 535.567200 457.506000
20.516240 556.466400 432.253500
20.533200 489.837600 412.965000
20.549990 481.471200 398.338500
20.565060 540.640800 402.706500
20.582460 516.096000 441.724500
20.598570 524.462400 458.199000
20.614750 540.523200 469.927500
20.631590 589.579200 460.194000
20.647340 593.191200 467.796000
20.664060 525.655200 459.186000
20.679990 537.129600 462.262500
20.697330 538.574400 465.853500
20.714290 566.412000 492.439500
20.730710 649.286400 494.214000
20.746400 653.923200 504.021000
20.763310 689.976000 495.106500
20.778690 686.616000 460.005000
20.795230 682.096800 447.163500
20.812560 643.473600 435.813000
20.829100 627.664800 449.169000
20.861880 657.098400 499.915500
20.877620 703.920000 501.637500
20.910460 666.019200 459.627000
20.926760 648.799200 411.285000
20.959840 612.981600 446.092500
20.975770 602.565600 476.731500
21.008730 632.352000 497.301000
21.027100 579.012000 468.678000
21.043520 580.272000 472.384500
21.059450 632.973600 485.530500
21.075990 648.866400 501.301500
21.092590 650.546400 503.926500
21.109250 624.086400 485.635500
21.127380 671.563200 435.319500
21.141910 671.395200 434.857500
21.158750 896.246400 458.230500
21.174870 842.486400 471.912000
21.191530 842.536800 475.492500
21.207090 865.603200 524.254500
21.225650 906.914400 516.768000
21.240050 907.384800 523.110000
21.255680 926.402400 547.680000
21.272520 903.252000 536.718000
21.289550 903.453600 533.137500
21.305730 689.992800 514.815000
21.322270 721.593600 511.413000
21.338560 718.267200 502.782000
21.355160 801.477600 538.660500
21.371890 798.134400 565.267500
21.387940 799.058400 567.756000
21.404050 749.952000 464.950500
21.420720 761.426400 463.365000
21.437070 757.310400 445.158000
21.455080 753.900000 475.902000
21.469180 780.628800 428.284500
21.485350 779.234400 424.872000
21.502140 720.400800 414.508500
21.518920 801.124800 498.613500
21.535710 804.031200 512.263500
21.551330 1001.246400 532.224000
21.568540 1031.788800 502.645500
21.583980 1030.848000 506.268000
21.600400 1007.294400 534.502500
21.617370 1025.220000 516.243000
21.633360 1025.270400 515.760000
21.650330 1024.380000 489.678000
21.667790 997.029600 459.049500
21.683230 997.365600 451.857000
21.699340 1022.162400 450.187500
21.716130 1027.924800 506.877000
21.749270 1053.024000 521.461500
21.765260 1064.666400 489.153000
21.781310 1064.548800 492.513000
21.798100 1097.073600 451.731000
21.815060 1090.656000 486.916500
21.830990 1089.681600 490.917000
21.847470 1141.660800 470.935500
21.863830 1139.762400 531.415500
21.880620 1139.443200 534.156000
21.896610 1050.638400 514.636500
21.913150 1046.656800 480.490500
21.929630 1046.119200 483.535500
21.946290 1098.165600 571.672500
21.961850 927.444000 544.782000
21.979000 927.931200 547.522500
21.995730 655.788000 560.395500
22.011290 666.489600 500.472000
22.028630 661.584000 488.092500
22.044980 715.999200 729.172500
22.060910 653.889600 539.805000
22.077640 625.128000 564.606000
22.091250 564.715200 669.207000
22.108280 537.129600 684.411000
22.140630 550.334400 633.381000
22.157900 589.209600 696.685500
22.191830 522.883200 629.853000
22.208310 511.156800 654.549000
22.227170 514.096800 660.922500
22.239260 513.945600 562.075500
22.256160 514.550400 602.217000
22.273130 517.540800 609.252000
22.289120 565.555200 800.772000
22.306150 508.502400 641.266500
22.322270 505.428000 634.525500
22.338560 570.393600 572.092500
22.357970 666.926400 835.117500
22.373840 664.356000 831.516000
22.389710 559.171200 534.691500
22.403870 533.836800 610.470000
22.439760 518.212800 605.188500
22.453060 541.800000 664.366500
22.486330 530.611200 618.303000
22.502560 544.370400 630.808500
22.535580 430.886400 621.484500
22.551640 480.060000 624.981000
22.584960 509.325600 678.856500
22.600950 541.968000 701.904000
22.634160 547.092000 654.486000
22.650760 558.583200 642.547500
22.667180 561.103200 648.994500
22.683590 636.064800 650.496000
22.700200 627.228000 653.026500
22.716860 624.926400 645.561000
22.732970 664.524000 630.378000
22.749270 601.608000 644.164500
22.765750 597.072000 630.672000
22.781680 637.308000 541.999500
22.800420 684.566400 606.711000
22.816100 686.011200 610.407000
22.832520 723.391200 621.726000
22.849670 710.673600 618.723000
22.866090 710.841600 619.132500
22.882870 655.603200 553.822500
22.898930 848.887200 648.501000
22.915710 849.912000 655.903500
22.932680 995.836800 765.145500
22.948000 989.167200 795.459000
22.965210 989.553600 797.002500
22.980830 936.348000 726.285000
22.995240 961.144800 610.113000
23.012450 962.052000 604.243500
23.028380 980.095200 691.624500
23.045230 1024.010400 648.007500
23.077820 921.463200 619.353000
23.094850 872.810400 663.957000
23.110170 873.012000 658.087500
23.126650 883.629600 631.291500
23.143490 865.670400 619.699500
23.159610 865.502400 626.986500
23.175540 864.662400 795.889500
23.192380 889.072800 646.611000
23.224790 903.453600 572.733000
23.242370 903.789600 533.337000
23.276370 879.933600 515.140500
23.293400 874.792800 499.191000
23.310120 870.021600 526.176000
23.323490 897.136800 530.565000
23.340390 877.917600 592.336500
23.357300 878.203200 584.934000
23.373720 867.837600 663.558000
23.389950 918.304800 499.779000
23.406190 917.649600 507.948000
23.422730 905.486400 683.119500
23.439210 903.890400 633.549000
23.455570 902.882400 646.821000
23.471980 895.356000 658.728000
23.488460 921.698400 759.874500
23.504940 921.043200 765.124500
23.522890 1074.981600 731.976000
23.587040 1256.589600 507.759000
23.619510 1219.041600 526.995000
23.636470 1240.344000 459.889500
23.652770 1239.117600 465.780000
23.668760 1123.920000 631.417500
23.687740 1152.715200 649.866000
23.704100 1153.924800 647.010000
23.721070 1147.507200 628.120500
23.737120 1099.207200 606.868500
23.753360 1100.383200 601.293000
23.770140 1105.003200 600.642000
23.786190 1099.963200 674.488500
23.802430 1097.964000 681.933000
23.818540 858.496800 742.402500
23.835450 661.701600 674.898000
23.849670 663.432000 681.334500
23.866090 599.020800 812.458500
23.882870 650.412000 668.808000
23.899110 646.816800 656.103000
23.915410 696.192000 815.346000
23.932010 535.180800 690.448500
23.966670 596.551200 774.427500
23.980900 724.718400 819.157500
23.997190 726.919200 828.796500
24.013610 590.268000 713.706000
24.030520 616.005600 701.757000
24.062990 597.391200 725.487000
24.080020 588.604800 729.865500
24.113650 565.504800 786.387000
24.129390 587.344800 866.103000
24.162170 534.592800 846.405000
24.178590 552.132000 873.652500
24.211610 555.727200 874.608000
24.228090 495.096000 860.328000
24.243770 481.387200 840.105000
24.260440 528.914400 779.509500
24.277220 489.585600 738.034500
24.293760 483.772800 727.555500
24.309810 443.116800 774.228000
24.326720 586.790400 738.706500
24.343140 591.780000 750.855000
24.359440 565.555200 766.164000
24.375730 608.731200 835.054500
24.408390 621.751200 713.874000
24.427310 601.876800 710.419500
24.459660 730.548000 664.734000
24.473750 751.497600 711.480000
24.506960 731.908800 782.691000
24.523380 691.790400 648.879000
24.539980 694.444800 661.006500
24.556340 705.146400 758.352000
24.572390 689.287200 808.132500
24.589230 692.126400 818.023500
24.604920 732.967200 788.980500
24.621340 763.560000 725.382000
24.654540 747.516000 840.147000
24.670470 724.281600 744.964500
24.703740 718.300800 767.655000
24.720520 721.694400 799.869000
24.753050 680.282400 836.923500
24.769350 631.428000 778.470000
24.802550 655.351200 730.716000
24.818660 643.490400 781.189500
24.851500 738.259200 803.365500
24.870540 697.216800 728.689500
24.886960 694.982400 724.374000
24.903020 537.348000 715.995000
24.917050 504.604800 768.967500
24.933530 494.944800 751.705500
24.949950 494.608800 734.212500
24.966980 470.534400 766.090500
24.983280 467.325600 760.798500
24.999690 570.712800 803.680500
25.015930 574.156800 822.937500
25.032780 576.878400 828.429000
25.049440 562.044000 801.454500
25.065670 570.712800 819.966000
25.098510 574.996800 826.770000
25.115360 594.636000 822.990000
25.147520 581.364000 945.294000
25.164310 680.517600 936.726000
25.198430 639.626400 859.498500
25.215330 548.116800 824.575500
25.232120 552.568800 829.720500
25.247800 499.060800 762.058500
25.265200 576.643200 884.824500
