0.000000 43.648487 37.543089
0.015080 19.257839 17.086128
0.032840 -21.406494 -17.808300
0.066770 -43.981803 -37.655126
0.081420 -14.126528 -12.982642
0.098690 7.304845 6.481048
0.114070 0.000000 0.000000
0.131350 0.000000 0.000000
0.147400 0.000000 0.000000
0.163450 0.000000 0.000000
0.181520 0.000000 0.000000
0.197020 0.000000 0.000000
0.214290 -9.510498 -9.052548
0.230470 19.859610 18.095764
0.245850 44.666381 42.101206
0.262210 39.947571 46.856886
0.279170 14.500554 26.367020
0.311460 -12.036142 -6.715601
0.328250 1.643601 -1.717164
0.360840 -1.763442 1.943095
0.377620 -1.647986 0.610217
0.410280 -0.441409 -2.914748
0.426700 1.105526 -6.204839
0.458980 1.075206 0.651637
0.475520 0.190763 6.655846
0.508240 4.565415 2.556548
0.525570 -0.373171 -1.521407
0.557310 -3.001888 -4.581935
0.573790 -5.171914 -5.277800
0.606570 2.279288 -0.064599
0.623110 4.638037 3.247973
0.656010 1.612526 1.591416
0.672850 -0.501103 0.921515
0.705260 0.208456 0.186236
0.721980 0.870115 1.186716
0.738590 -4.158599 -0.791018
0.755490 -3.637007 2.326176
0.771120 -0.311398 0.029204
0.804810 0.938693 -1.455768
0.824830 -1.096717 -2.243289
0.861450 -2.461356 0.091535
0.871340 1.590485 4.340978
0.902770 3.823120 3.590177
0.919250 0.998047 0.542570
0.952820 -1.870657 -3.656406
0.972600 -4.708089 -0.921303
1.002140 0.498834 0.576192
1.017820 2.045012 0.617022
1.049990 1.111839 -3.728069
1.067320 -1.946417 -7.196261
1.101200 1.341843 -1.296066
1.117920 5.974278 -0.039860
1.150390 4.031575 4.006501
1.167050 -0.383416 4.110960
1.199950 -0.336085 0.156346
1.216060 0.697990 -0.698893
1.248780 -0.701052 -1.184448
1.265080 -4.565226 -2.839021
1.298520 -2.119639 -1.941961
1.315000 4.461792 0.908449
1.348630 0.088728 3.479220
1.364440 -5.156490 7.027417
1.397830 -2.766062 1.580689
1.413700 2.826096 -4.888247
1.446720 -0.622154 -4.286728
1.463010 0.083511 1.173603
1.495000 -1.211984 4.696129
1.512270 3.929464 3.070267
1.544560 -1.082313 -5.674016
1.562010 -4.309250 -5.384504
1.594240 2.032763 -3.127849
1.611270 3.893323 0.231436
1.643800 0.949656 4.070674
1.660030 -3.825728 -1.754686
1.692570 -2.260764 -1.596922
1.709530 -2.315430 -2.178902
1.742370 4.635164 1.644934
1.758970 0.206150 5.333137
1.791500 2.820614 2.648768
1.807680 4.038266 -3.048530
1.840390 -1.055812 -4.366874
1.857850 -4.118904 -6.425901
1.890560 -14.256572 -5.896023
1.906430 31.630096 57.649060
1.939090 30.921728 40.622433
2.217900 2.271463 -7.311470
2.234380 -30.097465 -53.501739
2.251830 -30.991239 -41.395176
2.286680 11.003342 20.449395
2.301270 4.724572 2.640664
2.334470 3.598749 -0.917877
2.350650 -0.779459 -3.689887
2.387020 -1.738604 -1.822403
2.400510 -3.027595 -2.166403
2.432250 -5.871450 -2.242816
2.448790 -2.703760 -2.181667
2.481260 2.370965 0.523053
2.497990 2.719411 3.251565
2.530330 2.414969 3.260165
2.547850 -2.792979 0.520288
2.580200 -1.660689 0.412663
2.597050 -10.124285 2.316252
2.629580 16.859501 -1.599473
2.646730 48.387144 -1.457304
2.678590 47.978957 -1.994510
2.695740 20.314480 0.040522
2.727910 -9.330323 2.727544
2.745060 -0.392716 -0.554904
2.777710 1.459567 -1.204248
2.794130 -2.493830 -0.199869
2.827640 -2.927035 2.527533
2.843510 -0.037767 2.448214
2.876650 -2.710036 -1.219299
2.893010 -3.265879 -2.723574
2.924800 1.544401 1.290419
2.941160 5.761477 0.334005
2.975040 4.230730 -0.945214
2.991580 -0.977594 -0.528511
3.023740 -1.220755 0.904078
3.040100 1.818183 2.322915
3.073790 -0.693983 0.041680
3.089170 -0.974834 -1.257127
3.121090 -4.628813 -2.265877
3.140750 -6.355953 -1.226269
3.172360 0.030924 0.224655
3.188540 -1.393182 1.183030
3.221740 3.731254 0.887822
3.239320 3.081543 0.429770
3.276920 2.469068 1.056195
3.289180 2.134194 -0.456517
3.303830 -3.673602 -2.260064
3.319820 0.317674 -0.369306
3.337040 0.966442 2.097622
3.369570 -2.560026 4.776204
3.387330 -6.095896 2.305005
3.418090 -2.536285 1.170484
3.434880 6.054575 -2.588375
3.467710 4.763700 -3.542023
3.484860 -1.645075 1.363855
3.515930 -5.066855 1.286922
3.533630 -1.949479 1.495085
3.566350 3.796203 -2.016271
3.583310 4.840708 1.135703
3.615170 1.798374 -0.308038
3.631530 -3.040751 -6.106925
3.664250 -2.843259 -4.378759
3.681460 0.012740 -0.358177
3.713810 2.314447 3.437469
3.729860 -0.674249 1.684274
3.763310 -2.556624 0.524825
3.780400 -1.603641 2.188117
3.813170 -2.502563 1.721417
3.828980 -1.140684 0.807298
3.862120 2.589665 -0.712101
3.877440 5.161404 -1.650675
3.912780 3.934719 -1.474883
3.929570 1.178073 -1.260317
3.960570 -2.595601 -0.159725
3.977110 -3.276199 -1.348639
4.010130 -0.958919 -0.395911
4.026490 -1.677436 2.027825
4.059080 0.457136 2.511348
4.075130 0.028694 1.492439
4.108220 1.444975 -0.576570
4.124330 3.115038 -0.411836
4.141540 0.026652 -0.225293
4.156430 -17.541952 -9.877954
4.174130 36.897090 21.774458
4.207090 82.848375 42.883732
4.222530 82.688745 36.320658
4.271730 36.227095 16.383115
4.303710 -17.336911 -8.430195
4.320070 0.480045 8.724123
4.352480 1.299086 4.068217
4.369320 0.863159 -1.291530
4.401490 3.957591 -7.016619
4.418820 -3.970142 -11.125250
4.451050 -8.434779 3.689320
4.467470 -7.753961 6.205713
4.500490 1.420326 3.882951
4.517030 15.499352 -3.025020
4.549680 5.525274 -5.724390
4.566590 -3.892832 3.540180
4.599060 -10.696449 2.994327
4.615480 -9.100625 0.312244
4.648380 7.049627 -4.189877
4.664670 6.191352 -8.779672
4.697940 3.375512 -3.569502
4.714230 -3.844669 -3.719422
4.747010 -4.260822 2.447387
4.763790 8.094313 7.020825
4.795900 1.450797 9.554989
4.812680 -6.128521 7.187282
4.845640 -4.254585 1.357570
4.862240 2.604863 -0.319805
4.894960 3.425452 -4.923193
4.911130 -6.417688 -3.917164
4.943970 -6.427970 1.079138
4.960750 2.305449 7.701210
4.993160 8.338756 1.814110
5.009890 4.700944 -4.759026
5.042480 -1.916627 -5.136505
5.058840 -4.779162 -4.580234
5.091370 -5.391294 -1.450948
5.108580 0.139538 -5.524451
5.140930 2.467291 -3.094250
5.157960 3.569375 -0.586163
5.190370 -3.495088 0.730129
5.208560 -0.685552 9.952428
5.240910 3.913586 11.398028
5.257630 4.696521 9.706134
5.289180 -0.665251 -8.242355
5.305850 -5.548297 -16.964970
5.340880 -1.099137 -9.008978
5.354740 0.425947 3.942351
5.387450 1.468187 13.808082
5.404170 1.376170 6.274281
5.436650 1.053657 -0.195687
5.454220 -8.672379 -5.244225
5.486150 -0.582232 -6.983162
5.502750 7.894026 -6.269933
5.535280 8.408089 -4.054324
5.552000 0.484468 -3.395790
5.584780 -9.072007 -0.015146
5.601500 -0.941717 4.612675
5.634460 0.401903 5.747427
5.651060 -0.835032 5.445676
5.683290 2.220918 2.072009
5.700200 6.940599 -0.701775
5.733150 1.306458 -4.147063
5.749080 -5.835725 -6.695825
5.782040 -7.853424 -2.900099
5.798950 -10.770696 0.118778
5.831480 13.904018 3.855188
5.848020 56.320943 19.797265
5.880980 76.439668 15.405908
5.897090 55.479456 4.875748
5.930050 12.256349 -6.413354
5.946590 -0.616369 -4.867573
5.979250 -2.935238 7.350220
5.998290 -11.652321 1.091283
6.028320 -1.755050 -2.078554
6.044800 1.146960 -5.978626
6.077820 7.650982 -6.536242
6.127080 -2.251426 -2.396351
6.143370 -11.541215 3.999507
6.176270 4.882369 6.756973
6.192930 9.786279 6.275344
6.225220 12.777473 3.217753
6.241460 -1.991027 0.256411
6.274660 -10.378631 -6.501250
6.291320 -3.007105 -0.986941
6.325440 6.133209 4.845575
6.339970 12.109671 6.513087
6.373170 5.545461 2.107570
6.389590 -6.492314 -3.712522
6.422240 -11.152024 1.506356
6.438720 -1.934244 1.109004
6.472110 0.370941 0.393312
6.488530 3.511269 -1.885750
6.521240 6.175020 -5.746104
6.537660 9.734676 -0.885223
6.570370 6.433263 4.526150
6.586670 1.669346 8.112096
6.619630 -2.002557 -0.181534
6.635620 -8.777134 -9.851680
6.668700 -7.848056 -6.544370
6.685490 -0.571684 -1.974497
6.718510 3.193936 2.656306
6.734620 -1.502476 -1.671681
6.767400 -2.937431 -1.867509
6.784060 -0.798210 -0.437850
6.816830 4.406144 -0.057463
6.833190 7.547284 0.304612
6.865970 2.057488 -1.098040
6.882870 -5.513025 -1.691103
6.915280 -9.197933 -1.750267
6.931640 1.616344 -0.133262
6.964360 2.098544 1.412671
6.980960 -6.496056 1.681817
7.014040 -11.439863 4.857413
7.030580 -8.959389 7.070845
7.063290 1.918101 5.057754
7.080020 -0.062983 0.141272
7.112300 3.938500 -4.251215
7.129210 4.901687 -4.132910
7.161680 5.118345 -3.460459
7.178530 4.154100 -3.035771
7.210880 1.874361 1.766003
7.227840 4.565490 5.761226
7.260560 1.636002 9.849459
7.276920 1.476201 1.605971
7.309390 -3.775524 -2.234334
7.326350 -9.124933 -0.076342
7.358950 -9.382909 4.127641
7.375120 -6.031514 1.955216
7.408080 12.767001 -7.704683
7.424680 9.550003 -5.818595
7.457090 5.854816 -2.089825
7.474120 2.536776 1.627142
7.506590 4.828724 0.991147
7.556090 4.629871 0.600127
7.572810 -13.156983 -1.183101
7.605770 -15.890538 -1.209872
7.621280 -12.186186 -3.735276
7.637940 3.596708 -4.243347
7.654720 12.326740 -3.057792
7.671200 11.987754 -1.940921
7.703920 -0.123546 -0.360043
7.720090 -10.996234 1.220953
7.753420 -10.262762 3.564257
7.769590 -8.326772 4.310261
7.803340 1.974657 -1.601269
7.820620 7.413268 -5.739536
7.853030 6.144437 -5.124148
7.870790 0.086422 -3.725872
7.901000 0.962434 0.961754
7.917420 8.452963 5.386181
7.950320 8.996890 8.864188
7.968870 0.167891 8.705339
7.999880 -4.684575 6.225820
8.016600 -1.780001 1.856451
8.048890 -1.080196 -3.648703
8.065800 -2.445591 -8.774285
8.098450 -4.041329 -8.588312
8.114810 -4.986709 -6.364870
8.147890 -3.521438 -5.616742
8.164060 -1.360972 -2.931453
8.197390 -2.863107 -1.069450
8.213810 -0.556449 -0.466440
8.246280 8.225457 -1.046767
8.262450 9.433756 0.788277
8.295960 2.778349 0.114383
8.312190 -5.795123 7.629121
8.345280 -5.787600 5.583001
8.361510 0.298771 -1.116281
8.393980 0.048352 -5.496169
8.410340 1.944565 -5.325079
8.443540 8.658656 4.066563
8.459840 6.392056 4.030318
8.492920 -5.149647 3.349692
8.509160 -9.619563 3.290574
8.541810 -2.793433 2.552295
8.558650 7.630152 0.362264
8.590880 7.078056 0.415168
8.608030 1.368080 2.404006
8.640930 -4.035809 1.708942
8.657100 -7.174798 -1.472355
8.689640 -7.879660 -2.728843
8.706300 -0.047294 -4.980396
8.738830 9.761253 -0.389673
8.755740 0.545674 1.306864
8.788450 -1.982785 2.243667
8.804630 0.184450 3.654067
8.837710 2.993874 -3.433949
8.854060 -1.584361 -4.714700
8.887080 -10.657776 -2.426831
8.903380 -4.927621 2.291986
8.936220 -2.969111 0.591621
8.952580 -0.016445 -0.756923
8.986570 3.980350 0.125559
9.003600 9.686779 2.174649
9.036010 4.062461 -3.713231
9.052550 0.108689 -2.820425
9.084290 -3.211931 6.748633
9.101140 -6.391035 10.399508
9.133910 -1.556083 8.141725
9.150510 1.781286 0.299792
9.183780 8.177974 0.153369
9.199220 1.240791 -3.764858
9.231810 -5.078272 -5.050098
9.281310 -6.196418 -3.318975
9.297850 -7.503847 -0.739131
9.330510 1.278520 0.377245
9.347410 8.293958 -1.584257
9.380190 13.639091 -1.612516
9.396420 36.046131 5.167907
9.429320 -102.904024 -13.686733
9.445980 -199.514157 -33.357116
9.627080 -185.373012 -30.867380
9.646850 -71.244715 -13.647724
9.677860 40.396743 1.978301
9.694950 -1.112028 -3.413062
9.729060 -2.137861 1.062622
9.743770 -5.689724 7.768596
9.777160 -8.521804 5.599470
9.792970 -6.482220 1.009766
9.829160 -0.268527 1.415057
9.842160 -0.714473 3.317014
9.874760 2.785796 0.526503
9.890690 1.603339 -3.663518
9.923950 2.882576 -1.445632
9.940670 3.638822 3.134866
9.973690 0.446361 3.109702
9.989990 -1.185445 -1.647816
10.022520 -4.761054 -5.707142
10.039310 -3.955966 -2.982820
10.071590 -3.649559 -1.597016
10.088130 1.435675 -1.083604
10.120300 4.991548 2.340707
10.138000 3.924663 4.130878
10.170170 -0.071716 2.812274
10.186830 -4.775949 0.116817
10.219540 -0.541138 -3.075867
10.237060 1.715846 -3.893536
10.268620 2.464191 -3.564422
10.285830 0.951320 -5.134804
10.318120 -1.000428 1.806053
10.334720 0.803654 2.117399
10.367310 0.207926 1.623456
10.386600 0.896087 0.661182
10.416630 -2.103609 0.472678
10.433960 -4.222148 5.148745
10.466060 -1.653241 2.080917
10.485050 -1.946909 0.477687
10.515320 -1.082200 -0.044113
10.532100 -0.715531 -0.626236
10.565120 2.786061 0.695254
10.581180 1.114410 2.282842
10.614200 -0.713679 -0.644099
10.630800 0.016596 -2.860498
10.663640 4.254585 -2.363957
10.680050 2.954708 1.501937
10.714360 0.094021 3.159014
10.729000 1.486258 1.877811
10.761900 0.507529 -0.084706
10.778320 0.781614 -1.657244
10.813290 0.692622 -4.017677
10.827760 1.042127 -3.249438
10.861390 -3.308636 0.119061
10.876950 -4.916544 2.685061
10.909970 -2.923670 3.581529
10.926330 -0.135644 -2.036308
10.958440 0.844068 -3.263568
10.975400 4.256588 -2.362846
11.007870 5.003381 -2.415135
11.025880 3.203501 3.766559
11.056760 -2.314787 3.821518
11.074160 -3.240360 4.057774
11.105650 -1.171986 -1.266342
11.122800 -1.900560 -6.842010
11.157040 -0.742637 -0.110508
11.173280 -1.400063 2.232892
11.205630 -0.545901 3.866080
11.222530 -1.066246 2.294420
11.255250 0.484317 -0.207832
11.271000 0.226035 0.426603
11.303710 2.511712 -0.691355
11.319640 3.535540 -2.361358
11.352840 0.720484 -0.995944
11.369260 -1.727868 1.253536
11.401490 -4.201167 3.094699
11.418090 -3.070239 1.692450
11.452700 -0.709823 -0.135176
11.468080 0.500611 0.825113
11.500920 1.581677 1.212589
11.517580 2.216079 1.543806
11.550290 2.216457 1.161647
11.566650 2.900987 -4.211922
11.599060 1.876516 -4.742841
11.616270 0.878092 -1.975702
11.649350 -1.195199 2.433825
11.665770 -2.821484 4.654473
11.698000 -4.332613 1.101112
11.714540 -1.409665 -0.943041
11.747560 1.701669 -0.541979
11.763430 0.717573 0.368242
11.796880 1.410799 -1.288600
11.813170 2.014352 -4.122538
11.846370 4.664916 -5.550489
11.862370 -0.813295 -0.647714
11.896000 -2.341968 7.315959
11.913090 0.510781 3.520498
11.945250 1.079327 -1.258876
11.961490 -0.417554 -3.086027
11.995610 -3.425377 -0.235524
12.010560 -0.301796 4.072092
12.042480 0.905992 -0.802596
12.059200 0.165472 -3.215532
12.091920 -0.013156 -4.201124
12.108950 -0.344893 -3.406044
12.141660 -1.097624 -0.136003
12.158450 -0.393661 3.866789
12.190980 1.156108 5.029046
12.206670 2.466800 5.883666
12.241760 0.147817 -0.809802
12.256530 -3.232573 -1.413238
12.289310 -1.950387 0.033977
12.306030 0.942814 1.810377
12.340760 1.220301 1.051729
12.355350 -1.140419 -3.114286
12.388850 -1.923697 2.931595
12.404660 0.360809 2.454216
12.438420 1.597101 -3.707442
12.459170 -0.998840 -8.039511
12.486330 -2.133664 -4.807085
12.503170 -2.036922 2.830373
12.537170 -0.398916 2.645082
12.554140 1.744351 -1.830602
12.585450 0.044269 -2.410244
12.602480 -1.095659 -1.002890
12.634830 0.350186 2.371423
12.651430 0.521593 6.668865
12.684080 1.748925 2.554611
12.699890 2.844091 -3.112018
12.733400 0.271514 -5.857651
12.749270 -0.421221 -1.150494
12.782840 -2.328964 6.402864
12.799130 0.699502 5.531682
12.832400 3.326517 5.115122
12.848080 -3.534972 -0.526243
12.881290 14.983415 -5.452008
12.898930 34.758164 -4.331692
12.931400 35.079808 -0.819537
12.946720 16.137429 1.920011
12.977050 -6.169992 -1.379190
12.994140 -3.440423 -3.309878
13.026430 -3.152767 1.485208
13.044920 0.182295 1.782756
13.077330 3.874988 1.052155
13.093870 5.656153 -0.493140
13.125670 3.533158 0.378190
13.142030 0.869246 3.068283
13.174500 0.793069 1.390295
13.190980 -1.227786 0.782701
13.226500 -1.286951 -0.802147
13.240660 0.668767 -1.248267
13.273320 0.857640 -2.624290
13.289980 0.277412 -2.315094
13.322510 0.646991 -1.965069
13.339110 0.409766 -0.663829
13.371950 2.456025 -0.966716
13.388610 3.622188 -1.386822
13.420780 3.776582 0.392012
13.437560 -2.446990 1.915191
13.470210 -6.905857 2.490555
13.487180 -5.266804 0.370133
13.519290 -0.831781 -1.036891
13.535950 1.533324 -0.551950
13.569030 0.048617 0.796618
13.585690 0.469989 1.867273
13.618100 0.953437 1.775336
13.635130 1.243929 1.567056
13.667240 0.438914 -2.640806
13.683470 -0.226980 -1.759931
13.716430 -0.313742 0.572105
13.733400 -0.205318 3.662455
13.765750 1.667191 1.628772
13.782590 5.184919 -3.014458
13.815060 1.509999 -3.066298
13.831790 -4.675880 -2.178808
13.864380 -7.047737 -0.307566
13.884400 -2.776799 -0.384782
13.914310 3.699234 -1.524927
13.930730 4.458616 1.033961
13.964660 2.393723 2.988397
13.984310 -0.513351 0.890303
14.012270 -1.847671 -1.904983
14.028810 -1.571923 -2.997611
14.062810 0.964816 2.400438
14.079960 -1.345132 4.560127
14.112430 -1.829827 0.770603
14.127690 2.756006 -1.677540
14.160460 3.655229 -7.808574
14.176820 1.898481 -5.268349
14.209410 -4.634446 0.210502
14.226140 -5.974959 1.386207
14.258610 -2.495418 5.685735
14.275450 -0.909508 4.514785
14.311040 1.481230 2.370691
14.324710 2.773358 -2.796419
14.357480 2.368923 -5.615726
14.373840 3.761498 -0.499212
14.390260 1.385621 2.408306
14.406800 2.660058 2.534007
14.422910 -2.691776 3.256645
14.455690 -5.356287 2.572474
14.472660 1.674601 -3.287597
14.505070 1.596232 -4.305158
14.521790 4.069153 -3.273586
14.554080 0.137874 1.658969
14.570430 0.667973 4.370654
14.603640 0.090051 0.497889
14.619930 -5.026518 -0.225576
14.652710 -3.621583 -1.359744
14.669740 -0.453355 -0.120148
14.702450 1.386302 -0.366210
14.718870 -0.992149 0.243179
14.751530 0.193561 1.072309
14.767940 2.900874 1.917081
14.800600 -0.977594 -1.844921
14.816890 -2.509784 -1.514200
14.850100 -2.455685 0.176336
14.866580 1.202079 -0.308345
14.899900 3.254348 2.344771
14.915950 -2.919134 3.227039
14.948430 -2.779256 6.708347
14.966800 -1.474538 0.859776
14.997860 0.875975 -4.599538
15.014400 1.335190 -4.065925
15.047420 0.920887 -1.197278
15.063540 0.549341 -0.334147
15.096560 4.030857 0.370912
15.113100 0.763090 0.346363
15.145940 -1.157318 -1.191749
15.162230 1.299124 -1.873416
15.194950 3.511118 -4.638075
15.211550 0.236167 4.201526
15.244080 -6.033367 4.108172
15.260990 -4.094784 5.084288
15.293330 -2.162963 1.723733
15.310240 1.407510 -4.539830
15.342830 -1.234024 -4.585267
15.359190 1.903320 -4.713212
15.392150 1.581639 2.067118
15.408630 0.509684 4.884585
15.441890 0.412488 4.827193
15.457890 -1.155277 -0.436575
15.490720 -2.060172 -6.133766
15.507140 -3.931544 -4.041258
15.539980 -0.610207 -1.448656
15.556760 1.340066 0.658560
15.588930 2.730979 -0.441135
15.605770 1.574948 -0.579902
15.638490 -1.278823 1.520509
15.655460 2.539461 -0.529314
15.688230 4.085787 -1.254103
15.704900 2.868400 -0.222434
15.739620 -2.800994 -0.381309
15.754270 -5.611014 0.139145
15.786990 1.205141 -1.433227
15.803590 4.677052 2.707531
15.836060 2.097372 7.338075
15.852420 -7.181829 3.053019
15.886410 -4.222262 -0.368928
15.901980 3.428590 -4.036816
15.934570 6.805637 -1.054494
15.951110 4.007607 0.633136
15.983760 -0.243501 -3.176853
16.000670 0.136664 -2.271548
16.033080 -4.240446 0.020084
16.049680 -11.253528 1.984893
16.082400 3.938046 3.173758
16.099000 27.623383 -1.773730
16.131960 38.577360 -4.166013
16.148380 25.926671 -1.927453
16.182500 4.630930 2.706515
16.200620 1.552416 6.676686
16.232850 2.484946 4.945852
16.249270 -0.158553 3.257732
16.283200 0.073077 1.336896
16.298710 2.137785 1.189764
16.328980 2.909418 0.662694
16.345460 0.967047 0.859445
16.377870 -2.328245 -2.723055
16.396060 0.692735 -5.081760
16.429630 0.852763 -3.139663
16.443540 0.159461 -0.740005
16.492800 -0.427837 -0.229333
16.526060 -0.819381 1.320592
16.542050 0.176246 3.818163
16.574950 1.694448 3.249084
16.591310 1.631428 1.389893
16.623900 1.358818 -3.500769
16.640750 1.025153 -3.518419
16.673650 2.144174 -3.979731
16.690190 1.995488 -3.364648
16.722960 0.163922 3.553199
16.740170 0.158705 4.365480
16.772460 -1.955112 1.994321
16.789430 -2.591744 -2.085855
16.825620 -4.092743 -3.839995
16.839170 -3.556219 -0.148549
16.870790 -1.295381 0.425871
16.887510 -0.257640 -0.709950
16.920040 0.012665 2.292718
16.936460 -0.819532 4.686890
16.969910 0.180178 4.573973
16.986390 2.715215 1.064985
17.019290 3.065778 -2.698245
17.035640 0.177153 -1.337746
17.068240 0.301229 -2.315756
17.084840 0.410106 -0.487611
17.117610 1.256102 0.904692
17.134340 -1.098229 3.172269
17.166690 -2.831011 -0.062402
17.183110 -2.345598 -0.214802
17.216190 0.113150 -1.866824
17.231990 1.856971 0.091866
17.265810 2.186326 0.535103
17.281800 1.717661 -3.157053
17.314510 0.843123 -2.286764
17.330990 -0.273442 -1.518784
17.363530 -0.602760 1.976765
17.380000 0.520421 1.937992
17.412960 0.768080 0.158733
17.429570 -0.150917 -0.337242
17.462100 -3.284932 1.347552
17.481450 -3.503859 -0.178391
17.511470 -2.467631 -2.565574
17.528320 0.111675 -1.443623
17.560730 -1.554004 0.381852
17.577940 -0.897902 0.977467
17.610530 2.700773 -0.026392
17.626890 1.218108 -2.060408
17.643130 -2.607698 0.691473
17.658940 -3.884666 2.339927
17.676150 3.384661 -1.021486
17.708560 5.985280 -3.455592
17.725220 0.457022 -0.460864
17.760860 -2.094914 3.223022
17.775940 -0.038447 2.511159
17.816710 0.048466 -0.345748
17.825130 -3.409574 -0.245093
17.856450 -2.392778 -0.066277
17.873290 4.628321 -2.833752
17.906370 3.783879 -4.843047
17.922790 2.367109 -0.897037
17.955380 -1.205670 0.469677
17.971620 -2.005166 0.991454
18.004460 -1.599785 0.144698
18.021240 -3.579431 0.301564
18.053890 3.685851 1.206256
18.070560 5.654112 -0.964046
18.103270 1.389402 0.104294
18.120000 -3.775297 0.796642
18.152220 -5.597594 2.139916
18.169130 -1.765106 0.545736
18.201780 2.563958 -0.102900
18.218200 3.259679 1.370731
18.250670 1.048176 2.363957
18.267700 -1.848163 2.768798
18.300350 -1.771986 -1.922373
18.316890 2.986426 -1.110492
18.349550 1.772251 -2.736404
18.365840 -5.891297 -1.017067
18.398500 -6.150637 0.411482
18.415340 -1.263550 -0.442860
18.448240 4.149223 2.745714
18.467470 2.863976 0.313118
18.497620 -1.070027 -1.757450
18.513920 -0.952983 -3.756045
18.546690 -1.739020 1.135963
18.563540 -1.766353 2.291797
18.595700 0.140823 1.288624
18.612370 1.915984 0.601734
18.645140 4.089756 0.566221
18.662050 2.126028 1.967219
18.695190 -1.655585 -3.367318
18.743840 -3.305271 -1.704996
18.760250 -2.013105 1.815929
18.793460 0.808569 2.942369
18.810360 0.062983 2.297586
18.826540 -0.440048 0.999322
18.842350 -0.714019 0.725403
18.859380 1.017932 -3.143443
18.891660 6.019644 -2.285441
18.908330 0.842896 -1.895107
18.941350 -3.594326 1.011491
18.957890 -4.885733 1.021060
18.990660 -0.526810 -0.724647
19.006840 3.602189 -0.524471
19.039920 1.019520 -2.293002
19.056270 2.362156 0.219197
19.088810 3.729667 -1.166396
19.105530 3.169968 1.950467
19.138000 -1.090933 4.738234
19.155330 -2.729278 3.840255
19.187680 -3.195184 0.360870
19.204220 -2.031402 -2.670671
19.236760 -0.941491 1.693347
19.252930 -0.368446 -0.280913
19.285950 1.462667 -2.809557
19.302370 1.721139 -3.173687
19.335020 1.883661 -1.016949
19.352420 1.606515 1.019028
19.384220 4.136823 -0.664301
19.401000 -2.378715 0.288829
19.433720 -5.441499 -0.218228
19.450200 -4.691153 -0.025636
19.482790 2.085614 -1.343653
19.499210 8.383554 1.683400
19.532230 0.059618 2.810053
19.548710 -4.019440 2.106081
19.581420 -5.506031 -0.242258
19.598140 -0.635574 -2.987711
19.630920 2.264922 -0.655582
19.647160 0.891399 -1.090550
19.680600 -1.690668 -0.774124
19.696590 8.051254 -0.705910
19.729190 -6.596049 4.038399
19.745360 -34.695158 12.633691
19.778810 -60.639558 19.629755
19.795410 -54.318117 10.835719
19.828130 -23.081769 -0.263429
19.846370 -9.327337 -4.626072
19.879330 1.077021 -1.024439
19.896240 -1.599521 4.183876
19.928340 -1.029840 0.384687
19.945500 -2.828969 0.783646
19.996030 -2.447973 3.504147
20.027040 1.068704 6.125969
20.044560 -0.025821 5.658185
20.076290 1.237691 1.570505
20.092590 2.958639 -1.845724
20.125850 -2.177367 -4.258516
20.143310 -5.152445 -6.155386
20.175600 -5.429930 -1.375693
20.191160 -1.132896 2.253449
20.224000 1.799546 5.723634
20.241270 0.735001 1.703507
20.274410 -0.189251 -1.290325
20.291440 -0.436041 -0.612721
20.323910 -0.529494 0.532268
20.343440 -0.947917 3.994569
20.372920 3.115680 1.779660
20.388550 -0.162334 -2.432690
20.421570 3.495731 -2.085548
20.437380 5.879729 1.117557
20.471250 4.678072 0.955823
20.487240 3.022870 -2.037678
20.519900 -3.648349 -4.095696
20.536990 -1.050595 0.516272
20.569640 -0.174772 2.698198
20.586490 -1.123029 1.973764
20.619080 -0.675005 1.271257
20.635440 -0.798362 0.080713
20.669860 2.195853 -1.711541
20.685730 1.211190 -3.434634
20.716800 -4.998618 0.328878
20.733950 -7.197858 3.621507
20.766420 -4.030592 4.332377
20.782530 2.193245 1.794333
20.815800 3.726264 1.701475
20.833310 1.703824 0.582501
20.864930 1.120988 -5.984013
20.884580 0.124642 -8.910687
20.914490 -0.543482 -6.317992
20.931520 0.126797 0.774242
20.963560 -2.816947 2.785456
20.983220 -1.674903 2.415159
21.013060 1.852057 1.920578
21.029720 4.894428 2.064543
21.062810 1.684544 2.008899
21.079530 -4.923273 3.465232
21.111450 -3.405529 2.656636
21.128660 -3.436302 0.895312
21.161620 2.109545 -4.500324
21.178220 4.877983 -2.467849
21.210020 4.349474 1.155503
21.228390 1.034490 1.269839
21.261290 -3.976002 4.178205
21.275150 -0.862214 -4.478658
21.311890 2.292595 -4.726467
21.329100 3.152389 -4.482603
21.355960 2.523961 0.046949
21.372310 1.900258 5.428570
21.405150 -2.694006 0.061575
21.422060 -5.475372 -2.570914
21.454220 -2.134534 -1.687251
21.470950 2.275508 -0.830831
21.503480 2.607131 3.333010
21.520200 -1.619784 4.561166
21.555360 -2.805757 6.263058
21.571840 -0.431353 -2.177981
21.604490 -0.092357 -9.793958
21.620730 -0.717384 -8.130596
21.653200 -1.635208 1.410662
21.670840 -1.369743 9.059376
21.702580 2.464645 1.631773
21.718380 4.829858 1.467724
21.751460 2.905108 1.644296
21.769230 -1.289635 3.524491
21.801570 -2.655408 0.391729
21.817320 -0.081469 -0.368290
21.850460 4.139923 -1.772572
21.866640 -1.418587 -4.109826
21.899780 -5.118610 -4.410160
21.916810 -4.647829 -2.761119
21.949100 2.502147 3.627887
21.967160 9.502219 4.031334
21.998900 0.097612 5.368011
22.015200 -1.781248 -0.753591
22.047970 -0.701922 -6.403029
22.064510 2.530992 -5.809923
22.096920 4.242034 0.595685
22.114140 -2.645994 5.808883
22.146850 -5.995109 3.419583
22.162660 -7.294146 2.739429
22.195430 -3.044910 -5.056998
22.212590 2.429978 -6.191182
22.245180 1.905172 -5.133788
22.261470 -2.162018 1.210769
22.294920 1.077172 5.530075
22.310670 5.630446 2.001929
22.343570 3.391088 -0.644784
22.359440 -2.562446 -3.293504
22.394470 -4.034864 -1.760640
22.411380 1.072106 -0.954784
22.442750 0.625934 1.080579
22.459170 -0.055611 0.860815
22.491700 2.245907 2.949174
22.508120 5.972124 7.786529
22.541020 3.797942 -0.186472
22.557370 -0.851099 -8.046789
22.589660 -0.814542 -8.786973
22.606450 -1.038914 -2.834390
22.638670 -2.005657 3.953669
22.655760 -2.771279 -1.093244
22.688290 -3.170535 2.595085
22.705140 -6.150637 2.404479
22.739750 -2.074462 -0.987532
22.755130 6.161638 -4.436576
22.787050 3.030582 -0.874259
22.804500 -3.896915 7.137971
22.836730 -4.113573 4.155829
22.852480 3.063850 0.279354
22.884090 4.988448 -3.495712
22.900330 1.292659 -1.233618
22.932980 -2.175590 2.193056
22.949710 -2.370549 4.008887
22.982240 -3.442729 4.352319
22.998780 -1.409816 1.392327
23.031680 2.565281 -2.236082
23.048220 -3.853893 -4.127240
23.080990 0.097385 -3.624059
23.097170 5.959157 -1.348048
23.130130 8.147882 1.629221
23.146730 -4.069569 3.759447
23.179630 1.624245 1.840526
23.196780 24.069920 1.864863
23.228520 34.824761 -6.070562
23.245420 17.005533 -10.825914
23.278500 -7.432813 -6.642875
23.294190 -5.647382 4.412854
23.327090 -0.028429 10.177717
23.343690 4.516495 6.060236
23.376280 -0.506546 1.537261
23.392820 7.719635 -0.583446
23.425480 8.968651 2.523256
23.441890 2.365218 -1.472331
23.474790 0.244521 -4.001279
23.491520 -3.844064 -6.150637
23.524290 1.301165 -1.679714
23.540530 2.657109 1.048280
23.573360 2.261029 -1.696773
23.590330 5.397003 2.315543
23.622680 1.073013 2.474465
23.639160 -4.256891 0.306408
23.671940 -4.627263 -2.360412
23.688660 -2.147274 0.162206
23.722900 5.020960 4.383768
23.739070 6.575181 -0.468425
23.770940 1.763934 -4.034902
23.787480 -0.052019 -4.090994
23.820310 -2.568721 -2.719345
23.836670 -1.612941 -0.831233
23.869570 -1.289257 -0.166388
23.885800 -0.502312 3.669992
23.918640 -0.210762 5.017445
23.935360 -1.162384 4.053095
23.967900 -0.926444 0.306975
23.985050 -0.590360 -2.883536
24.017210 0.837036 1.761585
24.033810 0.787776 -0.921397
24.066470 0.354420 -1.938322
24.082890 -0.802445 0.825609
24.115970 -2.391984 1.031268
24.132390 -2.410395 -0.600340
24.164980 -2.185873 -0.597599
24.181950 2.603842 0.474781
24.214230 4.421946 0.694167
24.230960 3.711218 -1.937306
24.263670 -1.401802 -3.974769
24.280030 -4.921194 -0.132648
24.313230 0.045366 1.333753
24.330870 4.371212 5.254668
24.363590 6.214451 1.470110
24.381100 2.813999 -0.736721
24.411680 -2.517080 -1.396816
24.428160 -4.201053 0.390736
24.461000 -4.460658 -0.992707
24.478520 1.526444 -7.091236
24.510380 5.932240 -0.119180
24.526920 3.191932 2.311526
24.559450 0.572213 3.002999
24.576290 -0.262857 1.029543
24.608950 0.498759 -2.230908
24.625060 -0.974910 0.370511
24.657840 -3.359596 -4.178441
24.675170 -2.361929 -6.153283
24.707580 -0.875446 -3.892260
24.724240 -0.775263 0.012641
24.756470 0.451465 3.530800
24.773440 -0.005671 0.963337
24.809630 0.672925 0.485839
24.822510 0.293705 4.404986
24.855160 0.176322 5.489364
24.871340 -0.521517 2.278093
24.904720 -0.751711 -1.287820
24.921020 -0.837868 -1.712084
24.953130 0.562082 4.267613
24.970210 2.337772 -1.980262
25.002750 1.831340 -7.901951
25.021060 0.476870 -3.862347
25.053040 -2.340645 4.417367
25.068850 1.728889 9.683310
25.101620 0.255107 1.326972
25.119080 -3.134545 -4.973473
25.150940 -4.947884 -2.017689
25.167600 -3.620865 1.413805
25.200260 0.783467 1.281913
25.216860 4.459297 3.580206
25.249330 4.851104 1.367470
25.266480 2.530501 0.229782
25.298830 -1.476844 -1.880552
25.315800 -6.346388 -4.014180
25.348080 2.230407 -0.848103
25.365110 5.743482 -2.881976
25.397580 6.523049 1.593188
25.414250 1.818146 2.143460
25.447330 -3.209096 -0.759876
25.463130 2.114233 -2.704979
25.495970 -1.923470 -2.708712
25.512510 -6.305257 1.690843
25.544980 -4.612065 2.643310
25.561830 2.924237 2.578877
25.594360 3.781270 3.536470
25.611150 -3.737114 2.517798
25.644040 -6.310058 0.469725
25.660400 -2.197706 -0.307140
25.694030 1.912204 1.121952
25.710140 -2.247419 -4.282333
25.742610 3.573458 -6.684909
25.759090 9.432281 -5.374793
25.794250 7.141757 1.886175
25.808110 -0.008241 8.118711
25.840880 -6.465321 3.653854
25.857730 -2.908019 2.491477
25.890260 -2.533828 -2.411473
25.906620 -5.277389 -3.573117
25.939760 -2.578437 -3.256456
25.956120 4.974196 -1.803785
25.988400 9.381548 0.211447
26.005550 2.495494 0.858996
26.038020 -2.995424 0.424784
26.054930 -1.855157 0.370629
26.087400 3.204106 -0.257852
26.104130 3.542722 0.108571
26.136470 -0.738743 -0.411529
26.153080 -1.652750 -2.092873
26.185790 -1.376246 -1.853900
26.202450 -0.064608 -1.712155
26.235170 1.791909 0.189567
26.251890 4.180714 1.221733
26.284420 1.006968 1.629032
26.301700 -5.845781 2.077255
26.334050 -9.333726 1.362201
26.352970 -5.885022 1.231231
26.384340 0.482805 -0.172768
26.399960 1.050482 -0.581532
26.432310 -0.015651 -0.335730
26.448910 -0.262176 -0.868612
26.481080 0.665213 -1.284441
26.497860 0.360318 -3.257283
26.530760 -0.396459 0.527022
26.547490 -0.850268 3.184768
26.580200 1.301657 5.362364
26.597050 -2.727917 2.535496
26.629460 10.475182 -4.973898
26.646300 29.673292 -2.980670
26.679140 33.581903 -0.881112
26.695560 20.268551 1.851797
26.727970 -2.484190 3.220990
26.744810 -4.359039 2.463950
26.778200 2.430507 3.605960
26.793820 2.990774 -1.757970
26.826900 3.045628 -2.056344
26.843570 2.409639 0.752386
26.875850 0.519438 2.146627
26.895020 1.359612 1.825381
26.927730 0.844181 0.824003
26.942200 2.714118 -2.024824
26.976810 3.261380 -6.078619
26.990970 0.326520 -5.042419
27.025090 -2.984271 -3.552632
27.040160 -2.357015 0.282685
27.075560 -0.991771 4.228651
27.089840 1.416697 7.412951
27.122740 2.451791 5.118572
27.138850 3.149516 0.406331
27.171810 1.668930 -4.973260
27.188110 -3.479248 -2.304013
27.220890 -4.528479 1.084738
27.237430 -0.143961 3.649648
27.270390 2.466195 3.501170
27.286620 2.702701 -2.746352
27.319340 -4.583636 -0.979971
27.336120 -5.443124 0.499567
27.368770 -4.393366 1.511105
27.385440 -0.120597 -0.321955
27.418210 6.622059 -2.318709
27.435060 4.902518 -1.240115
27.467160 3.170837 -0.252701
27.484070 -0.265541 -0.045248
27.516600 0.083964 -0.731735
27.533330 1.010976 -2.964461
27.549500 0.060715 -0.783646
27.566160 -0.017239 2.030991
27.582890 0.114624 1.042491
27.615540 -0.294273 0.145690
27.631650 -0.700750 -0.302698
27.664310 -1.418776 0.343716
27.681030 -0.940167 2.063740
27.713620 -1.638800 -1.529204
27.730710 -3.114546 -1.735216
27.763310 -2.555754 -0.470126
27.779540 -1.255875 -0.430171
27.812560 2.332366 3.513859
27.829100 4.034146 1.472095
27.861510 1.902261 2.153715
27.878540 -1.902980 1.377299
27.911010 -3.010961 0.972859
27.927670 3.492934 -3.249273
27.960330 4.690208 -5.070725
27.976750 0.854766 -2.376220
28.009220 -5.350465 -0.351963
28.025390 -5.512571 1.420775
28.058170 1.128360 -2.730545
28.076840 2.302803 1.546074
28.111020 2.324692 4.251074
28.124880 -1.129721 4.002012
28.157410 -2.078318 1.125638
28.174070 -0.937786 -2.843793
28.206540 2.272786 0.482082
28.223570 -2.144628 -1.023801
28.256160 -1.393711 -1.936810
28.272710 -0.673190 -3.502139
28.308840 -0.260059 0.302675
28.321720 1.361540 3.831985
28.353940 -2.634502 2.697182
28.370790 -0.593308 0.327011
28.403500 0.818285 -1.191205
28.420040 3.000981 1.035473
28.452700 3.288259 1.197656
28.469420 0.609035 1.551367
28.502010 -2.489369 0.004418
28.518860 0.568924 -1.978395
28.551760 -1.492382 -1.171641
28.567870 -2.021876 -0.516343
28.600830 0.110390 2.027116
28.619260 3.869355 -1.256301
28.651860 6.474924 -0.371692
28.666500 2.610004 -2.502464
28.699830 -1.295646 -3.718665
28.715880 -5.828088 -1.071648
28.750310 -5.580468 1.519186
28.765320 -3.315894 7.262844
28.798280 -0.745775 0.266784
28.814700 -0.083775 -1.946049
28.849910 -0.799571 -0.590156
28.866520 0.699464 2.828199
28.899410 2.299778 0.888082
28.915890 4.276209 -3.990056
28.948670 4.625600 -4.044896
28.966490 2.598701 -1.205524
28.997130 -0.875030 0.800327
29.012940 -4.930607 -0.587463
29.045350 -5.015554 -0.384806
29.062740 -1.054565 -1.688456
29.094360 1.928611 2.677594
29.112120 1.499149 4.537089
29.144470 -0.454338 3.725518
29.161680 2.066599 -3.075111
29.193790 2.647809 -4.379869
29.210750 -2.227987 1.524478
29.243470 -0.615916 -0.531252
29.259770 0.393699 -0.779795
29.293520 3.450895 -1.362036
29.309140 -1.023678 4.843567
29.341310 -7.134725 1.805840
29.359130 -0.808380 -4.008202
29.390930 2.444835 -4.963053
29.408750 5.341921 0.726939
29.440730 2.619796 4.650527
29.457950 -0.996988 2.977362
29.489560 -3.766866 1.503024
29.506470 -3.296614 -2.968525
29.538700 -1.176107 1.837856
29.555850 1.476844 1.745589
29.588130 2.224358 -0.697309
29.602840 -0.227282 -1.684912
29.637510 2.750335 -5.475424
29.654170 -1.416394 -0.160670
29.687260 -0.325499 -0.601947
29.703550 1.511171 1.783086
29.736510 1.151269 4.854979
29.753050 -0.464243 -1.160725
29.785890 -3.201119 -0.251827
29.802310 -1.795803 -0.055833
29.834960 -0.109180 3.225101
29.853270 -0.940470 1.368061
29.884030 -0.760670 -4.726491
29.901060 2.026790 -6.590964
29.933470 -0.897750 -6.082707
29.951600 -0.741768 -1.112312
29.983520 0.188986 3.102118
29.999510 1.112028 2.808257
30.032230 0.996383 -0.879434
30.048460 -2.265338 -2.911582
30.081480 -1.619860 -1.013476
30.097960 0.160141 2.660346
30.129700 -1.461269 1.494376
30.148860 27.814761 21.332914
30.186160 -50.524426 -38.101975
30.196900 -119.807030 -89.567617
