0.032260 1221.897600 775.330500
0.048840 1229.575200 767.560500
0.082410 1248.172800 828.397500
0.131030 1277.220000 750.760500
0.147660 1253.985600 718.840500
0.164310 1258.152000 709.789500
0.179840 1292.659200 712.530000
0.196560 1290.693600 739.536000
0.229310 1260.924000 665.700000
0.245760 1262.066400 726.442500
0.262570 1259.932800 730.831500
0.278580 1128.691200 750.981000
0.297230 1152.177600 818.286000
0.313480 1149.792000 825.562500
0.329740 1158.460800 710.776500
0.347080 1213.178400 644.899500
0.361050 1211.632800 649.719000
0.377560 1073.167200 741.657000
0.393880 989.385600 273.178500
0.410540 990.007200 290.146500
0.426700 916.608000 79.873500
0.443360 920.589600 86.530500
0.459500 919.732800 75.820500
0.476040 927.326400 74.109000
0.492320 896.868000 3.055500
1.067110 766.668000 6.394500
1.165590 792.136800 29.673000
1.182450 827.769600 19.981500
1.198900 829.248000 30.576000
1.231580 807.727200 12.316500
1.248670 809.373600 23.163000
1.264600 759.124800 30.219000
1.281280 755.076000 8.505000
1.363160 867.384000 48.993000
1.379530 839.680800 80.766000
1.396000 839.395200 78.708000
1.412600 876.506400 60.217500
1.478150 848.568000 16.065000
1.494480 851.524800 39.742500
1.511050 857.623200 151.399500
1.527500 725.860800 402.759000
1.543810 723.055200 394.453500
1.560210 804.837600 953.505000
1.576600 824.712000 1000.944000
1.593170 824.493600 1000.734000
1.609760 756.487200 951.951000
1.626220 746.172000 926.961000
1.642550 751.413600 931.896000
1.660130 805.022400 961.128000
1.676740 769.003200 833.700000
1.692980 759.763200 820.522500
1.708310 708.556800 839.926500
1.725270 703.180800 865.725000
1.741460 706.204800 868.822500
1.758710 689.304000 895.335000
1.776250 775.353600 922.750500
1.792040 777.772800 925.333500
1.807650 728.952000 870.723000
1.824250 777.722400 847.644000
1.840580 773.035200 841.008000
1.856370 708.876000 848.358000
1.874980 706.272000 862.942500
1.906520 763.845600 894.453000
1.924030 689.992800 829.773000
1.954590 632.066400 867.720000
1.971530 688.867200 896.248500
1.987750 692.042400 899.041500
2.003880 737.234400 921.144000
2.020520 742.056000 924.588000
2.036970 744.794400 927.150000
2.053420 765.240000 961.695000
2.069890 1007.529600 860.307000
2.086520 1007.344800 857.188500
2.102980 1344.319200 935.077500
2.119610 1458.609600 955.311000
2.135680 1450.176000 959.784000
2.151610 1359.573600 941.104500
2.168560 1447.118400 921.501000
2.201160 1369.569600 924.094500
2.217910 1400.750400 919.159500
2.234250 1397.491200 921.490500
2.250270 1373.349600 931.203000
2.266740 1389.981600 904.102500
2.283190 1386.772800 906.601500
2.299620 1347.444000 912.093000
2.316280 1357.036800 798.378000
2.332790 1362.732000 791.469000
2.348830 1040.172000 573.510000
2.365690 939.220800 488.134500
2.398510 912.643200 437.136000
2.414860 963.782400 488.376000
2.447590 892.315200 386.452500
2.464110 931.039200 464.215500
2.496670 993.484800 453.705000
2.513180 896.649600 419.044500
2.529630 897.708000 425.964000
2.546420 769.204800 355.456500
2.563460 791.649600 472.332000
2.579360 793.581600 478.905000
2.595570 797.697600 455.322000
2.612060 778.932000 323.967000
2.628710 774.984000 308.112000
2.644960 792.859200 317.772000
2.661420 840.655200 344.148000
2.693950 750.708000 352.590000
2.711610 824.980800 433.576500
2.726820 823.082400 425.628000
2.743120 701.215200 337.785000
2.759930 729.540000 230.433000
2.776120 729.237600 229.330500
2.792450 796.857600 361.168500
2.809270 787.432800 321.216000
2.825650 795.631200 355.183500
2.842860 866.493600 446.082000
2.860210 875.985600 376.299000
2.875960 873.196800 359.215500
2.894970 870.525600 407.736000
2.910260 874.574400 341.365500
2.924000 870.928800 318.244500
2.940480 834.540000 296.509500
2.956820 888.350400 256.756500
2.973400 890.769600 275.509500
2.990130 885.511200 319.347000
3.006230 892.752000 322.014000
3.041340 820.058400 285.841500
3.056640 816.043200 296.730000
3.073230 814.111200 287.322000
3.089980 812.212800 288.981000
3.106750 775.252800 178.090500
3.122500 773.203200 168.231000
3.137730 743.248800 115.521000
3.154310 749.532000 140.574000
3.170930 751.833600 151.021500
3.187210 735.050400 225.225000
3.203720 721.543200 211.533000
3.221530 719.023200 201.978000
3.237790 698.409600 212.425500
3.253080 704.172000 251.947500
3.269550 709.766400 270.921000
3.285960 718.032000 217.875000
3.302490 712.555200 235.788000
3.337130 797.008800 235.935000
3.352310 778.478400 205.107000
3.384890 729.372000 259.413000
3.401700 728.464800 255.045000
3.434750 795.429600 237.499500
3.450940 798.235200 225.036000
3.483050 813.506400 213.097500
3.499400 782.426400 191.730000
3.532820 802.401600 214.315500
3.549550 799.848000 228.889500
3.581340 830.390400 236.502000
3.597640 846.400800 224.847000
3.614520 847.795200 233.562000
3.630780 901.051200 267.739500
3.647310 826.358400 216.174000
3.663360 827.920800 225.109500
3.679660 931.492800 263.203500
3.697970 995.282400 266.227500
3.713100 994.761600 249.448500
3.729250 942.866400 272.538000
3.745930 918.943200 174.058500
3.778180 856.682400 228.522000
3.794850 908.930400 138.484500
3.827740 948.427200 145.971000
3.844560 943.286400 270.532500
3.877610 897.708000 199.605000
3.893740 899.152800 195.846000
3.926090 910.879200 200.371500
3.942790 954.525600 233.919000
3.975360 1038.004800 299.943000
3.991990 957.684000 226.915500
4.025470 1017.374400 205.968000
4.042660 1027.672800 223.177500
4.075550 1013.880000 168.063000
4.092700 1025.052000 155.757000
4.123670 1023.220800 223.912500
4.139980 1026.396000 342.279000
4.172820 1041.700800 152.848500
4.189390 974.181600 197.284500
4.221790 1022.532000 98.962500
4.238680 1025.808000 172.725000
4.254870 1025.808000 172.725000
4.272280 1009.293600 192.444000
4.288860 1009.898400 191.499000
4.321950 1007.764800 199.468500
4.337300 942.849600 197.137500
4.370030 778.041600 199.584000
4.386830 799.831200 107.383500
4.419140 821.352000 192.528000
4.435940 814.867200 216.006000
4.452070 816.496800 224.805000
4.468690 787.819200 178.689000
4.485150 834.892800 274.890000
4.501530 836.421600 283.290000
4.517930 818.865600 209.737500
4.534730 807.122400 208.057500
4.551100 803.712000 190.081500
4.567150 775.605600 150.475500
4.583720 776.092800 150.234000
4.616300 778.041600 199.584000
4.633940 785.433600 142.044000
4.655150 783.300000 130.977000
4.665770 756.285600 147.798000
4.682720 725.844000 127.386000
4.698910 723.408000 117.001500
4.714630 744.945600 179.130000
4.733220 767.709600 163.411500
4.749890 772.128000 184.149000
4.765030 796.672800 184.117500
4.780500 729.960000 168.966000
4.797290 732.228000 178.227000
