0.000000 1032.124800 724.563000
0.018430 1055.712000 779.814000
0.032960 1052.570400 791.217000
0.049440 1065.456000 845.155500
0.066280 1036.560000 852.180000
0.082640 1033.183200 858.679500
0.098630 1017.828000 860.191500
0.117430 1044.170400 833.689500
0.133670 1049.445600 824.491500
0.149290 1025.774400 840.598500
0.164310 1102.920000 829.972500
0.180420 1105.053600 823.725000
0.197140 1068.412800 779.730000
0.213750 1041.784800 798.042000
0.230590 1038.340800 808.059000
0.246580 1018.684800 805.717500
0.262940 1028.815200 772.768500
0.279300 1031.755200 762.961500
0.295780 1121.803200 787.395000
0.311770 1135.192800 727.944000
0.328130 1131.244800 734.895000
0.345090 1125.532800 728.889000
0.361330 1129.564800 785.148000
0.377930 1122.021600 799.680000
0.394170 1122.828000 796.257000
0.411010 1145.860800 1005.868500
0.675540 1148.448000 1003.212000
0.709350 556.668000 52.741500
0.724980 555.928800 46.945500
0.740970 550.065600 56.805000
0.759160 531.484800 25.105500
0.775880 532.274400 30.744000
0.791260 565.555200 21.651000
0.805790 549.931200 16.548000
0.822510 553.442400 28.402500
0.838620 504.588000 6.688500
0.855470 534.139200 103.813500
0.871950 531.888000 91.497000
0.888180 561.506400 19.278000
0.904660 563.236800 27.100500
0.920410 557.608800 14.689500
0.953250 555.475200 49.077000
0.970460 562.732800 73.741500
0.986570 594.316800 63.861000
1.004270 564.060000 61.204500
1.019290 563.421600 55.303500
1.035640 541.732800 33.736500
1.052250 514.399200 48.342000
1.070310 511.644000 42.724500
1.084840 569.587200 23.698500
1.103150 504.571200 11.424000
1.118290 507.477600 17.241000
1.134400 538.876800 23.436000
1.150760 581.212800 34.251000
1.167720 577.164000 15.729000
1.183720 544.353600 21.126000
1.265010 520.531200 0.084000
1.298580 651.134400 23.803500
1.315310 655.888800 47.092500
1.331540 680.954400 64.302000
1.347900 626.572800 23.698500
1.379640 626.220000 37.296000
1.397460 630.756000 58.873500
1.429930 660.777600 37.569000
1.447390 627.866400 37.737000
1.479370 656.846400 12.820500
1.496220 666.254400 80.346000
1.528560 661.483200 35.238000
1.545780 633.124800 63.840000
1.577270 680.282400 59.587500
1.593630 618.861600 41.275500
1.627320 652.041600 79.243500
1.643800 656.409600 72.576000
1.660030 653.671200 55.335000
1.676510 644.649600 51.450000
1.693240 622.440000 44.740500
1.709590 617.198400 22.501500
1.791140 638.601600 83.832000
1.808110 641.138400 99.708000
1.824100 664.238400 151.368000
1.841060 613.401600 144.984000
1.857420 618.928800 165.973500
1.873780 657.434400 125.359500
1.890380 665.666400 169.722000
1.922240 674.788800 192.139500
1.939330 634.368000 178.836000
1.971920 639.324000 201.841500
1.989010 638.265600 208.320000
2.021480 505.360800 165.994500
2.038330 592.015200 169.218000
2.070560 517.977600 167.454000
2.087520 590.184000 191.625000
2.104130 590.184000 191.625000
2.119380 499.245600 156.040500
2.136350 543.446400 125.328000
2.152950 533.652000 89.208000
2.169070 496.994400 51.754500
2.185790 513.844800 22.785000
2.203000 508.032000 11.571000
2.218380 507.712800 37.663500
2.234620 537.465600 84.619500
2.251100 548.956800 120.540000
2.267820 527.083200 108.024000
2.284300 546.739200 111.478500
2.316410 470.517600 161.311500
2.333250 524.445600 148.333500
2.349610 528.141600 158.896500
2.365840 563.119200 152.985000
2.382320 499.833600 169.522500
2.414310 522.160800 168.945000
2.431150 503.697600 131.082000
2.463990 523.353600 145.372500
2.480960 458.522400 186.490500
2.513060 559.927200 185.923500
2.529790 532.308000 211.344000
2.562870 552.400800 100.170000
2.579220 537.633600 140.437500
2.611940 575.937600 211.900500
2.628300 564.530400 176.809500
2.661500 541.161600 172.882500
2.677610 517.826400 257.439000
2.710450 545.428800 211.522500
2.727290 539.397600 178.447500
2.743530 529.687200 144.039000
2.759770 535.197600 104.800500
2.808960 597.576000 57.813000
2.827880 785.316000 59.640000
2.844600 789.549600 107.415000
2.859990 824.745600 149.541000
2.877320 823.183200 127.239000
2.893430 823.200000 110.848500
2.909910 826.308000 81.774000
2.924320 853.977600 1.827000
2.973390 808.046400 50.053500
3.006470 826.459200 9.492000
3.022710 826.190400 39.438000
3.055420 780.645600 8.379000
3.071780 835.480800 34.177500
3.105100 866.056800 44.625000
3.121950 829.466400 22.680000
3.154540 991.368000 47.722500
3.171260 793.783200 205.306500
3.203610 737.856000 148.921500
3.221560 919.212000 30.880500
3.272340 869.887200 7.476000
3.303960 863.906400 59.430000
3.319460 839.076000 35.122500
3.370000 908.913600 55.104000
3.402470 832.188000 31.888500
3.420170 710.421600 74.119500
3.449710 827.836800 9.586500
3.466550 694.562400 13.062000
3.499020 461.916000 61.950000
3.515750 524.076000 82.089000
3.548460 498.657600 62.139000
3.565060 519.808800 59.230500
3.597660 484.512000 49.875000
3.614500 458.572800 91.969500
3.630860 463.629600 107.772000
3.646850 496.826400 102.354000
3.663330 558.112800 154.297500
3.679810 564.748800 175.077000
3.695920 516.768000 178.027500
3.713010 566.916000 158.245500
3.745480 581.683200 172.473000
3.762210 527.284800 164.272500
3.795040 530.275200 180.253500
3.811520 547.444800 162.603000
3.843870 546.991200 166.687500
3.860470 528.897600 195.331500
3.893430 577.953600 190.354500
3.910030 538.120800 172.977000
3.942870 587.664000 117.379500
3.959110 569.688000 152.911500
3.992190 584.119200 148.533000
4.009400 598.735200 147.672000
4.026250 590.788800 112.644000
4.042110 538.507200 50.631000
4.059330 555.928800 21.777000
4.156860 468.972000 21.777000
4.172850 478.178400 46.914000
4.189580 504.184800 61.362000
4.206050 505.377600 63.000000
4.222530 509.056800 73.605000
4.238530 515.911200 92.494500
4.255370 506.503200 105.924000
4.271730 511.123200 121.705500
4.287960 577.029600 94.353000
4.305660 574.593600 147.063000
4.320800 577.802400 157.710000
4.337160 576.794400 145.792500
4.354250 625.161600 138.831000
4.386840 603.842400 110.250000
4.403200 562.413600 97.471500
4.435910 568.125600 124.698000
4.452390 536.323200 122.934000
4.485720 626.488800 174.436500
4.504270 602.498400 111.972000
4.518070 594.955200 75.946500
4.534420 581.616000 68.848500
4.551270 554.584800 46.588500
4.567500 548.856000 35.689500
4.583860 560.616000 53.655000
4.600830 587.764800 130.683000
4.616580 600.415200 175.570500
4.632810 580.658400 166.456500
4.649780 601.339200 110.292000
4.682250 700.996800 150.454500
4.698970 683.659200 170.247000
4.731450 700.929600 146.989500
4.748170 670.068000 109.872000
4.780640 675.880800 82.918500
4.797730 618.424800 135.366000
4.830200 640.147200 136.090500
4.847050 711.816000 168.997500
4.879390 680.534400 132.321000
4.896000 728.666400 127.680000
4.928960 631.125600 134.515500
4.945430 727.188000 87.150000
4.978150 764.097600 121.831500
4.994870 795.967200 131.964000
5.027340 768.818400 117.568500
5.044310 830.575200 123.091500
5.076780 798.100800 124.204500
5.093260 796.555200 135.796500
5.125980 885.628800 105.420000
5.142330 873.297600 151.756500
5.175170 876.758400 108.118500
5.192020 856.144800 107.005500
5.224610 857.808000 147.829500
5.242680 904.276800 152.743500
5.275390 873.381600 114.859500
5.290530 888.249600 131.008500
5.323240 862.730400 109.998000
5.339970 912.912000 90.657000
5.373050 863.587200 79.201500
5.392820 830.356800 88.347000
5.421260 816.278400 156.670500
5.437870 785.853600 145.278000
5.471190 816.530400 109.966500
5.487550 852.616800 107.247000
5.520510 778.696800 129.328500
5.536870 762.417600 127.543500
5.570920 816.362400 87.874500
5.586180 809.642400 132.289500
5.618650 837.312000 108.622500
5.635620 839.412000 124.950000
5.667850 833.380800 88.861500
5.684810 817.152000 86.982000
5.717530 819.504000 121.285500
5.734010 843.259200 89.670000
5.766850 954.777600 100.590000
5.783200 947.889600 49.423500
5.815670 928.972800 107.152500
5.832520 933.441600 151.567500
5.865360 957.079200 108.118500
5.881960 962.757600 99.960000
5.914550 901.336800 147.840000
5.931400 936.936000 101.619000
5.963990 953.383200 95.392500
5.980710 942.513600 133.465500
6.013310 966.756000 74.812500
6.032100 928.552800 113.116500
6.062620 983.035200 111.793500
6.079100 905.436000 101.881500
6.111820 907.384800 71.242500
6.128540 914.709600 103.026000
6.161130 932.551200 92.232000
6.177490 911.971200 96.022500
6.210210 905.570400 119.070000
6.226930 887.644800 96.999000
6.243530 889.509600 60.333000
6.259400 928.116000 8.347500
6.308840 1011.309600 376.362000
6.654050 1093.024800 77.049000
6.670410 1066.665600 67.084500
6.686770 1060.567200 109.221000
6.703000 1060.281600 106.260000
6.720090 1093.327200 115.804500
6.736210 1090.152000 123.658500
6.752200 1059.088800 159.946500
6.768680 1100.282400 174.394500
6.785160 1093.915200 204.277500
6.801030 1086.036000 220.930500
6.817870 1072.915200 196.948500
6.834230 1080.408000 166.992000
6.850340 972.787200 96.337500
6.867310 1002.976800 90.625500
6.884280 1007.361600 49.623000
6.900020 962.875200 52.153500
6.917110 994.694400 108.076500
6.949710 951.854400 46.315500
6.965940 970.267200 97.629000
6.982790 968.083200 112.917000
6.998900 1002.103200 115.038000
7.017330 1002.153600 106.564500
7.031860 999.768000 128.352000
7.048220 974.097600 148.050000
7.064580 1013.611200 133.014000
7.097660 998.054400 111.531000
7.113890 1014.266400 137.623500
7.146480 980.616000 199.731000
7.163570 1001.700000 174.153000
7.195920 994.089600 204.361500
7.212650 989.116800 126.987000
7.228760 990.561600 121.621500
7.245120 934.164000 114.618000
7.261720 970.368000 105.504000
7.278200 970.015200 99.771000
7.294680 928.334400 126.861000
7.311280 919.598400 98.658000
7.327640 919.228800 109.819500
7.343630 935.256000 191.058000
7.360600 944.496000 147.021000
7.393310 904.596000 105.504000
7.409790 958.204800 189.703500
7.442140 1036.425600 146.821500
7.458010 1048.219200 138.799500
7.490970 1056.350400 148.491000
7.508420 1042.036800 131.953500
7.540770 1042.255200 154.927500
7.557860 1022.380800 153.006000
7.573730 1028.680800 118.902000
7.590090 1030.646400 109.714500
7.606690 1021.204800 54.096000
7.623050 1026.681600 8.704500
7.674930 1052.536800 13.104000
7.688110 1049.966400 40.488000
7.704830 1016.097600 77.784000
7.721310 1016.450400 89.796000
7.737920 1070.445600 65.173500
7.836550 1015.123200 49.549500
7.853270 1087.531200 123.805500
7.869380 1078.778400 169.302000
7.885990 1100.484000 105.619500
7.902830 1073.167200 110.155500
7.935420 1059.609600 129.864000
7.952030 1083.012000 140.836500
7.984620 1042.204800 83.569500
8.001100 1067.824800 133.528500
8.033810 1048.437600 163.327500
8.050420 1094.839200 168.273000
8.082890 1044.708000 154.749000
8.099490 1083.079200 159.442500
8.131710 1160.241600 141.046500
8.148320 1160.056800 127.396500
8.180790 1160.762400 142.012500
8.197750 1134.235200 126.640500
8.230470 1182.148800 138.820500
8.246950 1086.640800 138.442500
8.280270 518.700000 158.497500
8.296880 500.572800 169.123500
8.329470 495.213600 128.226000
8.345950 461.378400 216.751500
8.378540 497.246400 187.414500
8.395390 472.533600 171.811500
8.411380 470.265600 160.041000
8.429570 481.404000 160.450500
8.444460 495.280800 128.509500
8.460690 486.712800 106.060500
8.476930 477.674400 61.645500
8.493530 476.196000 53.802000
8.526000 475.288800 69.730500
8.543460 496.792800 60.763500
8.575070 484.142400 68.124000
8.591670 500.388000 43.134000
8.608030 502.504800 55.335000
8.624270 528.612000 94.122000
8.640990 553.039200 132.436500
8.657350 560.347200 155.347500
8.673710 524.529600 176.998500
8.690190 537.633600 156.660000
8.722900 677.678400 184.663500
8.739500 713.361600 165.133500
8.756350 711.547200 154.686000
8.772950 744.424800 146.611500
8.789060 707.918400 119.857500
8.805420 709.245600 133.560000
8.821900 748.843200 230.191500
8.838380 728.800800 232.144500
8.855100 730.632000 231.346500
8.871700 766.298400 184.411500
8.888670 712.118400 156.943500
8.904790 706.860000 134.032500
8.921020 717.175200 88.473000
8.937870 717.712800 134.505000
8.954350 721.106400 155.683500
8.970340 714.840000 155.851500
8.987430 734.378400 172.263000
9.019040 825.350400 143.209500
9.035640 885.360000 175.707000
9.068480 932.114400 175.140000
9.085210 906.108000 161.794500
9.101440 908.678400 127.543500
9.117550 941.522400 122.839500
9.133910 926.402400 47.764500
9.150760 926.436000 20.380500
9.167240 992.762400 10.962000
9.183470 935.188800 60.606000
9.201780 934.063200 85.102500
9.216430 1106.229600 84.808500
9.232670 1039.500000 95.476500
9.265500 1039.836000 80.104500
9.282230 1095.847200 48.331500
9.315060 1103.356800 64.564500
9.331300 1082.709600 77.364000
9.364010 1064.868000 88.578000
9.380490 1076.157600 64.932000
9.413450 1083.112800 110.806500
9.430050 923.109600 116.350500
9.462650 603.960000 141.981000
9.479490 569.318400 134.778000
9.511840 568.982400 105.987000
9.529910 610.327200 147.021000
9.561400 644.296800 130.777500
9.578370 626.539200 153.573000
9.611080 655.754400 195.583500
9.627690 627.748800 139.198500
9.643800 632.503200 149.016000
9.660160 631.243200 170.824500
9.677000 724.752000 116.676000
9.693480 728.784000 127.407000
9.710080 620.020800 137.371500
9.727660 730.346400 114.324000
9.744260 728.935200 109.000500
9.759400 776.227200 119.185500
9.774780 770.364000 134.358000
9.790890 773.774400 159.705000
9.807500 741.400800 187.666500
9.823970 802.788000 230.758500
9.840450 801.528000 225.834000
9.856690 749.044800 199.342500
9.873780 737.268000 187.320000
9.890010 737.486400 188.821500
9.906370 736.176000 190.050000
9.922850 707.817600 174.699000
9.955570 701.282400 141.256500
9.971800 742.896000 167.548500
10.004640 694.024800 166.131000
10.022220 714.991200 169.008000
10.053830 759.662400 162.655500
10.070680 757.528800 166.498500
10.103390 725.709600 201.652500
10.119510 736.831200 200.550000
10.152710 756.621600 210.945000
10.169070 761.510400 209.926500
10.201900 930.048000 222.138000
10.218630 939.607200 213.727500
10.251220 938.599200 219.219000
10.267940 907.603200 204.561000
10.301150 918.338400 210.619500
10.317630 918.288000 211.018500
10.350590 915.583200 231.756000
10.366940 887.577600 204.823500
10.401370 912.004800 191.950500
10.416140 927.628800 180.841500
10.448610 885.427200 193.252500
10.465580 919.917600 222.442500
10.498170 888.904800 227.251500
10.515500 865.267200 226.800000
10.547000 997.466400 167.622000
10.566530 972.568800 161.847000
10.599120 981.338400 203.364000
10.612670 1007.781600 207.784500
10.645750 1000.658400 218.673000
10.662350 1028.227200 211.722000
10.695070 1003.833600 224.605500
10.711430 978.516000 198.628500
10.744140 996.357600 625.548000
11.008060 540.674400 276.160500
11.025390 540.103200 271.540500
11.039920 537.096000 244.891500
11.056760 506.990400 207.994500
11.072750 503.798400 203.017500
11.089480 510.552000 221.938500
11.105830 504.436800 205.674000
11.122310 508.368000 215.712000
11.138550 500.589600 191.719500
11.155270 497.968800 193.788000
11.187870 531.031200 222.117000
11.204350 541.346400 220.710000
11.237180 542.606400 221.476500
11.253910 537.448800 229.057500
11.286250 549.410400 229.551000
11.303340 556.046400 230.779500
11.335820 500.908800 225.382500
11.352420 536.390400 224.427000
11.385130 544.773600 216.940500
11.401610 546.151200 219.880500
11.434330 559.540800 225.655500
11.450810 511.257600 211.743000
11.467530 506.436000 196.612500
11.483640 680.114400 182.248500
11.500000 693.571200 143.073000
11.516720 689.757600 122.619000
11.532710 696.914400 117.873000
11.549440 723.458400 129.213000
11.582280 751.783200 156.418500
11.599000 764.450400 160.482000
11.631470 737.940000 135.964500
11.648070 724.466400 105.903000
11.680540 707.431200 131.806500
11.697510 762.602400 58.128000
11.746830 769.120800 36.246000
11.779420 764.164800 67.882500
11.795900 740.728800 86.751000
11.828740 813.674400 99.834000
11.845090 731.001600 123.259500
11.861210 734.731200 133.308000
11.877440 800.856000 191.037000
11.894040 803.359200 207.007500
11.910280 809.642400 226.831500
11.926510 742.240800 223.051500
11.943850 736.192800 226.002000
11.975830 739.233600 187.278000
11.992800 738.175200 221.896500
12.008790 735.016800 189.147000
12.025270 821.167200 114.838500
12.042110 806.836800 67.452000
12.058840 803.426400 22.963500
12.074580 859.000800 31.500000
12.173220 819.789600 4.189500
12.222780 854.414400 22.732500
12.239260 868.543200 27.783000
12.272090 897.019200 53.361000
12.288330 901.639200 56.983500
12.321040 934.080000 29.253000
12.337650 929.308800 36.183000
12.370240 858.816000 24.087000
12.386840 827.601600 51.754500
12.403440 826.929600 83.527500
12.419680 849.408000 132.699000
12.436400 923.042400 181.104000
12.452760 923.059200 209.464500
12.468750 1022.246400 170.499000
12.485110 1036.072800 150.412500
12.501950 1039.046400 130.011000
12.518310 1050.436800 83.580000
12.534790 1054.116000 102.543000
12.567630 1040.289600 91.791000
12.583980 1027.622400 99.088500
12.616940 1123.264800 126.892500
12.633180 1125.969600 119.658000
12.666140 1144.802400 128.005500
12.682740 1176.000000 120.393000
12.715330 859.706400 113.442000
12.731570 587.260800 147.115500
12.764530 578.709600 146.769000
12.781250 609.924000 117.747000
12.814090 609.336000 162.141000
12.830570 605.673600 165.417000
12.863040 578.676000 152.617500
12.879760 594.888000 173.166000
12.911990 593.577600 175.066500
12.929200 583.665600 179.004000
12.961670 548.587200 208.026000
12.977910 613.956000 223.870500
13.010860 622.708800 209.212500
13.030030 608.025600 198.093000
13.060790 618.945600 220.069500
13.077640 589.999200 205.212000
13.110470 553.610400 205.999500
13.126950 581.700000 166.068000
13.159670 659.920800 171.811500
13.176390 682.063200 120.634500
13.208740 652.243200 154.885500
13.225950 698.325600 131.344500
13.258670 700.744800 118.996500
13.273930 663.112800 155.043000
13.306640 669.748800 178.216500
13.323490 701.904000 163.621500
13.356320 794.992800 190.291500
13.373050 802.737600 198.996000
13.405760 819.924000 180.138000
13.422360 827.450400 181.828500
13.438230 827.416800 196.129500
13.454960 813.573600 202.839000
13.471190 802.989600 210.966000
13.488040 804.619200 230.863500
13.504150 859.958400 211.207500
13.520510 844.166400 227.860500
13.553590 810.012000 239.841000
13.569950 818.596800 208.792500
13.602420 794.119200 224.049000
13.619260 798.453600 194.827500
13.652100 886.939200 237.331500
13.668820 808.869600 234.591000
13.701420 942.664800 226.380000
13.718020 911.198400 224.227500
13.750610 898.497600 221.287500
13.767330 869.349600 231.168000
13.799680 899.791200 232.564500
13.816530 935.188800 264.033000
13.849370 920.707200 232.522500
13.866090 930.148800 224.112000
13.899900 973.140000 187.267500
13.917110 969.427200 172.095000
13.947270 989.486400 206.209500
13.963750 980.851200 231.336000
13.996580 961.900800 226.674000
14.013310 1001.918400 255.234000
14.046390 986.244000 253.207500
14.062740 979.423200 260.694000
14.095340 973.946400 211.144500
14.111690 955.231200 209.443500
14.144410 999.045600 204.309000
14.161010 997.869600 203.332500
14.193970 998.407200 205.170000
14.210570 993.048000 212.194500
14.243160 991.552800 234.339000
14.259640 1059.038400 192.339000
14.292360 993.552000 250.593000
14.309200 1085.128800 213.591000
14.341670 1071.688800 238.570500
14.358400 1072.461600 177.103500
14.391110 1092.722400 200.550000
14.407710 1066.665600 401.509500
14.687620 540.237600 256.987500
14.703980 547.982400 259.308000
14.735960 595.560000 267.886500
14.752200 581.179200 275.100000
14.768920 574.375200 254.677500
14.785520 509.443200 198.975000
14.802610 493.281600 172.630500
14.835330 495.482400 187.393500
14.852050 504.554400 211.543500
14.868650 512.904000 232.785000
14.884890 536.138400 242.130000
14.902830 563.875200 237.583500
14.933720 518.431200 237.520500
14.950560 536.037600 235.567500
14.966920 528.192000 214.368000
14.983030 503.260800 228.973500
15.001100 467.997600 244.660500
15.031980 515.592000 220.006500
15.048460 506.402400 284.739000
15.064940 514.668000 304.552500
15.081050 505.243200 271.719000
15.097780 532.056000 276.727500
15.130620 489.720000 304.090500
15.147090 494.978400 267.067500
15.179690 493.113600 305.949000
15.196170 488.325600 298.095000
15.228760 532.660800 296.415000
15.245480 509.678400 275.761500
15.262080 499.413600 244.797000
15.278440 642.012000 202.797000
15.294800 640.315200 161.553000
15.311650 630.218400 120.508500
15.327270 604.128000 89.050500
15.344480 545.479200 69.751500
15.377080 612.712800 111.300000
15.393430 643.272000 102.133500
15.426390 611.956800 125.485500
15.442750 579.818400 85.911000
15.459470 586.454400 117.526500
15.475460 630.084000 140.364000
15.492070 610.142400 229.309500
15.508300 621.818400 270.291000
15.524900 621.667200 272.002500
15.541020 592.838400 268.495500
15.557860 590.452800 263.182500
15.574100 622.809600 288.771000
15.590580 624.288000 300.930000
15.607060 622.927200 290.808000
15.623290 571.183200 247.936500
15.640010 582.170400 200.340000
15.656130 579.952800 196.518000
15.672730 563.740800 227.472000
15.689090 638.215200 242.907000
15.705690 643.423200 266.154000
15.721920 627.732000 291.049500
15.738280 667.010400 327.505500
15.755000 668.992800 335.580000
15.771000 665.112000 308.532000
15.788820 654.880800 337.711500
15.804200 654.578400 333.532500
15.820430 656.174400 266.605500
15.836910 622.423200 263.224500
15.853640 620.272800 258.846000
15.869750 587.445600 267.624000
15.886350 589.797600 287.070000
15.902830 591.544800 286.555500
15.919070 560.095200 311.661000
15.935420 536.844000 265.534500
15.952150 530.644800 252.724500
15.968260 569.469600 248.608500
15.984740 551.712000 263.382000
16.001460 551.174400 258.741000
16.017700 570.998400 227.776500
16.033940 527.772000 199.888500
16.050170 525.100800 195.037500
16.066410 565.353600 252.934500
16.083250 565.824000 234.528000
16.099610 572.292000 253.795500
16.116090 635.829600 254.289000
16.132570 632.301600 277.452000
16.165280 638.685600 275.457000
16.181880 592.418400 253.690500
16.198000 589.041600 238.980000
16.216190 591.410400 217.455000
16.231810 551.006400 216.993000
16.248170 548.268000 212.215500
16.264400 593.661600 256.504500
16.281010 640.600800 261.775500
16.297490 645.540000 280.591500
16.313960 669.160800 241.111500
16.329710 673.932000 270.763500
16.362670 644.481600 247.936500
16.379030 659.786400 248.335500
16.396730 657.266400 233.803500
16.412110 670.572000 254.026500
16.428710 680.786400 242.350500
16.444950 676.720800 223.734000
16.461060 663.045600 179.266500
16.477910 636.854400 157.300500
16.510500 617.786400 168.724500
16.528930 652.075200 245.196000
16.559810 737.335200 161.521500
16.577760 803.325600 177.649500
16.593630 803.812800 191.950500
16.609990 787.332000 242.445000
16.626830 758.016000 246.372000
16.643800 760.586400 265.503000
16.658200 749.380800 296.478000
16.674680 805.408800 270.081000
16.707760 814.010400 300.426000
16.725460 746.222400 259.759500
16.741090 743.920800 228.459000
16.757080 725.390400 196.308000
16.773800 720.652800 164.766000
16.790040 713.798400 123.879000
16.806400 711.312000 125.863500
16.822880 717.880800 125.212500
16.857300 737.268000 111.048000
16.872310 758.856000 122.829000
16.904790 737.234400 123.501000
16.921390 702.273600 132.720000
16.937990 705.196800 162.760500
16.954100 760.804800 206.965500
16.970580 791.380800 265.734000
16.987300 783.400800 321.342000
17.003660 794.270400 341.869500
17.019900 805.795200 356.926500
17.036620 808.987200 338.677500
17.052610 850.668000 289.506000
17.069090 818.496000 250.131000
17.085570 816.328800 228.585000
17.102050 859.622400 271.078500
17.118410 870.861600 269.650500
17.134890 871.113600 288.477000
17.151250 856.900800 308.038500
17.167850 863.083200 302.641500
17.184200 863.654400 288.918000
17.200560 853.020000 264.621000
17.216920 804.552000 243.547500
17.233150 802.989600 238.665000
17.249760 772.296000 233.121000
17.266110 786.273600 276.475500
17.282230 787.684800 281.358000
17.299070 816.496800 256.284000
17.315430 804.518400 206.188500
17.331910 802.972800 201.306000
17.348140 771.708000 224.427000
17.364500 764.635200 245.815500
17.381470 767.088000 264.925500
17.397220 791.935200 271.141500
17.413820 809.524800 275.215500
17.446530 779.923200 295.018500
17.463130 812.884800 297.990000
17.479610 812.700000 284.077500
17.495730 824.258400 245.910000
17.512700 946.831200 220.468500
17.528930 948.057600 201.285000
17.545290 983.186400 215.764500
17.561890 980.649600 220.983000
17.594850 965.328000 224.784000
17.611330 951.636000 223.545000
17.643920 936.700800 172.420500
17.660280 957.818400 168.199500
17.693120 1003.329600 165.301500
17.709470 997.281600 166.729500
17.742550 967.125600 188.097000
17.758910 956.289600 198.376500
17.775510 954.609600 212.583000
17.791630 1125.280800 194.113500
17.810790 1106.061600 222.621000
17.826540 1101.576000 242.329500
17.842160 1073.923200 286.849500
17.857670 1100.769600 285.673500
17.890140 1119.182400 287.196000
17.906740 1132.908000 282.534000
17.939820 1137.578400 287.752500
17.956300 1142.484000 252.871500
17.989010 1099.593600 250.047000
18.005370 1099.526400 295.554000
18.037960 1046.455200 279.678000
18.054570 1051.982400 270.480000
18.087040 1053.057600 268.779000
18.104130 1045.044000 248.377500
18.136350 1034.292000 228.480000
18.153320 1038.609600 231.399000
18.186040 1066.648800 237.268500
18.202760 1060.483200 409.300500
18.498660 1098.031200 229.582500
18.531010 1117.502400 216.184500
18.547610 1112.546400 227.745000
18.580440 1114.512000 259.696500
18.596560 1110.463200 263.613000
18.629390 1103.541600 275.919000
18.647950 1084.507200 250.981500
18.680050 1067.421600 275.667000
18.696900 1062.314400 264.243000
18.730100 1106.498400 189.357000
18.744630 1018.920000 245.028000
18.777830 1024.497600 223.975500
18.794070 1016.786400 227.031000
18.826780 1017.979200 239.043000
18.843380 1039.869600 216.730500
18.876100 1051.579200 193.021500
18.894900 1084.154400 193.399500
18.927730 1013.863200 222.169500
18.941770 1051.360800 223.251000
18.958620 1053.158400 218.547000
18.975100 1096.838400 253.900500
18.993900 1129.951200 252.273000
19.010010 1130.287200 247.023000
19.025760 1128.724800 265.975500
19.040530 1096.972800 250.057500
19.057250 1094.788800 259.801500
19.073240 1120.694400 272.149500
19.090210 1147.860000 278.943000
19.122800 1106.481600 265.870500
19.139280 1105.507200 258.520500
19.171750 1100.181600 261.744000
19.187740 1107.506400 259.917000
19.221070 1079.181600 271.960500
19.237550 1090.924800 227.199000
19.270260 1075.821600 245.941500
19.286990 1092.151200 257.092500
19.319580 1078.224000 245.931000
19.336060 1071.218400 245.826000
19.368410 1106.800800 267.697500
19.385250 1080.189600 271.645500
19.418580 1069.185600 273.777000
19.435550 1076.594400 274.291500
19.467900 1051.024800 294.073500
19.486690 1063.641600 294.724500
19.516720 1088.421600 246.214500
19.533200 1091.647200 233.289000
19.550170 1096.300800 211.753500
19.566410 1122.206400 209.580000
19.582890 1101.055200 200.959500
19.615970 1139.527200 230.107500
19.633060 1121.601600 249.175500
19.648930 1116.444000 269.923500
19.665040 1110.916800 256.672500
19.682010 1101.794400 259.203000
19.698240 1106.666400 238.171500
19.714360 1132.639200 215.754000
19.730710 1123.281600 202.597500
19.747920 1127.968800 192.444000
19.763670 1054.888800 195.132000
19.782590 759.276000 208.624500
19.796630 758.167200 218.158500
19.813840 527.251200 196.518000
19.829710 525.588000 214.956000
19.845700 533.450400 236.281500
19.862300 529.116000 280.780500
19.878780 543.748800 283.237500
19.895390 539.364000 269.272500
19.911130 542.488800 226.611000
19.927980 514.164000 244.566000
19.944580 506.822400 225.991500
19.961300 518.112000 171.675000
19.977540 515.961600 193.462500
19.993650 520.396800 207.816000
20.009890 503.412000 242.214000
20.026370 484.864800 278.796000
20.042970 492.928800 297.276000
20.059080 536.709600 303.282000
20.076050 507.561600 301.759500
20.108760 514.634400 290.472000
20.125240 510.636000 283.573500
20.157960 523.118400 282.765000
20.174320 506.083200 290.482500
20.207520 492.256800 311.020500
20.224240 541.396800 284.476500
20.256350 512.568000 301.392000
20.272580 503.512800 326.728500
20.305420 473.558400 305.014500
20.322140 544.336800 357.420000
20.354610 551.174400 349.996500
20.371460 551.224800 353.262000
20.404420 577.080000 327.663000
20.423100 566.126400 339.517500
20.455810 562.783200 334.761000
20.470210 580.490400 340.515000
20.502930 462.050400 345.828000
20.519170 477.590400 374.125500
20.536990 465.813600 346.311000
20.552730 493.231200 262.111500
20.569580 457.094400 216.058500
20.591060 450.508800 206.388000
20.602050 453.986400 254.929500
20.619750 479.656800 265.986000
20.635380 496.860000 305.413500
20.651490 529.468800 351.708000
20.669190 535.869600 338.278500
20.684810 530.846400 319.210500
20.700930 492.189600 272.475000
20.716670 606.043200 602.091000
20.734990 456.069600 473.413500
21.046140 530.594400 210.766500
21.063230 528.544800 248.598000
21.094240 471.945600 262.552500
21.110960 486.796800 233.992500
21.129880 491.467200 247.726500
21.143800 474.213600 284.151000
21.160400 497.498400 302.620500
21.176640 505.293600 320.638500
21.192750 504.033600 287.878500
21.209720 515.491200 328.030500
21.242070 493.164000 368.907000
21.258420 503.428800 315.304500
21.291140 484.730400 318.234000
21.307740 569.688000 326.770500
21.340700 560.061600 323.946000
21.357060 541.111200 329.049000
21.390260 587.344800 344.631000
21.406740 589.831200 337.071000
21.439450 555.021600 301.077000
21.455810 603.019200 291.585000
21.472530 599.709600 277.599000
21.488530 537.230400 299.428500
21.505130 510.384000 281.851500
21.521730 507.628800 277.567500
21.537960 517.658400 277.452000
21.555910 544.068000 325.248000
21.570800 550.888800 342.919500
21.587280 658.140000 361.336500
21.604000 652.209600 296.089500
21.636350 643.456800 339.654000
21.652830 643.272000 324.366000
21.685790 653.570400 290.167500
21.702150 664.423200 264.589500
21.734740 651.705600 283.269000
21.751460 646.581600 273.808500
21.784180 609.369600 309.382500
21.801150 601.960800 289.359000
21.833500 626.992800 362.019000
21.850460 655.048800 364.087500
21.885380 610.579200 350.626500
21.899410 639.777600 323.337000
21.932370 731.085600 305.130000
21.948970 701.265600 295.365000
21.981570 742.576800 315.042000
22.000120 742.308000 314.895000
22.030880 752.001600 297.601500
22.047360 768.650400 300.772500
22.079830 783.585600 319.977000
22.096800 763.190400 316.932000
22.113280 762.048000 303.261000
22.129150 767.894400 327.453000
22.146240 782.325600 227.377500
22.162480 780.276000 208.446000
22.178710 807.122400 240.544500
22.195310 773.203200 247.264500
22.227660 824.796000 244.534500
22.244630 818.344800 241.594500
22.277220 788.608800 239.263500
22.293700 776.244000 211.732500
22.326900 788.743200 234.444000
22.342900 844.166400 205.705500
22.358520 843.981600 219.912000
22.374880 838.336800 265.818000
22.392460 827.181600 268.768500
22.408690 828.357600 287.500500
22.425170 815.186400 285.894000
22.443360 853.910400 298.399500
22.474240 857.102400 316.701000
22.491700 851.020800 311.577000
22.523560 881.781600 259.749000
22.540530 872.558400 275.635500
22.572140 888.316800 304.930500
22.588990 765.021600 282.912000
22.621700 764.248800 324.712500
22.638060 779.704800 308.248500
22.671020 800.822400 314.422500
22.687620 808.063200 304.878000
22.720340 804.820800 305.424000
22.736820 774.345600 302.263500
22.769650 792.657600 289.716000
22.786010 813.153600 303.345000
22.818730 807.055200 303.124500
22.835450 781.905600 302.274000
22.868040 836.673600 298.462500
22.884640 873.112800 296.635500
22.917240 849.962400 338.761500
22.934200 856.447200 318.874500
22.966800 845.930400 336.892500
22.983030 859.471200 332.262000
23.016110 850.147200 332.041500
23.032710 836.371200 320.575500
23.065190 825.081600 308.070000
23.081670 815.337600 297.129000
23.114500 838.051200 301.686000
23.131350 856.077600 300.520500
23.163820 856.094400 308.269500
23.180420 853.087200 310.086000
23.213260 821.352000 314.758500
23.229610 803.762400 313.467000
23.262450 841.024800 395.965500
23.559080 899.858400 311.220000
23.575810 949.183200 278.596500
23.607540 931.728000 258.814500
23.623900 955.432800 310.138500
23.656860 913.500000 304.867500
23.673100 947.772000 301.035000
23.705930 919.615200 296.373000
23.722900 927.813600 306.180000
23.739010 931.022400 276.391500
23.755000 948.796800 242.665500
23.771970 935.877600 208.026000
23.788210 937.809600 168.441000
23.805660 962.186400 112.738500
23.821040 924.957600 132.940500
23.837520 921.984000 163.002000
23.853760 944.932800 163.086000
23.870240 936.969600 210.934500
23.886840 934.651200 252.924000
23.903080 933.340800 329.385000
23.919430 949.300800 296.037000
23.952270 975.895200 342.405000
23.968870 921.799200 272.023500
23.985600 923.076000 257.743500
24.001710 935.424000 229.509000
24.018190 950.140800 256.063500
24.034910 949.368000 251.254500
24.051030 1002.002400 245.248500
24.067750 1051.461600 216.520500
24.084110 1051.377600 214.987500
24.100100 1057.039200 228.637500
24.117070 1089.715200 209.391000
24.149660 1049.076000 261.282000
24.166260 1072.260000 200.529000
24.182500 1072.982400 222.715500
24.198730 1046.035200 279.604500
24.215450 1038.475200 233.803500
24.248170 1041.465600 219.691500
24.264770 1037.988000 261.744000
24.281130 1037.282400 251.958000
24.297240 1055.023200 230.590500
24.313960 1083.852000 237.468000
24.346800 1061.188800 223.209000
24.363040 1021.188000 191.929500
24.379760 1019.474400 171.790500
24.396000 996.878400 209.580000
24.412480 993.434400 196.749000
24.444950 1028.361600 224.385000
24.461910 1129.800000 244.954500
24.494380 1121.299200 247.327500
24.510990 1114.108800 202.839000
24.543820 1048.504800 223.660500
24.560420 1057.257600 237.604500
24.592900 1128.187200 264.600000
24.609620 1123.399200 213.475500
24.643190 1069.504800 217.696500
24.659670 1101.458400 249.186000
24.692380 1145.054400 240.345000
24.708980 1108.766400 242.182500
24.742680 1070.630400 245.500500
24.757810 1093.310400 195.846000
24.791020 1045.312800 200.119500
24.807620 1066.564800 176.536500
24.841920 1062.516000 178.111500
24.856690 1058.332800 224.101500
24.873170 1054.804800 237.793500
24.889400 1064.851200 263.970000
24.906130 1107.590400 251.695500
24.922360 1103.104800 270.784500
24.938840 1076.796000 240.828000
24.955810 1045.716000 303.649500
24.987790 1161.770400 312.732000
25.004520 1179.124800 317.761500
25.037230 1149.842400 310.170000
25.054080 1135.982400 291.165000
25.086180 1104.448800 335.296500
25.102660 1088.371200 361.011000
25.135250 1165.970400 325.951500
25.152100 1094.654400 299.407500
25.168330 1096.603200 294.850500
25.184570 1107.859200 301.549500
25.201290 1142.769600 263.917500
25.217530 1153.420800 228.826500
25.234010 1154.781600 227.251500
25.250490 1167.684000 163.537500
25.266850 1170.909600 148.407000
25.282960 1127.918400 201.978000
25.299800 1179.175200 170.215500
25.316410 1167.818400 206.535000
25.332520 1080.576000 235.578000
25.349120 806.988000 304.332000
25.365480 808.584000 322.360500
25.381840 546.907200 407.316000
25.398440 550.132800 388.479000
25.414550 546.084000 375.952500
25.431150 534.559200 295.848000
25.447270 511.072800 337.207500
25.463750 508.166400 332.797500
25.479860 533.316000 266.826000
25.496950 538.860000 317.761500
25.512820 545.815200 335.538000
25.529420 543.513600 397.719000
25.546140 573.501600 366.849000
25.578860 512.265600 365.652000
25.595340 506.805600 362.953500
25.628170 511.610400 337.501500
25.644780 514.752000 372.970500
25.677120 519.540000 347.046000
25.694090 484.058400 425.008500
25.726680 504.739200 357.483000
25.743160 504.705600 349.597500
25.775880 525.688800 337.701000
25.792480 533.013600 341.943000
25.825200 502.320000 384.226500
25.842040 531.921600 389.434500
25.874390 542.791200 325.773000
25.891240 538.792800 349.198500
25.923950 529.636800 362.418000
25.940430 511.291200 317.782500
25.973270 487.855200 381.496500
25.989870 518.380800 362.565000
26.022340 570.108000 331.611000
26.039310 601.540800 335.401500
26.071530 584.858400 318.885000
26.088130 546.285600 322.843500
26.120730 556.197600 356.317500
26.137330 568.545600 315.913500
26.170410 555.962400 323.904000
26.187010 588.638400 288.981000
26.219730 528.292800 322.318500
26.236330 595.778400 356.664000
26.268920 550.670400 313.162500
26.285160 534.374400 356.727000
26.318120 546.252000 331.926000
26.334840 553.039200 329.710500
26.350950 544.723200 300.835500
26.367550 504.957600 277.158000
26.383910 499.968000 260.221500
26.400510 489.232800 237.846000
26.416500 509.527200 209.653500
26.433470 506.352000 265.881000
26.449830 514.651200 286.030500
26.465940 589.663200 284.592000
26.482670 651.235200 260.788500
26.499020 653.570400 274.123500
26.515010 621.952800 284.487000
26.531620 677.426400 355.929000
26.547850 681.592800 373.012500
26.564090 626.556000 341.386500
26.580810 649.370400 323.368500
26.597290 651.655200 334.992000
26.613650 668.858400 394.285500
26.630490 707.280000 428.148000
26.647090 707.145600 419.212500
26.663330 658.375200 398.338500
26.680180 652.226400 312.259500
26.696780 645.758400 287.973000
26.712890 666.439200 269.745000
26.729370 639.777600 323.830500
26.745480 642.264000 336.619500
26.762080 693.285600 336.672000
26.777710 698.107200 358.753500
26.794070 700.022400 367.395000
26.810550 717.511200 377.139000
26.827390 679.392000 349.870500
26.859990 672.588000 327.222000
26.876710 700.358400 339.486000
26.909670 661.332000 324.891000
26.925780 653.990400 330.466500
26.958500 695.704800 378.157500
26.974980 687.506400 358.795500
27.008060 741.232800 374.325000
27.024410 755.479200 335.643000
27.057130 736.713600 359.929500
27.073490 705.784800 336.357000
27.106450 814.867200 362.124000
27.122800 791.851200 383.533500
27.155880 821.654400 344.746500
27.172120 788.138400 327.495000
27.204710 739.468800 339.864000
27.221310 774.144000 357.556500
27.254520 812.599200 344.127000
27.270750 806.282400 335.979000
27.303960 760.200000 356.433000
27.319950 836.539200 312.816000
27.352540 774.648000 358.606500
27.369510 792.002400 317.394000
27.402100 814.783200 406.077000
27.418820 807.458400 382.872000
27.435300 806.853600 355.204500
27.747680 810.751200 156.796500
27.765630 769.120800 156.418500
27.780520 770.716800 181.219500
27.798220 757.310400 303.040500
27.813350 784.140000 303.145500
27.829710 786.828000 335.790000
27.845950 756.957600 324.681000
27.862550 745.836000 350.112000
27.880250 747.247200 358.869000
27.896360 800.436000 379.291500
27.913820 766.264800 391.545000
27.944580 805.845600 346.006500
27.961300 794.942400 391.965000
27.977660 794.589600 379.522500
27.994140 733.538400 332.892000
28.010500 766.584000 304.164000
28.026860 764.853600 299.628000
28.043090 753.631200 348.925500
28.059940 750.556800 345.859500
28.076540 753.278400 363.111000
28.092650 866.224800 337.386000
28.109250 827.433600 361.588500
28.125730 827.618400 348.862500
28.141970 842.503200 373.401000
28.158570 845.510400 308.857500
28.175050 844.670400 291.406500
28.191280 899.556000 281.557500
28.207520 895.154400 313.887000
28.240230 854.884800 232.092000
28.256840 881.412000 309.897000
28.289310 859.773600 302.515500
28.306400 936.751200 277.882500
28.322510 935.440800 282.208500
28.338990 971.241600 276.528000
28.355350 1011.561600 268.138500
28.372070 1010.318400 277.336500
28.388430 972.400800 295.596000
28.405030 980.397600 294.283500
28.437740 1002.993600 267.960000
28.456910 989.772000 289.800000
28.486940 999.112800 267.571500
28.503540 1031.284800 308.826000
28.536250 966.907200 299.239500
28.552860 998.004000 255.391500
28.585330 1092.033600 284.476500
28.601810 1100.652000 276.853500
28.618290 1102.533600 272.443500
28.634160 1065.540000 265.230000
28.650880 1081.231200 251.412000
28.668210 1083.163200 242.098500
28.683590 1121.148000 240.838500
28.700070 1084.255200 213.213000
28.733150 1114.209600 237.468000
28.749630 1086.220800 243.694500
28.782350 1076.292000 241.332000
28.798830 1087.447200 261.859500
28.831540 1177.008000 242.088000
28.847900 1166.860800 267.067500
28.864990 1161.720000 280.245000
28.880620 1186.248000 266.941500
28.897090 1151.404800 266.857500
28.913570 1146.045600 285.715500
28.929930 1127.834400 276.559500
28.946530 1131.496800 287.595000
28.962650 1136.469600 273.630000
28.979490 1182.132000 288.886500
28.995360 970.989600 223.377000
29.012210 972.636000 204.319500
29.028690 538.053600 317.289000
29.044920 537.012000 332.787000
29.078000 546.823200 307.324500
29.094240 545.580000 354.186000
29.111330 549.528000 366.366000
29.127930 551.728800 344.799000
29.144290 568.797600 409.678500
29.161010 575.114400 425.754000
29.176880 538.742400 388.080000
29.194700 563.220000 445.116000
29.225710 520.396800 440.968500
29.242310 511.459200 474.085500
29.259030 506.788800 462.535500
29.275150 500.522400 423.538500
29.291630 522.362400 359.068500
29.308110 519.472800 354.753000
29.324220 529.586400 411.810000
29.340700 517.070400 431.182500
29.357180 524.378400 446.901000
29.373410 490.089600 424.494000
29.390140 525.184800 434.427000
29.424190 532.896000 449.830500
29.442140 542.488800 440.128500
29.472170 540.439200 430.741500
29.489620 516.835200 444.444000
29.522090 516.566400 424.473000
29.539060 598.046400 417.070500
29.571290 643.910400 416.661000
29.588500 628.152000 457.537500
29.621340 652.377600 412.681500
29.637940 612.091200 427.119000
29.654170 605.253600 401.247000
29.669800 646.178400 397.614000
29.685420 604.867200 346.027500
29.702510 593.359200 311.934000
29.718260 570.948000 322.749000
29.735230 590.301600 324.145500
29.753050 593.712000 337.848000
29.769530 612.880800 345.859500
29.785520 579.549600 323.347500
29.801510 589.344000 354.375000
29.817500 660.844800 392.259000
29.834230 629.899200 419.370000
29.851200 628.538400 409.164000
29.866940 639.004800 393.162000
29.883670 584.774400 328.503000
29.900150 579.213600 320.040000
29.916630 640.180800 315.829500
29.933590 706.876800 390.463500
29.950810 710.572800 398.989500
29.966310 725.642400 317.604000
29.982670 724.500000 328.597500
30.000240 717.914400 293.559000
30.014400 722.265600 357.451500
30.030880 759.208800 302.127000
30.064090 754.891200 330.865500
30.080690 709.413600 282.261000
30.113280 720.770400 300.079500
30.129640 761.208000 308.889000
30.162720 720.098400 296.688000
30.179690 774.093600 314.496000
30.213130 823.082400 297.391500
30.228270 822.813600 330.687000
30.261960 793.380000 312.270000
30.279170 762.266400 295.942500
30.294920 763.056000 309.466500
30.311520 768.885600 307.135500
30.328490 818.529600 360.717000
30.343140 819.890400 390.862500
30.359250 808.231200 414.844500
30.375980 825.804000 406.119000
30.392330 827.282400 410.371500
30.408690 820.428000 357.094500
30.425780 753.295200 390.379500
30.441650 750.741600 374.293500
30.458130 760.972800 365.988000
30.474610 709.027200 395.566500
30.507320 766.315200 335.559000
30.524540 716.184000 332.535000
30.540410 717.645600 344.809500
30.556520 763.425600 424.095000
30.573490 743.551200 411.505500
30.590090 746.390400 427.570500
30.605960 736.176000 433.156500
30.622800 775.202400 416.556000
30.655270 747.835200 436.537500
30.672000 781.569600 421.102500
30.688480 781.032000 408.828000
30.704350 854.733600 385.801500
30.720950 823.048800 419.338500
30.737670 821.604000 415.233000
30.753660 814.195200 384.394500
30.770020 792.036000 455.353500
30.786870 793.900800 470.599500
30.802730 799.915200 409.342500
30.819700 787.348800 411.610500
30.852540 783.249600 389.907000
30.868900 788.323200 400.134000
30.901730 793.430400 408.544500
30.918330 779.772000 414.918000
30.951050 774.883200 419.013000
30.967900 757.108800 440.338500
31.000370 846.232800 438.805500
31.016850 943.068000 411.306000
31.033200 941.388000 402.958500
31.049680 939.355200 402.433500
31.066280 958.507200 366.628500
31.082400 957.012000 358.092000
31.099000 947.688000 344.599500
31.115840 963.127200 328.996500
31.131840 963.110400 328.881000
31.148320 971.745600 302.211000
31.165280 957.499200 286.839000
31.181030 955.785600 276.318000
31.197390 889.862400 298.441500
31.213750 898.665600 313.593000
31.230220 898.648800 315.126000
31.246580 895.591200 354.784500
31.263060 908.056800 332.178000
31.295780 907.132800 329.185500
31.312500 929.510400 363.132000
31.328860 928.099200 375.312000
31.344970 923.664000 375.816000
31.361820 937.288800 598.804500
31.380620 936.230400 611.478000
31.675170 938.767200 605.860500
31.693600 966.252000 368.571000
31.707150 997.584000 353.461500
31.723270 1002.590400 322.171500
31.739380 982.312800 282.429000
31.755860 871.600800 324.502500
31.772950 870.021600 331.285500
31.788570 871.416000 317.131500
31.805540 838.908000 410.413500
31.823730 840.789600 444.360000
31.839480 811.759200 431.424000
31.855470 863.469600 414.666000
31.887330 861.655200 433.660500
31.904050 831.986400 416.041500
31.937740 829.785600 433.387500
31.954830 830.407200 413.584500
31.986450 881.025600 400.596000
32.002690 854.985600 376.152000
32.019170 855.556800 363.478500
32.035280 896.397600 383.659500
32.052000 900.648000 354.648000
32.068240 900.900000 337.995000
32.084590 865.267200 360.013500
32.101810 889.795200 365.767500
32.134030 945.705600 337.932000
32.150760 991.267200 334.393500
32.166750 988.881600 346.983000
32.183230 925.176000 285.568500
32.199950 903.050400 317.572500
32.216550 902.664000 335.485500
32.232670 967.276800 365.872500
32.249390 964.521600 374.535000
32.283810 998.995200 401.289000
32.298710 975.475200 418.267500
32.332150 970.670400 377.370000
32.348510 1006.454400 412.219500
32.365110 1006.252800 407.578500
32.384520 1019.138400 416.146500
32.398560 981.573600 399.430500
32.413330 984.026400 391.188000
32.429440 1019.071200 384.111000
32.446170 1003.413600 370.009500
32.462400 1002.976800 366.586500
32.479000 965.798400 385.654500
32.495360 1022.834400 378.577500
32.511840 1020.028800 395.451000
32.528320 977.071200 407.851500
32.544560 968.150400 419.821500
32.561040 970.032000 407.914500
32.577640 970.653600 387.471000
32.594120 988.848000 357.577500
32.610960 988.780800 352.905000
32.626590 973.610400 395.724000
32.643190 997.701600 403.777500
32.659550 995.433600 420.063000
32.675900 988.545600 396.291000
32.692630 991.317600 385.990500
32.725590 1105.238400 421.795500
32.741210 1056.686400 434.542500
32.774170 1098.720000 408.492000
32.790410 1058.786400 417.459000
32.823970 1063.305600 360.895500
32.840090 1102.130400 403.651500
32.856320 1106.582400 391.240500
32.872680 1122.828000 364.906500
32.889160 1117.956000 411.621000
32.905760 1122.458400 395.955000
32.922120 1126.204800 339.150000
32.938720 1104.028800 352.569000
32.971440 1137.578400 327.673500
32.987920 1121.836800 328.734000
33.020630 1070.008800 375.049500
33.037230 1216.605600 336.504000
33.053590 1210.994400 348.747000
33.069950 1123.416000 401.005500
33.086430 1155.033600 407.610000
33.102780 1149.607200 423.895500
33.119260 1183.005600 395.283000
33.135740 1161.568800 399.588000
33.168580 1143.928800 383.092500
33.185060 1179.578400 389.644500
33.201660 1182.585600 381.223500
33.218140 913.500000 389.623500
33.234500 636.787200 376.761000
33.250490 634.317600 368.529000
33.267090 587.529600 449.799000
33.283690 542.925600 402.864000
33.300290 546.268800 410.812500
33.316410 570.057600 423.769500
33.333010 564.883200 423.486000
33.349490 568.125600 431.434500
33.366820 546.924000 375.553500
33.382080 543.463200 372.739500
33.398680 542.858400 368.455500
33.414790 489.972000 455.920500
33.431640 490.963200 450.838500
33.448000 482.966400 435.676500
33.463990 515.524800 395.104500
33.481450 510.081600 386.284500
33.497190 510.686400 390.190500
33.513790 558.633600 409.573500
33.530150 546.991200 401.761500
33.546510 553.761600 417.984000
33.562870 516.196800 407.547000
33.579350 474.650400 431.833500
33.612060 584.791200 416.251500
33.628540 546.840000 427.518000
33.661500 547.008000 457.716000
33.678100 607.941600 472.500000
33.710690 598.365600 484.239000
33.726810 569.116800 465.097500
33.759520 508.838400 459.679500
33.776490 572.863200 462.000000
33.809810 540.036000 428.526000
33.825320 500.724000 440.086500
33.858520 529.636800 441.273000
33.875000 557.088000 429.870000
33.891240 557.088000 429.870000
33.907840 600.465600 441.504000
33.924320 651.302400 457.002000
33.957150 615.300000 439.960500
33.973270 648.160800 435.991500
34.006470 613.485600 412.576500
34.022830 612.796800 408.912000
34.055660 635.628000 464.572500
34.071900 719.796000 424.998000
34.104860 724.735200 435.025500
34.121460 693.688800 437.136000
34.154300 697.216800 428.211000
34.170650 713.680800 440.485500
34.203490 720.316800 461.727000
34.219850 709.296000 412.387500
34.236570 707.565600 400.134000
34.252690 748.356000 444.150000
34.269170 783.854400 351.414000
34.285770 781.872000 334.677000
34.302000 834.069600 361.420500
34.318730 838.101600 358.480500
34.352170 860.848800 342.048000
34.367800 863.520000 338.404500
34.400270 849.660000 349.324500
34.417240 839.664000 364.980000
34.433470 839.664000 364.980000
34.449950 819.856800 368.529000
34.466190 818.059200 360.864000
34.499270 807.945600 391.314000
34.515990 835.682400 398.380500
34.548580 854.632800 419.034000
34.565190 976.315200 360.286500
34.597780 984.564000 412.156500
34.614260 984.278400 411.726000
34.646970 1004.472000 409.710000
34.663450 1027.404000 399.546000
34.680660 1026.009600 403.242000
34.696290 967.125600 363.163500
34.713010 962.169600 388.899000
34.729370 964.824000 379.690500
34.745730 1053.847200 334.120500
34.762330 1031.116800 295.113000
34.778560 1032.074400 281.673000
34.794680 1017.542400 302.715000
34.811160 1004.522400 321.531000
34.827640 999.348000 352.905000
34.843870 1017.240000 383.974500
34.860470 1011.931200 441.336000
34.878050 1010.637600 449.211000
34.894040 988.999200 408.817500
34.910890 1018.046400 395.524500
34.942990 989.352000 436.905000
34.960330 989.352000 436.905000
34.975710 989.352000 436.905000
34.993160 989.352000 436.905000
35.011720 989.352000 436.905000
35.026250 989.352000 436.905000
35.042360 989.352000 436.905000
35.058960 989.352000 436.905000
35.075560 989.352000 436.905000
35.092040 989.352000 436.905000
35.108520 989.352000 436.905000
35.128050 989.352000 436.905000
35.140870 989.352000 436.905000
35.157470 989.352000 436.905000
35.173950 989.352000 436.905000
35.190310 989.352000 436.905000
35.206670 989.352000 436.905000
35.223020 989.352000 436.905000
35.240360 989.352000 436.905000
35.256230 1140.384000 415.600500
35.288820 1078.526400 420.388500
35.305660 1115.923200 458.850000
35.340580 1113.084000 441.052500
35.355590 1092.369600 442.690500
35.371460 1101.290400 417.511500
35.386600 1101.324000 384.615000
35.403560 1093.176000 307.891500
35.419680 1092.604800 293.853000
35.436280 1086.724800 373.359000
35.453000 1133.647200 355.971000
35.469240 1122.760800 395.986500
35.485350 1180.922400 432.579000
35.501950 1175.412000 442.617000
35.518550 1175.042400 443.583000
35.534550 1150.396800 447.331500
35.551390 1187.020800 448.812000
35.583740 1186.684800 398.674500
35.600710 1175.596800 400.113000
35.633420 739.788000 431.613000
35.650630 659.013600 437.566500
35.683960 635.829600 478.999500
35.700070 633.192000 432.642000
35.716550 626.908800 406.591500
35.732670 642.448800 363.300000
35.749510 614.073600 323.977500
35.765750 602.968800 289.023000
35.781740 581.397600 323.347500
35.797360 606.009600 319.042500
35.830080 612.511200 310.926000
35.847050 550.989600 338.908500
35.879520 624.237600 350.521500
35.897340 641.121600 392.217000
35.912350 645.859200 412.020000
35.928220 431.928000 379.092000
35.945070 437.959200 392.836500
35.961300 453.028800 422.793000
35.977660 482.815200 442.207500
35.994140 473.205600 433.398000
36.010380 477.372000 441.367500
36.026980 492.828000 463.491000
36.045040 506.738400 441.997500
36.077880 515.088000 404.187000
36.094120 516.213600 442.102500
36.126340 515.491200 489.730500
36.142580 515.592000 480.123000
