0.000000 164.739589 220.210111
0.016850 72.642152 99.591534
0.049320 -42.199522 -25.766002
0.065920 -20.052815 -41.193694
0.083500 -0.176548 -82.730677
0.097660 18.000421 -66.270886
0.114260 8.533184 -52.243273
0.131100 -4.103895 -23.833293
0.147950 -2.822580 -44.259731
0.165770 2.809273 -13.712557
0.197750 2.183907 6.914476
0.213620 -1.642316 0.257238
0.246830 -5.154335 13.594611
0.265870 -0.265465 11.645006
0.280760 6.735132 6.312983
0.296880 9.935719 -2.966848
0.312260 8.362308 1.016618
0.328610 -0.806376 -4.162114
0.345460 -8.455458 -12.739967
0.361330 -4.567154 -6.317024
0.378170 -8.212792 -30.402511
0.394780 -13.182765 -44.639975
0.410640 -8.929372 -66.605744
0.427980 -9.750592 -62.263943
0.641110 -3.658896 -30.673854
0.886230 -11.516945 -11.894889
0.935790 13.087311 12.561912
0.952390 91.416070 -1.599899
1.330810 78.926481 -5.325292
1.592770 41.166847 -1.121904
2.003660 -12.636427 2.252078
2.036870 -0.621133 0.105003
2.052730 38.461295 -2.559549
2.085940 12.698350 -0.434755
2.118900 7.534317 3.655886
2.135500 -1.397492 5.780814
2.151370 1.184424 5.471950
2.168950 -1.987776 4.360920
2.184330 -2.732340 -2.904257
2.201170 -0.793825 -5.399507
2.217530 0.566845 -3.866316
2.233890 4.161699 9.894919
2.250730 15.749381 9.734298
2.266600 19.528880 -0.900109
2.282710 37.529209 -6.426893
2.300050 -22.300043 -8.038543
2.316650 -102.236671 -3.475865
2.431150 -139.230548 -6.213014
2.546880 -100.978207 -4.312317
2.743410 -15.478598 2.268760
2.776860 6.141110 5.596044
2.792720 9.153097 3.574441
2.808840 0.682074 -3.609528
2.825930 9.724205 15.127889
2.841550 12.440378 29.726772
2.858400 10.369482 23.440212
2.873050 -6.805826 3.806680
2.891360 -8.794978 -15.479104
2.907960 6.880981 -7.289827
2.924800 7.263562 -13.483090
2.938480 -1.943998 -15.626961
2.954830 -15.400762 -11.543880
2.971190 -4.745932 -4.104510
2.991700 4.984252 7.450448
3.008300 8.303825 13.675274
3.024900 2.512770 12.560281
3.037600 6.317128 4.623591
3.053960 12.366887 -0.693104
3.072750 12.986527 -7.241792
3.086670 11.141628 -2.111374
3.103030 6.088108 2.893743
3.119380 5.300034 3.260614
3.135990 -2.823563 -3.522908
3.152100 -6.139900 -12.161996
3.168700 -3.965530 -12.014987
3.186280 0.383530 -8.065171
3.202640 2.211542 -6.656933
3.219970 6.135817 -0.430431
3.238770 -5.751836 8.701181
3.250730 -14.371721 7.610290
3.267580 -19.059340 16.643127
3.283940 -9.246625 23.886143
3.300290 2.279439 24.530170
3.317870 -2.385179 7.792011
3.350100 -2.858079 -8.528439
3.368160 -1.920445 -11.362327
3.383540 7.127240 -6.598431
3.398680 9.517605 -1.433203
3.415530 3.184674 -0.667396
3.432620 -5.263742 9.293904
3.448490 -9.279401 7.837376
3.467530 -0.377670 4.648991
3.481690 0.734358 2.020619
3.497070 -5.259659 3.279706
3.513920 -5.921314 6.287914
3.530270 4.204720 -0.669925
3.546390 4.578155 -1.640799
3.563230 36.196103 -5.508786
3.579100 62.765707 -0.528109
3.595700 58.920987 2.170680
3.614260 29.827850 2.507213
3.631100 -5.854136 -0.124732
3.646480 4.879571 -11.111144
3.664060 4.611007 -15.323568
3.681640 2.423551 -14.072777
3.696530 3.469306 -4.989138
3.713130 -0.585483 2.024541
3.729250 -4.351780 -1.022620
3.745850 -4.852957 -5.975105
3.761960 3.807355 0.361650
3.779300 3.174051 11.710926
3.794680 -3.568241 15.438206
3.812010 -9.525922 11.027479
3.828610 -4.590139 3.930395
3.843990 7.641720 -4.431000
3.861330 5.618916 0.210384
3.876950 -3.547524 3.381684
3.894290 -12.198132 8.358296
3.910160 -9.161263 -3.147176
3.926510 -2.071702 -11.958068
3.943360 1.885703 -7.189763
3.959720 3.704640 -4.319382
3.975590 -0.916917 -1.337321
3.991700 -5.948647 -8.509230
4.008540 -8.425025 -10.585669
4.024410 -9.896894 -8.067794
4.039790 -8.919997 3.177704
4.057860 -10.538504 7.168876
4.091800 -3.931090 4.759924
4.112790 -3.531154 3.070433
4.125730 -3.455015 6.674158
4.141110 -3.264253 11.813162
4.156010 2.871991 10.845737
4.172850 6.192032 0.392485
4.189210 1.058648 -9.441505
4.205320 0.522462 -17.092791
4.221920 -0.071413 -12.548019
4.238530 4.432078 -3.265647
4.254880 -4.735762 8.049506
4.271730 -9.164590 21.649714
4.288330 -4.484777 25.581065
4.306150 -2.743720 11.649542
4.322270 0.076744 -9.050539
4.338380 -3.521249 -15.249119
4.355470 -3.112127 -6.836646
4.369870 3.273666 2.713249
4.386230 -1.786654 1.186976
4.402830 1.862944 5.653696
4.435790 5.024401 7.214951
4.451660 3.238130 3.757297
4.484860 0.967500 -4.529363
4.501460 2.299098 -12.306453
4.520020 10.235278 -7.906416
4.536130 7.399053 -3.808097
4.552980 8.227876 -2.592108
4.567380 10.262232 0.604002
4.583010 15.879272 0.827311
4.600590 7.232147 9.313869
4.616700 -1.376813 10.167675
4.634030 2.937507 3.186777
4.650880 -2.535793 -0.861453
4.670900 -6.058129 -7.509187
4.683350 -4.815379 -12.597636
4.698730 1.434881 -11.554891
4.731200 4.945011 -3.139923
4.747800 -1.828882 12.286890
4.763920 4.486100 11.190249
4.779790 12.756681 2.189889
4.797610 3.103772 -5.536005
4.813230 -5.217885 -10.808193
4.829350 -6.003690 -8.196777
4.846190 -3.560226 -6.998024
4.862060 0.396308 -1.735641
4.878420 -2.877624 -4.346767
4.895750 -13.035634 32.362676
4.928710 -41.787777 44.784145
4.945070 -53.637063 36.536657
4.977780 -32.118666 14.152613
4.993650 4.954802 -7.341950
5.010500 10.272666 5.328151
5.026860 -2.415045 -2.964532
5.042720 -8.088794 3.264277
5.059080 -8.993904 5.709670
5.076660 -2.769389 2.224859
5.094730 4.770505 7.666288
5.109130 12.873040 9.145192
5.125490 13.251378 7.772140
5.141850 -0.464810 3.873523
5.157960 -10.464181 -5.502241
5.174800 -2.759560 -13.867717
5.191160 -8.867562 2.782692
5.209230 -9.423397 21.670552
5.224610 -10.935710 26.468489
5.240480 -2.008644 4.822751
5.257570 1.333829 -17.855813
5.273440 -9.259819 -17.627509
5.289790 -0.617655 5.146358
5.306150 1.391746 21.062822
5.324710 -1.513893 19.074702
5.339110 -3.990028 9.713270
5.355960 13.956300 -0.238903
5.371580 34.447706 -6.345684
5.388920 29.556344 -15.577912
5.420410 12.901317 -10.054688
5.436520 -1.372049 7.868777
5.453610 -6.891605 4.649416
5.469240 -13.695645 -16.004353
5.486330 -1.799810 0.517642
5.502930 10.704955 22.434232
5.518800 12.050432 33.199078
5.536130 7.275509 12.294569
5.552730 -0.843652 -8.002085
5.569090 0.140861 -6.064749
5.586430 -4.450904 -4.019520
5.602780 -4.910193 -4.444161
5.618900 5.045458 -8.372851
5.635990 -10.348236 -7.795839
5.652590 -20.918741 2.760788
5.667970 -18.572220 10.057074
5.685060 -11.997999 4.655300
5.702390 -2.852635 -0.987839
5.717290 -5.925095 -0.238241
5.734130 -9.147465 -6.303343
5.751950 2.641420 -3.061029
5.766360 13.000892 7.894012
5.783450 5.818259 -4.942686
5.799800 -3.662563 -25.691134
5.815670 -14.658988 -41.456565
5.833740 0.996156 -23.053390
5.850340 9.581229 4.961683
5.866210 1.994505 7.630917
5.882320 1.647155 6.279077
5.897710 -1.110289 -2.551705
5.914310 0.016332 -8.318862
5.929930 -0.572289 -11.203527
5.947020 1.572301 -4.532364
5.963870 4.680832 3.772514
5.979250 0.623514 -0.415333
5.996340 -3.894533 2.330240
6.012700 -9.650751 2.907353
6.030520 9.037001 6.272367
6.047360 27.080772 11.095786
6.063720 25.925839 5.935481
6.082030 15.448204 11.374472
6.095950 -6.614498 -2.423452
6.110840 -10.278375 -20.718945
6.127930 -6.128483 -14.119724
6.144040 0.885161 -0.775305
6.160400 -0.079428 12.165918
6.176760 14.273772 -5.460869
6.193600 31.565198 -5.671535
6.210690 38.113776 9.188501
6.226560 15.870956 10.478448
6.243900 -12.003631 1.366171
6.260010 -8.884839 -14.865110
6.275630 -2.730904 4.173078
6.292720 1.456278 10.699058
6.308350 6.814824 3.748130
6.325200 2.005733 -1.472497
6.357670 -6.388918 -2.332933
6.374270 -5.610334 2.321686
6.390870 3.405416 -5.623121
6.408200 16.729043 -8.185271
6.423580 3.737417 -5.234986
6.438960 -7.860191 -8.927368
6.455320 -2.725838 -13.741973
6.473140 -12.475838 -2.339265
6.489010 -24.101446 16.547155
6.505130 -28.561859 29.035861
6.521480 -16.455011 4.460157
6.538090 5.176337 -4.947033
6.554200 8.484151 2.952647
6.571290 -1.788998 9.597093
6.587890 -15.513755 1.373897
6.604250 -23.059391 -18.175716
6.621340 -6.597675 -3.706119
6.639650 7.947179 7.520694
6.653810 5.858445 11.090281
6.670410 -3.727058 0.337573
6.686520 -9.917157 -6.585648
6.702640 -6.443206 -3.438533
6.719730 -2.534130 -1.248503
6.737300 -0.062983 -5.498910
6.751710 -6.100357 -12.212275
6.769040 2.174380 -4.640721
6.785160 10.178761 15.359079
6.802000 30.695545 14.634487
6.818600 33.174756 -3.149303
6.850830 19.597718 -19.673227
6.867680 3.231249 -6.852926
6.883790 -7.948653 5.509920
6.900150 -1.482401 0.651778
6.917240 0.963266 -3.985756
6.949950 4.539178 -3.707111
6.967530 2.627394 5.051114
6.982420 0.157117 6.149810
6.998780 -8.849530 8.512443
7.015140 8.576091 3.966452
7.031490 23.235203 1.819615
7.048580 22.823059 -4.473270
7.066410 8.433909 4.366803
7.080570 -8.279668 11.027739
7.097900 -0.540306 13.708304
7.113530 3.138590 2.202223
7.146970 5.835233 -13.333577
7.164310 0.527528 -11.487576
7.178960 -2.364273 -11.139521
7.195070 0.762523 -9.265881
7.212400 2.152718 -3.771852
7.229250 -6.917538 -1.038805
7.245850 -16.258436 -6.242950
7.261720 -11.284225 2.118887
7.280030 -3.364246 8.296274
7.298830 -1.163669 13.388936
7.312740 3.526996 -3.163456
7.327640 5.013929 -0.305085
7.343750 3.073188 24.437724
7.360350 -1.859693 15.255829
7.377200 -0.905576 -6.263365
7.394290 7.863972 -21.410572
7.408940 2.571292 -15.485956
7.425540 -4.486441 -23.575279
7.441160 -7.533146 -28.401384
7.459470 -6.952697 -19.480980
7.491460 -5.060277 -1.066544
7.510740 -0.168383 8.032707
7.524660 2.358527 1.265539
7.541020 1.159813 0.345867
7.557860 1.866611 -0.903416
7.574220 0.488967 -4.104510
7.590090 1.077172 -5.720941
7.607180 -3.364246 -2.729032
7.622800 -1.937269 5.080602
7.639650 14.111142 15.700511
7.656490 -12.644480 14.740288
7.673340 -48.105283 6.125662
7.688480 -59.909145 -2.064070
7.705570 -31.043513 -5.763471
7.723390 9.302159 -1.644367
7.737790 9.206930 2.564015
7.753910 -1.474916 -9.718137
7.769780 -6.580927 -10.582739
7.788090 -3.719497 -1.324822
7.803470 1.791947 2.900382
7.820070 6.349488 6.077367
7.838870 3.484843 1.484169
7.853520 6.845218 8.485531
7.869630 1.260450 1.712179
7.886720 -6.042516 -9.470496
7.902340 -10.709983 -9.946143
7.919430 21.665888 -12.933025
7.935550 48.236937 -14.631982
7.953610 45.020363 -7.299514
7.968510 20.330432 -7.046792
7.984380 -1.190549 -7.355914
8.000980 5.201175 -12.051467
8.033450 0.282062 -6.281865
8.052000 4.271030 7.132206
8.066410 -0.147514 10.294484
8.082520 -4.502621 14.027129
8.098630 -7.615597 4.832533
8.115230 -4.779389 -4.373868
8.131590 2.909645 -12.527912
8.148930 -2.282313 -9.557186
8.167480 -0.867280 3.394065
8.181400 -7.975268 6.418009
8.198000 -2.925598 12.597376
8.229490 13.804859 4.989115
8.246340 25.212325 -4.233069
8.279540 26.327614 -4.360376
8.296140 3.918879 -10.249143
8.312990 -7.421169 -3.641638
8.328860 -7.779176 -6.288056
8.344970 -2.625164 -1.804966
8.362060 -2.409450 0.797799
8.377690 -10.048299 -4.217451
8.395260 -4.718448 -0.133120
8.411130 26.527915 4.781118
8.427250 44.569864 10.119309
8.444580 37.489260 5.969057
8.460450 12.573258 0.962250
8.476810 -3.195032 -1.032780
8.493410 -2.425668 -5.028479
8.526120 -6.746662 -6.714821
8.542720 1.097095 -10.227547
8.559330 4.257496 -0.649864
8.574950 4.933783 8.145174
8.592040 0.244370 6.904812
8.609380 -8.764432 -4.200203
8.624510 -8.874027 -12.227255
8.641110 -10.526180 -5.169892
8.657710 -10.738827 1.275983
8.673830 -9.800796 2.291253
8.690920 -8.419544 6.262089
8.706540 1.810169 3.205892
8.723390 5.405622 -1.951814
8.739750 6.927216 -4.434001
8.756350 5.461951 -5.355205
8.772460 7.431376 -0.664585
8.789060 -12.290562 -0.424193
8.805420 -25.392518 8.426108
8.821290 -20.106608 13.215749
8.838870 -5.227865 9.143538
8.855220 3.892832 2.675539
8.871580 -10.373187 -1.762128
8.888430 -2.542939 0.385491
8.904540 3.074435 0.940182
8.920900 3.193256 -0.668932
8.937010 0.644383 -4.725971
8.953370 2.411832 -3.213240
8.970210 4.725820 -2.607183
8.985840 -29.349283 5.558523
9.019040 -43.928140 11.125982
9.035400 -54.976415 9.746065
9.052490 -46.741757 6.506684
9.068850 -29.383491 1.523557
9.084470 -12.499503 -0.594906
9.101070 13.721918 0.887113
9.116940 10.359389 5.164268
9.134030 6.896141 5.394758
9.167720 2.271387 -0.174540
9.183350 1.003604 -1.082446
9.199950 -7.160432 -1.958690
9.216060 -10.168440 -5.600486
9.232420 -12.703000 -10.200801
9.248540 17.961371 -15.532335
9.265870 32.353577 -8.960778
9.281010 27.352928 -2.544758
9.313960 6.733431 2.422672
9.331050 -8.466724 7.215021
9.363770 3.146907 4.426345
9.380620 -1.591619 0.366896
9.397220 2.575942 0.186165
9.412840 3.548922 -1.249236
9.429930 4.118563 -0.518091
9.446290 3.350183 4.386107
9.462400 3.218169 9.827816
9.478270 0.392716 11.904789
9.496090 -2.171620 0.148904
9.511720 2.037413 -28.856246
9.528810 -10.946900 8.857005
9.544680 -22.665883 59.498443
9.561280 -26.738346 77.019883
9.577880 -6.287186 33.807062
9.593750 16.879536 -16.490900
9.610110 14.941038 -8.936182
9.626460 6.972846 4.920405
9.642820 -9.066866 6.434785
9.659420 -14.907431 -3.739647
9.675780 -7.357317 -12.586319
9.692380 9.817278 -7.824216
9.708500 18.565227 3.183374
9.725100 6.744772 14.713141
9.741940 5.081183 18.242532
9.758060 9.979193 0.470008
9.774660 13.295495 8.689745
9.791260 0.339903 -5.277540
9.807130 -18.320381 -22.798753
9.823730 -3.507262 -6.084904
9.840090 4.689036 8.515444
9.856690 8.182435 19.327362
9.872800 -10.037525 -6.891085
9.905760 -18.459494 -19.866395
9.922610 -21.092439 -5.891274
9.938960 -19.966476 -4.293958
9.955810 -8.222962 1.720969
9.971440 -3.197036 -1.949120
9.988280 7.252448 -1.576200
10.004880 5.556954 -1.061960
10.020750 1.835611 4.760869
10.036870 -4.186877 4.709502
10.054690 -9.769305 -3.100322
10.070310 6.444302 3.328521
10.087890 16.915524 4.049173
10.103520 14.174614 0.011838
10.119870 -0.457703 2.128598
10.135990 -14.390622 -1.967125
10.152830 -14.751530 -4.179197
10.168700 7.287682 -1.250653
10.186280 36.259070 8.326021
10.202390 38.887158 15.797901
10.218510 22.466973 5.044735
10.234860 -1.711876 -0.666758
10.250730 -2.329758 2.825482
10.267580 -0.025027 -3.442100
10.283940 -1.952957 -8.519272
10.301760 -3.695605 -11.721913
10.318120 -3.319410 -8.870071
10.333010 -1.545422 6.434501
10.349370 3.726000 18.715864
10.366210 -5.047461 5.576480
10.382810 -13.800436 -13.491360
10.400390 -12.450849 -25.354642
10.417480 -12.445670 1.026164
10.433350 -2.819291 22.371482
10.449460 -1.211681 19.061613
10.470460 8.672643 -4.948593
10.481930 8.438748 -13.652261
10.497560 -1.200416 -3.825747
10.514400 -6.180275 7.644314
10.531740 -14.355390 43.505447
10.546880 5.300034 96.850482
10.563960 -0.054250 106.496420
10.594240 -6.643645 52.747655
10.611080 -14.749867 -9.306048
10.628910 -26.252506 -18.978330
10.661380 -22.952301 8.740025
10.710690 -13.563333 0.404629
10.727540 26.028201 4.309647
10.743410 47.640072 7.827689
10.763430 29.000023 9.822665
10.778560 -8.579796 -2.562290
10.798580 -43.617536 -11.339243
10.810300 21.193558 4.514643
10.826170 88.311329 8.088728
10.840090 95.079068 0.014980
10.857420 51.818595 3.781469
10.875730 25.134834 -15.858008
10.891850 37.240948 -1.930076
10.939210 9.320078 11.376102
10.955570 -21.866311 14.036155
10.972170 -19.365802 13.322047
10.988530 15.683755 -23.422847
11.007080 16.088474 -18.836950
11.039550 20.311720 -12.143803
11.056150 -5.684960 -5.034126
11.073000 -45.097417 -18.724511
11.089110 -45.062575 -20.659431
11.105470 -56.115976 -69.581472
11.121340 -32.033093 -87.680579
11.137700 -10.862787 -63.276399
11.154790 -4.806117 -38.035693
11.171390 6.485811 8.965054
11.187260 -10.794739 -0.907032
11.203860 7.267834 -2.849441
11.220210 4.908567 6.500234
11.236330 -13.190515 11.384939
11.253170 -7.785565 10.214646
11.270260 0.153109 0.677840
11.285890 7.068945 -13.461424
11.302490 5.437605 -5.147681
11.319820 -0.457362 4.730366
11.336910 -7.954664 -38.951752
11.351320 -23.250702 -54.917540
11.385740 10.394849 -30.325757
11.403080 -84.094430 -28.774152
11.419680 -169.043255 -30.528237
