0.000000 115.936926 105.095387
0.017330 52.246513 53.605433
0.051390 -41.264428 -18.591920
0.066890 -6.874706 13.577505
0.099610 36.268141 -44.838162
0.114870 57.024438 -85.109046
0.147340 52.229283 -78.540341
0.166140 10.670213 -31.420527
0.182130 -8.378980 17.042726
0.198360 -4.233301 -2.290686
0.214970 -4.931401 -15.749325
0.231320 -0.839758 -13.825306
0.248170 6.780119 5.795723
0.265140 2.510540 17.524379
0.279660 -1.508714 23.385755
0.295900 5.589617 -3.954212
0.313230 11.384783 -9.165251
0.345580 14.206218 -7.454442
0.362430 -4.829858 -2.970132
0.381350 -14.987914 1.510443
0.394410 3.931014 -3.349904
0.411010 -26.512946 -9.248870
0.427000 -53.740780 -18.658074
1.134160 -64.925519 -17.527238
1.182620 -29.681192 -2.237594
1.199460 18.366538 5.796124
1.248290 18.040605 -1.614997
1.465940 17.039177 -3.938783
1.481080 -5.413977 -2.164111
1.496220 -6.848696 3.072063
1.527340 7.176045 6.158883
1.576420 10.241629 6.134546
1.592770 -16.294802 0.829957
1.675170 -28.173210 -1.091543
1.691410 -15.939719 -0.548737
1.724120 10.652143 4.558544
1.740720 48.338814 -1.030346
1.790890 38.437446 -4.626994
1.822750 25.720320 -4.149970
1.839720 -2.501353 -3.832410
1.872800 8.471827 0.700499
1.889650 10.052042 -3.471777
1.922120 -13.435141 1.523273
2.021120 -7.403892 0.724009
2.038090 1.632713 0.515870
2.087160 3.713448 -2.690401
2.119380 -14.769902 -2.003205
2.135990 -6.363967 4.320492
2.168330 -9.752785 1.246117
2.184940 -15.002354 -0.652889
2.217410 -29.590627 -4.194343
2.233890 -19.331440 -1.793861
2.266970 1.061370 4.875370
2.283450 -6.867712 7.410565
2.316160 26.076963 3.859701
2.332640 42.628459 0.483004
2.578860 48.982150 -3.299671
2.595580 19.099410 0.947105
2.611690 -19.039116 5.590846
2.629390 -3.285650 0.722072
2.644780 1.536840 -1.008183
2.660890 5.640313 -9.106820
2.677490 -4.134706 -5.926763
2.694340 -10.861577 5.513653
2.808960 2.825945 3.449118
2.858280 2.746063 -0.964802
2.874630 -3.515654 -7.316030
2.907100 -2.142019 -4.416634
2.924190 12.935416 2.518956
2.957030 21.440289 0.786529
2.973270 16.280286 0.112871
3.006100 -2.263146 12.429859
3.104490 3.470893 7.651048
3.121580 2.050910 -4.948711
3.203000 9.808168 -11.733939
3.219600 24.465805 -7.422544
3.565670 39.421448 2.581334
3.597660 -13.732012 13.188483
3.646730 -87.131168 25.717759
3.696040 -87.838259 22.675687
3.712520 -46.622910 10.519725
3.745360 12.859507 -7.050430
3.764160 11.062429 -4.020938
3.794800 12.684136 -2.878952
3.811280 7.072574 -2.043916
3.827510 1.638875 3.778846
3.843990 -2.474436 1.907677
3.860470 -11.403420 1.669530
3.894410 -6.314141 3.534604
3.909790 -2.490239 -7.082422
3.941890 6.712071 32.118246
3.958130 14.477457 21.503847
3.991330 13.425577 -12.809856
4.338380 7.627770 -43.951807
4.353520 -2.783452 -42.270160
4.386230 2.062062 11.641603
4.402710 4.987995 -1.099222
4.435420 -5.548145 -4.431544
4.453000 -14.659630 -5.619601
4.485350 -15.277599 -0.948168
4.503420 6.658805 -1.913820
4.535400 45.297554 -7.099458
4.552610 69.098887 1.786465
4.584110 50.167192 5.113846
4.601200 0.642001 1.676713
4.633540 -16.396001 1.144942
4.650760 -4.246230 2.384678
4.681640 7.029629 5.440076
4.698240 12.554469 1.104065
4.731080 9.605311 -5.604195
4.747070 1.582773 -4.826177
4.780150 -5.202271 -0.556368
4.796750 -11.848220 7.885081
4.829590 17.691537 -0.456304
4.845830 38.125266 -3.895828
4.895140 37.630574 -7.409194
5.568730 44.752468 -6.869820
5.634640 30.819107 -4.749882
5.667110 42.752227 22.141722
5.683350 -67.301122 23.738578
5.765750 -143.823961 3.377100
6.062130 -139.224371 -7.599138
6.078860 -73.770947 -17.032590
6.110840 6.960068 1.268280
6.127440 -5.716489 -12.284716
6.159790 3.494748 0.943182
6.176390 -2.933575 13.412374
6.209350 -0.544238 2.187905
6.225830 4.987995 -5.044853
6.258420 4.737577 -6.658776
6.275020 1.654451 6.076492
6.307860 -1.869258 9.113956
6.324340 -1.944943 -1.310196
6.340940 -6.170673 -13.336814
6.357300 9.943166 -12.831712
6.373780 20.234869 -6.662344
6.406490 36.480097 -0.759546
7.146610 38.114910 1.914742
7.392210 23.036938 5.249565
7.408940 9.511443 12.521084
7.425540 -14.917940 8.873757
7.441530 -10.630217 8.686461
7.458250 -1.077021 0.706005
7.490970 7.982866 -2.099890
7.507690 10.519602 -7.955987
7.540890 8.865785 -6.270808
7.557250 5.317500 7.484212
7.589970 0.290530 4.175582
7.606320 -4.991737 -1.609870
7.638790 -8.384726 -3.720981
7.655400 -12.048315 3.100960
7.688110 -4.131417 3.597714
7.706050 4.260218 1.499645
7.738280 11.359757 2.666844
7.754030 -5.098611 -0.376961
7.787480 -17.205471 -12.071291
7.804200 -15.022390 -11.914594
7.836550 -5.253459 -2.034016
7.853390 8.212112 4.966574
7.885620 0.904858 3.500225
7.902710 -1.212740 -3.800205
7.935180 -13.434839 6.224946
7.951900 -24.389751 13.830858
7.984130 -18.963738 11.732805
8.001220 -0.562838 -3.206553
8.034060 5.617328 -11.755558
8.049930 -4.518990 -1.777558
8.081910 -15.531409 6.329239
8.098630 0.909432 5.515000
8.115110 18.948769 3.602109
8.131470 15.419928 -11.064622
8.148190 8.754490 76.801240
8.164790 3.568619 60.896138
8.181640 14.152915 -4.478681
8.477290 12.126380 -62.220972
8.495970 16.490697 -73.864809
8.511600 12.607621 10.553347
8.527830 3.542647 -14.501041
8.542480 0.277185 -10.314638
8.559080 -1.484443 -7.611826
8.575320 11.501483 -3.351724
8.592040 12.018186 1.545814
8.624630 8.676310 2.381843
8.641240 8.100060 0.089125
8.673580 -9.566032 1.047027
8.690430 -23.598016 8.296368
8.722900 -10.362451 1.910465
8.739620 11.011054 -2.772839
8.772340 17.544258 -3.373532
8.788700 -1.516123 3.630226
8.821660 -14.368016 8.916452
8.838260 -9.130679 3.580206
8.870850 -5.975791 -0.673138
8.887700 2.418712 -3.729747
8.920290 20.720660 -7.370303
8.936770 24.928293 -5.496783
8.969480 10.788804 -6.775663
9.018550 -7.847943 -0.422421
9.035520 -13.096875 7.361797
9.068120 2.819102 1.172114
9.084350 -5.993823 -1.142579
9.117070 -4.595469 -6.355891
9.134030 -0.511007 -2.603899
9.166750 5.928157 3.339343
9.183110 11.292504 8.148506
9.215940 -3.310564 11.075041
9.232180 -1.019179 -0.653409
9.265260 8.261900 -9.467779
9.281980 7.177746 -2.610609
9.314450 -0.981261 4.238622
9.331180 -4.930607 3.258866
9.347410 -4.467311 -5.015507
9.363650 11.268082 -3.398601
9.447390 -6.158349 2.674475
9.511350 15.216963 -1.986523
9.527950 43.052934 -5.738000
10.037110 51.390899 -9.690847
10.053960 34.553876 2.053840
10.070430 -11.070292 7.367586
10.104740 -4.476007 7.376068
10.119380 -10.162619 8.964511
10.151980 10.235278 -1.601364
10.168950 20.649631 -5.876837
10.267580 10.606476 -8.577845
10.300050 30.253307 -16.742430
10.317750 -54.210055 34.788774
10.349610 -104.037254 27.025301
10.448240 -113.431687 1.312181
10.695800 -56.300239 -27.757003
11.105830 9.918934 -35.881451
11.285640 -16.476634 10.537044
11.302860 -8.645689 -1.416167
11.352910 -3.560717 2.096606
11.385500 1.766504 2.921529
11.402340 -11.568585 1.515547
11.434690 -18.520242 -0.975694
11.500120 -17.276124 -4.138463
11.537720 -3.318994 1.271422
11.550540 6.264466 4.650976
11.582150 3.818508 0.997928
11.597530 6.002481 5.490096
11.632320 -5.205825 0.761530
11.647710 21.098336 1.880859
11.680660 34.544843 -0.602089
11.730220 30.393577 0.798603
11.747310 16.897304 14.849634
11.764160 -12.786054 12.193798
11.778930 -7.145461 11.348647
11.795530 4.267098 -0.146824
11.828370 10.216036 -1.596780
11.845090 -4.412003 5.548103
11.877810 -12.027599 3.247926
11.894530 -4.485533 -8.211474
11.927000 9.450125 -12.130808
11.943600 12.340462 0.575862
11.975830 -0.279604 0.889570
11.992190 -9.534882 -8.783051
12.025020 -13.730424 -12.194460
12.041630 -12.475875 -5.344313
12.074100 8.051859 -1.364588
12.090820 14.602434 -8.181821
12.123780 9.154345 -3.398176
12.140260 -8.413155 6.381811
12.172850 18.015278 4.141535
12.189450 66.542838 0.187488
12.221920 87.398589 -5.628319
12.272710 57.090178 -1.705610
12.337400 0.151484 7.878110
12.370120 -9.652452 1.962470
12.386720 -3.292758 -4.385375
12.437260 0.613156 -7.532909
12.469970 -4.455479 -1.341409
12.486690 -6.741294 7.934226
12.520750 -0.737420 -0.649581
12.535160 0.617201 -4.392770
12.567630 -10.056427 1.555053
12.585330 -6.075443 5.511480
12.618040 4.146728 4.506255
12.636840 10.078127 -3.155328
12.666020 0.537811 -2.263112
12.682500 -7.757363 14.657948
12.715450 6.040020 6.290324
12.731810 15.579495 -8.279710
12.913330 24.398369 -13.133124
12.930180 11.636594 -6.889076
12.963130 3.908558 -1.837596
12.978270 23.157976 21.517952
13.126100 -45.748236 21.477646
13.175900 -100.349254 7.335405
13.455570 -105.544513 -16.418129
13.472410 -42.353373 -17.757573
13.505000 23.631205 17.967732
13.520510 4.064238 4.345231
13.552730 -1.678117 -9.647916
13.569700 -13.195354 -8.865795
13.602290 -10.282684 0.574467
13.619140 -0.308865 5.452079
13.651490 11.076152 -5.443053
13.667970 17.925913 -9.010561
13.700810 -11.405840 12.433143
13.717410 -27.670027 21.116405
13.750370 -33.951629 17.234267
13.766720 -21.954502 10.107614
13.799800 8.078965 -7.319267
13.815920 -9.550117 -25.366219
13.848510 70.505809 19.477011
13.865230 51.820257 24.642532
13.897830 -5.719060 12.895434
13.914430 -51.888460 -16.999560
13.947510 -50.589494 -30.012150
13.964110 21.676397 7.270641
13.996830 -5.619331 -10.306912
14.013310 -10.031212 -9.474702
14.045650 -6.446230 -4.724388
14.062740 6.464641 0.822774
14.095460 28.018045 -23.089561
14.111940 -59.855008 83.538329
14.144410 -43.471662 72.350615
14.161130 19.272998 5.117721
14.193480 79.151681 -68.251757
14.210080 86.873447 -82.077169
14.243160 -17.237717 23.195215
14.259770 -4.223169 3.612104
14.292480 -13.937322 0.312031
14.309080 -11.549570 -6.578182
14.341550 -0.223880 -5.054611
14.358030 3.924814 -4.600908
14.390630 11.019068 -3.343548
14.407230 -9.121493 -10.633326
14.441890 -4.041026 1.604104
14.490840 16.362167 17.933402
14.538330 26.567983 18.487349
14.555540 18.414093 6.522656
14.588010 -9.097714 -5.494373
14.604490 -6.960182 -4.068193
14.637210 -10.047089 -3.879761
14.653930 -8.774980 -7.674888
14.686650 -0.743507 -3.996128
14.702880 2.443285 -21.327976
14.735720 -4.695878 85.671673
14.752440 -17.499424 71.845334
14.801390 -17.989610 -4.102383
14.983030 -9.923962 -71.043613
14.999880 -2.328586 -74.485764
15.031370 -1.267595 33.499019
15.048220 3.211478 4.749930
15.080810 3.125963 -14.193606
15.097900 -6.307752 -2.619800
15.130130 9.494998 10.471147
15.146480 14.583268 13.096927
15.475710 12.557229 1.349844
15.492800 7.139564 -16.503682
15.524170 -0.458648 -12.329325
15.541020 20.351639 -11.539320
15.557500 12.511789 -6.267807
15.573730 4.377299 -1.291199
15.590210 -7.269120 -3.514993
15.606570 -12.200173 -1.959540
15.623170 -0.870758 6.285528
15.639530 3.253025 9.646191
15.656250 5.446791 17.350912
15.672360 -4.418997 11.408708
15.688720 -0.155869 0.961943
15.721560 1.857009 4.289422
15.738040 1.578350 -4.345963
15.770750 3.380049 -2.061897
15.787230 -1.117737 -4.387501
15.820190 0.132506 -2.675066
15.836550 -12.496970 4.255019
15.853270 -11.542841 -8.735228
15.869380 -1.891714 -10.706902
15.885990 -2.060436 -16.436298
15.904300 -0.416647 -12.366254
15.967900 -0.702867 -6.363027
15.984740 4.327548 -2.777163
16.017090 7.382684 2.107617
16.034550 -4.582805 2.567677
16.066160 -1.826841 12.193846
16.082890 7.303408 11.339716
16.115970 9.078321 -0.198263
16.132200 2.958337 -9.680428
16.165160 -2.618283 -12.328403
16.214600 -9.839469 0.505710
16.231080 -8.013715 14.523369
16.263550 -5.055627 5.896212
16.280150 -0.921643 -6.581230
16.312870 16.117885 -7.781071
16.329710 9.544975 -6.461059
16.363650 2.474285 -0.707564
16.378780 3.950748 -3.770033
16.396360 7.998895 9.322304
16.412960 15.127861 24.897968
16.429440 -9.242996 23.535942
16.445800 -9.203868 4.808101
16.461910 11.448747 -9.168347
16.478640 20.926301 -6.976877
16.509890 10.421803 3.923449
16.526250 -10.083419 12.412256
16.559690 -2.708901 2.032102
16.576170 3.771214 -1.194490
16.608640 8.781444 -6.584679
16.625370 4.871481 -4.458976
16.657710 10.823017 -2.774280
16.674070 6.867826 -5.497823
16.706910 -5.289449 2.771303
16.723510 -17.940051 1.681155
16.756470 -20.728182 -0.539451
16.772950 -10.294517 -1.774013
16.805300 5.633281 -7.879481
16.822270 10.545498 -1.410662
16.854740 11.730575 -2.080019
16.871340 6.820268 4.521566
16.904050 6.077674 4.984673
16.920530 3.977854 1.965991
17.249760 14.049485 -5.402130
17.267330 28.381256 -14.282113
17.298460 18.259935 -5.128590
17.315310 -2.274789 6.948642
17.348020 -15.560442 14.003147
17.364260 -2.652837 3.088603
17.397090 5.331903 -4.687599
17.413330 1.155693 -10.839287
17.430180 -1.157583 -14.570623
17.446170 6.956099 -13.611244
17.462650 5.292927 -4.172534
17.676270 0.534220 10.068368
17.692870 -5.322981 16.112682
17.709350 -2.584713 18.357286
17.725460 4.089227 14.020726
17.741940 5.640729 8.451767
17.759400 -2.977542 -12.168541
17.775020 -1.004284 -22.875041
17.791380 -0.368899 -22.307220
17.857420 8.969936 -11.359965
17.889890 12.470129 5.008584
18.038090 6.682168 7.029000
18.054570 -2.281367 13.322331
18.070920 -11.022168 5.010451
18.088990 -2.999091 -7.429656
18.103880 9.454094 -9.157336
18.120000 24.058051 -8.242828
18.136600 -51.051241 -1.408985
18.153080 -104.550410 3.654232
18.382810 -98.236421 0.233634
18.399660 -30.142294 1.860846
18.432130 28.573501 4.160035
18.498050 5.791569 -2.500881
18.530520 -0.075496 -0.933140
18.547490 -14.474810 0.419397
18.580080 -13.844855 9.704220
18.596310 -10.631880 6.129655
18.633670 -4.888153 -0.030126
18.645630 8.305337 0.871448
18.678710 5.598047 -1.111792
18.695310 2.928471 -1.712533
18.728030 -3.301302 4.689277
18.746950 -4.468257 8.318436
18.777470 3.331545 5.523294
18.794070 4.635353 -4.484092
18.826660 -0.705929 -12.605362
18.843260 0.355365 -9.469977
18.875980 13.649374 -8.209205
18.893920 32.816781 3.255227
18.925170 23.081316 11.675485
18.942260 -4.840973 16.312565
18.974610 -6.232899 13.248496
18.990840 -8.307870 6.049273
19.023930 -3.288145 -8.726344
19.040160 -4.844375 -6.871048
19.072750 -6.816071 -6.134759
19.089720 5.181517 -6.583285
19.122440 -1.920748 -7.075689
19.139160 10.565723 -15.221287
19.155270 14.638536 50.869363
19.171750 1.548446 112.481200
19.188110 14.389828 52.083276
19.206910 21.592931 -47.736394
19.468510 17.271437 -101.922132
19.485840 8.056018 -41.958045
19.516480 -3.149931 18.882218
19.533080 -2.658470 -0.218583
19.565920 0.278357 -1.721843
19.582520 8.645500 6.939238
19.615110 13.259657 8.904780
19.632080 3.165053 4.171211
19.664310 -9.066223 -5.288669
19.680790 -6.014313 -6.625083
19.713380 2.708826 2.205744
19.729740 2.294637 3.362994
19.762570 4.782829 7.550512
19.778930 -2.137218 6.815783
19.812130 -3.572702 5.754965
19.828370 6.030683 3.718500
19.861210 14.485546 -13.963856
19.880000 14.923346 -15.076028
19.911620 -0.768836 -11.181459
19.928830 -8.020066 0.204429
19.960330 4.551011 1.092417
19.976560 -9.356786 1.225230
20.010010 -20.197067 5.936285
20.026730 -18.456356 6.079682
20.059570 -2.180769 1.224143
20.075930 2.840008 0.331312
20.107670 -15.471151 5.044026
20.124510 -0.315708 2.848992
20.157230 1.249826 2.901540
20.173710 3.809964 -4.754253
20.207520 -3.742823 -3.414952
20.223270 11.308457 1.845701
20.255860 25.143982 3.449189
20.272460 16.093577 -6.552215
20.288940 5.846688 -17.603670
20.304930 -8.227725 -22.809338
20.321900 -8.758875 -15.062844
20.338130 6.339168 -1.152196
20.354130 12.806128 8.460297
20.371220 -2.973383 10.632664
20.420170 -18.175447 7.341170
20.452640 -5.471175 0.126221
20.469600 33.039367 -7.099954
20.502200 24.489922 -10.206022
20.518920 -0.176095 -11.324665
20.551390 -10.047241 -6.167034
20.567990 4.029722 0.642823
20.600460 5.958400 11.918705
20.617430 -9.246360 5.374911
20.650150 -7.456403 -6.564596
20.666870 6.861815 -8.216412
20.716060 13.687404 2.084887
20.747920 8.283297 9.865337
20.764770 3.813253 -1.963959
20.797610 -4.345732 -1.064630
20.819210 -2.343405 6.939852
20.848140 -1.740419 0.581958
20.864990 -4.320554 -0.170878
20.897340 -4.312464 -1.709887
20.946410 -3.248035 7.060945
20.962400 5.644358 -1.528046
20.979000 15.632419 -15.218404
21.012820 13.580571 0.151479
21.061890 10.728242 6.427153
21.093750 1.579598 8.052790
21.110470 2.394744 4.897698
21.126950 -1.836027 9.127518
21.142940 -13.927304 19.152409
21.159550 -7.920413 9.315688
21.176150 -0.053796 0.125677
21.192260 26.261615 -4.632097
21.208980 37.237887 -14.421583
21.241330 25.115518 2.843746
21.258300 -0.203125 16.225406
21.290650 -23.029642 16.026562
21.307500 -9.337506 0.738162
21.340330 2.820539 -23.055399
21.356690 0.735114 -9.474395
21.389650 -6.624327 -0.590346
21.406130 -5.220002 10.350221
21.439330 0.036784 9.427045
21.456180 -3.633076 0.876670
21.490110 -10.538958 2.261293
21.504270 0.216054 -3.364979
21.521480 13.228167 5.988999
21.537110 13.669939 3.618790
21.554690 6.878600 -15.947649
21.587520 -4.990906 37.174968
21.603880 4.959679 29.991432
21.636230 9.842872 1.129631
21.932370 7.402380 -42.013717
21.949460 1.467733 -55.183178
21.980830 -2.947260 8.794510
21.997440 11.866252 5.170789
22.029910 26.511056 8.263526
22.046750 26.040978 0.875488
22.079470 11.574861 -11.917429
22.095700 -2.986653 -4.207834
22.129880 -10.401540 0.926761
22.145020 -7.768213 0.495715
22.177610 -7.174420 8.616050
22.194340 -11.120534 3.811878
22.226930 2.686105 5.486292
22.243530 17.154286 -4.753946
22.276370 21.899652 -5.570242
22.293210 8.535527 3.844555
22.309330 -11.838013 1.856428
22.325810 -14.674033 4.603933
22.342410 -8.871569 5.059904
22.358520 7.576469 2.875290
22.374630 15.194697 10.510557
22.391600 11.466137 14.582271
22.424680 0.419671 7.292473
22.440800 -0.298960 7.082706
22.473510 -2.219746 -7.443407
22.490230 -46.738129 1.804446
22.522830 -109.826343 11.221083
22.539670 -127.957917 14.725403
22.574340 -80.226494 16.177254
22.588500 -18.365668 -6.072995
22.605100 9.470841 -6.008775
22.621220 10.268583 -3.472368
22.637820 -0.885388 -4.549329
22.654300 -12.210985 -2.000818
22.670780 -11.210129 -4.900557
22.687380 3.835217 -3.955039
22.720210 12.100938 -8.221846
22.737670 4.583183 -11.649755
22.770260 2.501656 -6.510346
22.787480 4.620156 -4.809661
22.818240 -0.621738 -2.423854
22.834840 -12.124981 -3.994522
22.868040 -7.691092 -4.046101
22.884280 5.079520 -1.171972
22.917240 11.191832 -1.806218
22.933590 4.818857 -2.514018
22.950320 2.084934 -4.784237
22.966550 6.475491 -9.129456
22.982790 7.265226 -6.906230
22.999510 8.586941 -4.854648
23.015500 -5.529357 4.583802
23.032350 -16.328296 3.941453
23.065310 -13.825386 -1.865028
23.081420 0.869813 -2.072340
23.115230 10.157440 2.830349
23.130620 -5.016386 0.576854
23.163570 -12.491602 -6.875561
23.180050 -5.284572 -5.089132
23.196410 4.920816 7.462262
23.212770 12.736418 17.481969
23.230710 -0.921265 13.519429
23.245730 -12.157833 3.572739
23.262330 -13.931916 -8.243253
23.278810 -6.751048 -11.814745
23.295290 -3.632282 -8.894479
23.311280 -16.304707 3.824755
23.328000 1.684355 0.619384
23.344120 46.701927 3.679018
23.360840 69.742338 10.402225
23.377200 45.913717 9.699093
23.394900 3.993657 0.204335
23.409910 -10.814511 -14.628556
23.426390 -0.903119 -12.508396
23.442990 1.048856 -6.201484
23.459350 -0.343457 0.633065
23.475710 -0.370638 4.453187
23.491940 -4.396390 10.594341
23.508670 -5.495068 11.350419
23.525270 -7.558285 5.032708
23.541500 -4.772849 -6.681294
23.558110 -3.045023 -15.788616
23.574580 1.109835 -11.256098
23.590820 4.966559 -1.787977
23.607060 2.831767 5.449835
23.623900 2.998599 11.377307
23.640010 3.292304 12.143472
23.656250 3.813971 10.503918
23.672610 9.291801 6.875963
23.689090 6.348997 0.246582
23.705440 2.129052 -3.493160
23.722660 -5.458397 -3.019609
23.738400 -8.316225 -2.489634
23.754760 -0.745926 -3.627296
23.771480 -1.673051 -4.204101
23.788210 -1.419835 -2.101308
23.804200 -3.472632 3.268506
23.820560 -0.640602 3.071425
23.837400 7.944684 1.187614
23.853640 17.086355 -0.971654
23.869870 -4.817004 -2.329153
23.888430 -18.658636 1.747337
23.901860 -14.641674 8.094611
23.919190 -1.322790 6.631392
23.935420 5.837842 0.148195
23.951660 -6.830097 -0.816773
23.968260 -2.310780 6.883169
24.000730 -1.745863 13.598934
24.017700 -6.170370 -1.033323
24.050900 18.692318 -4.762074
24.067140 38.003946 -2.458303
24.099980 36.807554 3.152445
24.116700 6.874971 -2.018657
24.132930 -15.922330 -17.895080
24.149170 -7.740314 -11.947719
24.165770 2.474890 -7.012130
24.182500 6.713470 -0.350852
24.198490 0.237906 3.117594
24.216670 -3.314836 7.017281
24.231570 -4.121626 10.018207
24.247680 -1.137508 3.866907
24.264530 4.428637 -0.560102
24.280880 4.887397 -2.339714
24.297120 2.436518 -3.667227
24.313960 -9.589546 -4.179316
24.329830 -11.655836 5.642520
24.346560 -12.915834 5.896496
24.363160 -8.552426 -2.791836
24.395260 -4.014412 -8.234345
24.412230 -3.246485 -8.345041
24.444950 -11.616747 7.452079
24.461550 -21.119127 7.466397
24.494380 -12.467143 5.566344
24.510860 -1.160494 -8.142953
24.527340 8.047776 -20.411640
24.543580 -0.141050 -15.924896
24.560060 -2.288513 -15.765249
24.576420 -5.314362 -13.850233
24.592900 -3.958045 -9.378089
24.609500 -7.596506 2.911866
24.642090 6.944569 12.155806
24.658690 17.338877 7.816348
24.691280 25.070989 1.405299
24.708130 19.248767 -2.277620
24.742550 5.402295 -2.778297
24.757320 4.990263 6.797046
24.773440 -1.705336 9.658667
24.789670 0.902816 10.290987
24.806270 -3.291775 7.959272
24.824100 -2.618057 -9.916467
24.840330 3.887652 48.279671
24.856930 13.885985 35.452990
24.888920 24.645735 2.287189
25.187380 13.443572 -35.492983
25.200680 5.287747 -46.373374
25.233760 4.177539 9.231929
25.250000 8.874783 0.785749
25.283570 3.601736 12.172534
25.300660 -4.379000 11.669082
25.332030 0.074438 1.042963
25.348630 6.740916 -13.704382
25.381350 6.214791 -13.204360
25.397830 -0.946556 -3.825606
25.430420 -2.959396 5.614710
25.447140 -4.647904 4.669099
25.480470 3.407949 -6.590586
25.497190 7.754944 -3.291189
25.532840 4.354465 1.406740
25.545900 4.839423 2.944827
25.562130 10.885393 -6.050407
25.578610 19.884332 -17.555660
25.594970 -1.369592 -7.440430
25.611330 -16.305765 -3.595280
25.627930 -11.330118 -0.249819
25.644650 -1.201663 4.964967
25.661010 7.435194 16.047094
25.676880 -3.725811 18.481703
25.693360 -4.346752 3.778562
25.726440 -2.943026 -4.603295
25.743040 3.185884 -3.812823
25.775760 1.714750 -1.533126
25.792360 -4.456726 -3.114074
25.824710 -7.404724 -2.017358
25.841310 -2.789539 -3.014080
25.874150 3.797791 2.091644
25.890630 0.763279 6.017281
25.923580 0.657803 4.543398
25.940190 1.259920 2.237949
25.973390 3.794464 -4.348491
25.989260 15.278506 0.775518
26.021730 23.559497 0.249299
26.038450 8.181604 -0.792790
26.055790 -5.419496 -12.372893
26.072510 -9.429635 -27.444899
26.088620 0.449953 -11.379812
26.105100 8.295281 8.712026
26.121700 0.792804 21.724915
26.137940 7.879963 8.514475
26.154660 6.150334 -6.667826
26.170780 0.614895 -6.605472
26.191160 0.980316 -5.971396
26.203000 -3.500003 0.363139
26.218870 -3.370824 1.818434
26.236820 -4.287815 -3.712121
26.254270 2.859326 -10.677935
26.269290 10.257507 -15.611934
26.286500 6.216719 -2.969376
26.303220 4.323918 0.365974
26.334230 -7.550233 -1.643469
26.351200 -13.019416 125.973240
26.416260 -25.191723 80.543919
26.432980 -26.750858 -21.691650
26.859620 -15.815272 -103.342064
26.876340 -6.222692 -78.606209
26.892580 11.020013 46.075782
26.909550 -8.500634 3.992655
26.925050 -22.291500 10.841200
26.959960 -17.841386 14.998910
26.977050 -1.975338 5.886312
27.008910 2.065653 -3.395648
27.023560 -16.191903 5.157652
27.057860 -5.051166 2.270225
27.073850 10.286465 -4.043148
27.106320 4.030932 -8.047616
27.122800 2.961210 -2.765679
27.156250 -5.026858 5.481543
27.173710 -9.216117 10.395161
27.205440 2.698127 2.032952
27.222290 8.369793 -3.709285
27.255000 32.587844 -4.910339
27.271730 24.727082 -17.033771
27.551150 9.791269 -12.311580
27.567870 12.269089 -18.806283
27.599240 5.388081 -6.310786
27.615970 4.286908 -7.977536
27.632450 -15.569515 -1.753032
27.648560 -16.947884 0.127426
27.747190 -2.617527 0.695041
28.108280 10.339768 -1.722717
28.124880 4.584657 -0.666522
28.140870 5.402825 15.847707
28.157840 -1.201928 12.567889
28.190190 -2.219632 0.917333
28.207150 0.271174 -9.554327
28.239620 -1.531850 -6.558145
28.255980 2.408316 4.813796
28.288940 -0.307996 14.996405
28.305300 5.249754 -9.455800
28.338380 -0.262290 -1.234917
28.354740 0.130200 -4.205046
28.387450 0.803465 2.227576
28.404170 3.373546 9.876111
28.437260 -6.684058 1.741005
28.454100 -0.936311 11.010208
28.470340 -13.463532 -15.237920
28.486450 7.886805 -18.036650
28.503050 24.386613 -17.769670
28.930540 21.599093 -0.658701
29.027950 12.080146 7.507746
29.044800 -11.559626 0.578012
29.192260 11.627975 -3.417031
29.208860 -0.334761 -12.375374
29.274780 -8.125540 5.818784
29.344360 -4.915259 7.307926
29.374020 -0.743091 6.652350
29.390010 2.428730 -3.735040
29.406370 -3.742029 -11.861432
29.439580 6.870321 -5.754516
29.455690 -1.527767 7.818261
29.524290 -0.417630 12.770493
29.537600 2.066788 11.290098
29.932010 3.933623 -2.326294
29.948730 9.444492 -7.032402
30.277830 6.030456 4.869109
30.310060 9.520062 2.695717
30.326540 8.069136 11.826842
30.359250 -6.044330 18.036107
30.376100 -12.663041 7.967234
30.408330 -2.661948 -4.762429
30.425170 -1.156449 -11.579700
30.458010 6.249231 2.864728
30.474370 -6.591135 1.525754
30.509770 -3.756735 -14.763372
30.526000 14.088158 -11.725835
30.559940 14.503087 -3.679656
30.572630 1.777279 -4.515517
30.605350 -5.431443 -3.748059
30.621950 -3.318314 13.199399
30.654790 2.334748 10.249332
30.704220 -11.440808 2.161701
30.720700 -9.808357 -10.129091
30.753540 -15.787789 6.840876
30.770140 -7.480862 9.000803
30.802730 -6.774259 -13.224254
30.819340 4.822713 -13.041498
30.851810 27.409665 -10.526979
30.901370 18.284280 8.407536
30.918090 18.576227 9.505702
30.950440 -11.359605 11.485851
30.967290 -9.841435 9.885562
31.000000 -11.946207 -1.293964
31.016480 -4.008212 -5.981154
31.049320 -9.541573 -16.278542
31.065800 -6.532651 -6.181424
31.150390 6.724925 0.279141
31.166380 7.054164 -1.587589
31.180540 7.488952 -0.931227
31.214480 -3.601773 -8.999811
31.229610 2.639378 0.258254
31.246090 -1.255535 8.934575
31.262450 11.926171 6.751823
31.279300 22.465801 4.151009
31.312010 23.380737 -5.726966
31.328370 11.003342 -10.518000
31.344600 -4.017020 15.702756
31.361330 6.620471 25.685417
31.394040 -11.242187 13.440821
31.410890 -9.253505 -17.118969
31.443600 -2.543846 -14.834584
31.459720 16.251669 11.693560
31.492680 47.499234 10.779462
31.542110 19.226804 -10.258877
31.558720 4.828043 -19.085546
31.591190 -83.659011 0.147061
31.608030 -145.918348 19.054879
31.640380 -135.435263 15.387975
31.656980 -74.518057 -2.436069
31.689940 -0.669939 -11.096424
31.706670 -1.688891 -8.726486
31.739260 13.067767 6.227356
31.757570 23.736669 0.867998
31.788330 22.267647 -4.939614
31.804810 -2.820539 2.067449
31.837890 -20.971361 10.428074
31.854490 -11.410943 7.702604
31.886840 -7.753507 -6.361917
31.903810 1.884002 -7.588127
31.936520 -4.840670 6.799078
31.953130 -12.122751 5.742678
31.986690 5.238677 1.048610
32.002200 -5.785747 -4.785584
32.034790 0.883687 9.614223
32.051390 0.008393 -1.738666
32.083980 18.250258 -14.415747
32.100590 31.537416 -10.257200
32.133540 13.133053 1.754922
32.150270 4.147824 18.004565
32.166380 -13.214860 12.447981
32.182860 -4.672364 5.956156
32.199460 9.119452 -5.255235
32.231810 13.027430 -16.329482
32.248290 11.468292 -10.865135
32.264770 -2.796419 10.062202
32.280880 6.813992 14.359255
32.297850 -1.044093 -1.110587
32.330570 2.292595 -15.105444
32.347530 14.882669 -12.064108
32.379760 2.039152 2.789922
32.396970 12.154582 4.447847
32.429200 -10.114608 -1.819237
32.445800 -14.170078 2.557895
32.478760 -12.785714 8.789974
32.495120 -9.045053 4.540752
32.511720 7.465022 8.111883
32.527830 1.551546 15.774275
32.544800 3.488170 6.418600
32.561040 -7.481656 -16.984321
32.577270 -20.024842 -43.061872
32.593510 -15.875341 -28.523711
32.610350 -4.435215 -9.180090
32.626460 10.331527 5.627445
32.642820 6.876105 6.754729
32.676030 0.761124 2.269232
32.692260 1.929670 9.928611
32.708740 12.127250 18.607962
32.724730 23.482421 30.841039
32.741330 19.016737 25.213246
32.760380 3.804180 10.407093
32.776250 -3.321943 -0.955091
32.793460 5.444447 -2.049988
32.825930 4.246003 -3.676466
32.839970 1.245479 -3.086169
32.872680 -0.133942 -3.693762
32.889650 8.160584 0.357562
32.922240 10.128595 5.359742
32.938960 6.900035 8.178678
32.971190 5.145035 4.375167
32.987670 7.712905 -4.510626
33.020870 2.256530 -10.031746
33.037350 -1.784726 -11.209860
33.069700 -1.087606 0.251733
33.086670 -9.310703 2.125480
33.119510 -2.261747 7.300129
33.135860 -1.484670 5.159873
33.168330 11.471996 6.653011
33.185550 15.831603 7.987625
33.218020 8.964001 1.467015
33.234620 10.089052 -6.660548
33.250730 2.180315 -14.960350
33.267330 -0.287619 -13.134849
33.283570 2.665577 -12.703156
33.300050 3.292380 -6.376755
33.315550 -4.584884 -8.376797
33.332520 -19.293638 -0.439032
33.365110 -9.616161 0.567497
33.381470 16.030862 0.353026
33.414790 14.921947 7.050194
33.431150 -3.682411 10.445889
33.464480 -26.585484 11.262478
33.481200 -3.667705 -6.840498
33.513670 26.122474 -16.095127
33.530520 31.630134 -10.603532
33.562990 21.179421 -0.583895
33.580440 -3.536409 1.275486
33.614750 3.445413 4.801226
33.629030 13.576942 13.637588
33.660890 7.496853 12.821623
33.677730 -9.554729 0.109114
33.711300 -13.259506 -2.186156
33.727540 -11.131572 0.923831
33.760250 12.893341 -6.995496
33.776860 28.795872 -21.616945
33.809330 31.893999 -15.372546
33.826660 19.310989 1.408654
33.858280 -14.776291 30.465847
33.874630 -12.440302 18.081257
33.907470 0.891626 -1.006458
34.204350 27.810338 -7.833549
34.221070 -54.683029 -3.915297
34.236940 -125.321237 21.467062
34.253050 -113.308216 12.707196
34.270750 -30.419997 11.638532
34.301880 36.758761 4.401347
34.318600 1.509394 -3.583466
34.350830 -4.221354 -4.646723
34.367070 -1.436242 -1.564244
34.400270 9.137144 -1.428123
34.416750 6.355575 -10.916927
34.449580 7.623536 -9.450082
34.465940 14.343141 9.760076
34.498410 -11.724488 9.441482
34.515140 -28.218266 1.663340
34.548950 -28.221631 -10.146316
34.564450 -6.924041 -11.152988
34.598140 13.738061 -5.754067
34.614380 -3.399556 -2.404030
34.630980 -6.020627 5.843357
34.647340 1.882716 12.181323
34.663700 12.620663 11.133519
34.696530 10.887624 -1.210769
34.716550 -4.594789 -8.396998
34.745970 -4.756177 -6.631604
34.762570 7.466496 6.547324
34.795290 10.661027 12.681466
34.811770 10.018056 5.149028
34.828000 11.712958 1.103947
34.843990 17.049422 4.600011
34.860470 9.804312 -0.798201
34.878420 -11.222604 -8.750775
34.893430 -23.571858 -15.466771
34.911130 -12.735360 -23.659693
34.928100 8.178126 -7.698894
34.946530 9.770931 9.728108
34.959960 -1.703068 17.705926
34.991820 4.749674 5.697407
35.008300 15.762083 -12.282755
35.043210 17.656381 -11.496744
35.057740 8.191773 -1.096599
35.090580 -3.889165 1.292451
35.106810 0.854162 6.810467
35.139770 -3.922017 2.580176
35.156010 3.795031 -5.302846
35.188960 10.100809 -5.978082
35.205440 0.150198 -8.459517
35.238280 1.260072 2.442945
35.255250 -3.072923 -0.368479
35.287600 9.337695 6.732353
35.304080 14.118287 10.104684
35.336910 6.648560 5.244910
35.353520 5.024514 -0.162490
35.385860 2.751696 -2.984096
35.402340 -1.314813 -4.814717
35.418700 1.808316 4.496024
35.435550 8.147202 12.769595
35.452150 7.678390 9.044774
35.468260 1.307328 1.056880
35.484860 -6.537830 -11.508416
35.501100 -7.432246 -10.783313
35.517820 -5.614266 -6.814720
35.534180 -2.946240 -9.645577
35.550420 -3.790381 0.252158
35.567020 -9.484867 1.919703
35.583370 -18.992922 3.926686
35.599980 -9.202545 7.861240
35.632450 7.312973 5.739370
35.649050 10.162467 3.199134
35.681640 9.487097 -1.105010
35.698730 -0.160444 4.127169
35.730830 -5.445506 1.732381
35.747800 -6.257699 -2.041813
35.764160 -14.301482 55.772020
35.780520 2.025921 35.870396
35.797000 16.600590 -17.623894
36.143190 11.958267 -49.311652
36.174930 -0.122185 -43.235264
36.191890 -6.326125 15.844163
36.224000 15.610644 -7.116257
36.241210 16.425865 -9.374757
36.273320 1.064999 -4.956296
36.290160 -9.473110 -12.151694
36.306520 -7.843104 -8.238905
36.322630 -0.522462 -11.565877
36.339230 -0.151106 -8.894361
36.358150 9.644778 -2.635442
36.372070 16.020693 2.960563
36.388670 4.161472 12.555438
36.405150 -5.319541 14.344701
36.421390 -6.621000 13.016760
36.438230 8.297738 17.386116
36.453980 10.828234 9.800834
36.470460 -4.336243 -1.224426
36.486940 -10.991811 -9.185926
36.519410 -1.596118 -12.327742
36.536130 11.376126 0.964991
36.570800 9.950689 5.718082
36.585570 7.665801 0.909016
36.618290 2.834527 5.125826
36.635130 4.224795 -0.888909
36.667970 7.190335 -0.912631
36.684690 7.343178 5.619246
36.716800 3.402921 0.996274
36.733520 -9.482674 1.810306
36.766110 -4.851860 1.835848
36.782840 9.643833 1.695025
36.815800 -0.986856 -0.592047
36.832280 2.310515 -13.846098
36.864260 5.062961 -14.143256
36.881840 17.375016 5.358135
36.914430 8.050196 12.543199
36.931150 -2.012840 15.231966
36.963500 -5.658951 2.152864
36.980830 -17.949161 -2.445190
37.013550 -5.603680 -15.009872
37.029910 7.793920 -3.500721
37.062740 20.104226 5.321299
37.079590 15.264217 -2.996619
37.112060 -1.525272 -0.777716
37.130620 -8.833311 -5.759619
37.160400 -11.196746 11.837616
37.176880 -4.537137 -0.072018
37.209960 10.538088 -8.445341
37.226560 4.480959 -5.671653
37.259160 1.270770 -2.477111
37.275760 -1.677361 3.586727
37.292240 -8.166482 3.232426
37.308230 -5.358593 4.261990
37.325200 -8.692113 5.260268
37.342530 -12.079957 -0.040947
37.357790 -12.325606 -8.000171
37.374270 -9.216949 -5.335192
37.390870 4.388640 1.830272
37.406860 7.122363 6.629100
37.423460 -4.106466 4.332543
37.456540 -11.720027 -2.286811
37.472780 -4.450186 -0.364533
37.505490 3.003854 -1.743510
37.521850 2.333311 0.044964
37.554320 2.671475 7.031079
37.571040 4.633047 6.466682
37.603760 1.014794 0.624299
37.620120 -7.073444 -2.980127
37.652590 2.257929 0.763917
37.669560 17.777235 1.178115
37.702270 18.243869 -1.985437
37.718750 3.898843 -0.651542
37.735350 8.602517 7.295687
37.751710 19.063536 14.888713
37.767820 24.804270 4.142125
37.786010 9.838524 -2.770807
37.801150 -6.406497 -4.756427
37.818120 -12.745567 -1.498771
37.834840 -10.242877 -1.804470
37.850590 4.764305 -15.028939
37.867310 -4.748427 -0.871849
37.884280 -8.568039 11.991548
37.900020 -6.449632 20.377335
37.916380 -9.413190 4.739770
37.933720 -15.309959 -12.905027
37.949830 -23.022611 -8.790682
37.966670 -10.863354 -12.550216
37.983280 -1.304530 -10.714770
38.004390 -0.366177 -8.067132
38.015750 6.331266 -0.808574
38.047490 10.379538 3.884628
38.067990 2.288777 -1.738879
38.081910 -7.676764 -3.937153
38.097660 -7.628413 -3.779271
38.116700 0.000832 -6.218118
38.130740 8.982260 12.374713
38.147220 5.307519 11.302597
38.164310 -2.644482 0.046878
38.508670 -0.872270 -15.190761
38.540650 10.274481 -11.988548
38.556760 10.796856 3.709380
38.589230 4.512753 7.395018
38.606080 4.475213 10.286072
38.638550 8.663268 8.036440
38.655270 16.674834 -7.519701
38.671390 6.338676 -22.961936
38.687990 -3.684263 -16.544273
38.704590 -9.116087 -11.530578
38.721560 -8.044714 11.124872
38.737180 3.919371 22.560488
38.753540 -0.772579 20.823136
38.769780 -0.817151 -0.649345
38.786380 -0.503371 -23.139317
38.802980 0.631529 -6.819823
38.819210 3.042150 4.872015
38.835820 2.334559 8.403000
38.852420 2.404422 5.368862
38.869020 0.331964 2.753842
38.885010 -1.485842 3.326536
38.901370 0.334761 -1.376732
38.918210 2.126973 -6.545812
38.934200 2.519878 -12.569354
38.950560 3.651562 -17.526056
38.966920 -5.688363 -6.194632
38.983520 -12.815050 12.802957
39.000240 -12.488918 17.420209
39.016720 -5.391408 11.135977
39.032840 1.527314 4.048228
39.050540 0.558944 8.689249
39.066160 4.400813 3.037873
39.082030 11.159207 -4.266526
39.098510 -2.172906 -14.395664
39.131590 -12.926343 -6.983020
39.148190 -15.822795 3.278949
39.180910 -8.195364 8.885406
39.197270 5.801134 9.509789
39.229980 2.452396 -1.464558
39.246830 3.999781 -3.549868
39.279300 -0.237717 -6.985218
39.295780 -0.382774 -4.925768
39.328860 1.646021 1.560534
39.345090 3.687212 4.565301
39.377930 15.930647 -0.990108
39.394170 24.714154 -7.436437
39.426760 13.944278 -7.786648
39.443730 -5.237165 0.120999
39.476200 -6.168442 9.242443
39.493040 2.749390 12.971892
39.525630 5.981499 6.297011
39.542110 -4.825548 -2.284401
39.574950 -7.128676 -6.205666
39.591190 -2.782394 0.773746
39.624390 -0.137420 0.737241
39.641360 6.057184 -5.837072
39.673950 0.337559 4.394826
39.690430 -1.350463 4.089151
39.723140 -3.839565 0.902519
39.739750 3.391390 -5.165355
39.756350 6.701902 5.456828
39.772340 -1.499678 23.580642
39.789180 4.423458 12.854843
39.805790 6.042327 4.082701
39.822270 6.045616 -2.085855
39.838990 0.082868 1.065930
39.871700 -3.190382 2.811612
39.888060 1.597744 -9.394746
39.904660 2.139751 -13.379272
39.920780 5.349860 -17.748052
39.937380 -2.351722 -5.746081
39.953740 -10.114229 5.469989
39.969730 -1.540167 -3.495878
39.985840 1.028101 -4.976450
40.018680 10.235883 -9.418917
40.035520 3.058444 5.541582
40.068480 1.627912 1.570553
40.087770 10.564475 -10.633444
40.119140 -7.779895 7.273406
40.134280 -9.268778 13.378209
40.167970 -3.054096 11.038939
40.185060 9.535676 -8.035447
40.215940 19.215387 -14.682898
40.232790 -4.861009 -7.704872
40.249150 -14.467817 -13.076159
40.265500 -8.865861 -19.162805
40.281980 -4.252241 -11.710383
40.298340 5.152218 -5.009813
40.314940 4.873749 -2.500668
40.331180 19.775954 1.586194
40.364010 26.754411 3.542023
40.380620 7.452017 15.474567
40.396970 -5.688400 19.719416
40.413330 -9.807033 25.081465
40.429930 1.837653 3.832599
40.446530 5.129384 -12.908736
40.462400 -3.783916 -11.977254
40.479370 -4.086316 -2.497029
40.511840 -0.853481 10.184640
40.528560 5.443086 4.589378
40.561160 5.580544 -0.982169
40.577510 1.703144 -1.852789
40.610230 2.416973 -4.073911
40.626830 5.331412 -1.331532
40.659300 3.360844 1.229341
40.676880 -3.255369 0.210313
40.709350 -3.380729 6.856848
40.725830 3.224218 -3.677978
40.758180 8.301897 -2.071348
40.774540 -2.713854 1.917388
40.807500 -12.200173 10.808500
40.824580 -5.151500 9.981773
40.857180 -7.185421 4.307332
40.873900 -10.851748 1.213936
40.906370 6.291912 -5.535060
40.923340 19.592539 -9.152540
40.955440 22.427698 -8.819603
40.972660 4.429658 -0.805171
41.005130 -1.217881 -6.085235
41.021970 9.927175 -6.904623
41.054570 8.751163 -1.881828
41.071290 8.996701 7.553442
41.102910 -2.564260 5.249541
41.120120 -9.801060 -8.320563
41.152710 -7.759783 -4.540421
41.172730 4.648471 0.846331
41.204830 8.391720 4.682519
41.220950 2.114800 3.170686
41.252080 0.654968 -0.536970
41.268070 7.941395 -1.024226
41.284790 -8.047890 -7.350149
41.300900 4.730772 -14.167120
41.317500 -79.103349 -0.329233
41.333740 -138.065595 11.846169
41.349980 -125.252072 19.403321
41.366700 -46.467899 5.967733
41.383670 44.094760 -2.536535
41.400630 16.281231 12.215984
41.415650 3.170006 12.768650
41.432130 -3.991351 3.910879
41.448120 4.733683 -8.565298
41.464970 -9.344613 -1.989690
41.499630 -21.433258 10.201675
41.514160 -19.887319 -0.214471
41.547000 -3.838847 -7.775802
41.563350 11.784332 -4.889287
41.596440 5.362449 2.356585
41.612670 6.095896 6.115549
41.645260 0.019885 -5.467461
41.661990 -8.117752 -9.631093
41.694340 -7.288022 -3.921606
41.711790 -0.307202 8.442860
41.744140 18.023821 13.801419
41.760990 14.972868 10.595262
41.793460 2.715517 3.983700
41.810180 -6.478969 3.960970
41.842770 -4.736783 -0.962274
41.859130 7.618697 0.111997
41.891110 5.919122 -9.949616
41.907710 8.188749 -13.969526
41.940800 12.387263 -10.505903
41.957760 12.983313 0.543420
41.990230 6.548378 13.208755
42.006230 -5.813344 1.390484
42.039430 -3.600412 -6.947366
42.056030 -3.526958 -10.218876
42.088750 -7.396899 -1.846433
42.105470 -0.692924 1.958642
42.137820 15.613290 2.430422
42.154300 21.060950 -1.598670
42.187010 11.157922 -1.066190
42.203490 -1.786276 4.469325
42.236080 0.173070 11.689283
42.252810 3.465979 8.799566
42.285640 -0.425569 1.315796
42.302490 1.547728 2.341416
42.334590 -5.521077 5.674488
42.351680 -8.568946 9.302953
42.385130 -11.622267 -4.789884
42.401860 -7.358489 -7.492151
42.434200 5.810055 -17.005065
42.451170 1.145599 -6.316244
42.485230 2.781033 9.582255
42.499760 1.614378 10.149411
42.533080 -31.749990 16.164472
42.549930 74.067671 -17.152259
42.582400 73.828125 -14.471129
42.879640 14.598125 -9.121375
42.896000 -31.169115 0.484090
42.912110 -67.718465 15.727422
42.927000 7.017153 1.045232
42.943360 -19.180836 0.992683
42.959720 -8.098774 -10.730600
42.976680 17.049837 -7.346297
42.993410 -1.511171 17.849741
43.026120 -12.076555 21.490452
43.043210 1.392350 -7.229505
43.075070 16.830733 -29.083582
43.092160 16.918511 -25.341223
43.124390 0.798551 -7.016525
43.144900 -22.278421 3.622051
43.173220 -3.793443 -1.417892
43.189580 5.540471 0.360398
43.222530 -2.077827 -5.084406
43.238770 -9.972615 -0.645706
43.271240 -14.465813 2.384040
43.287840 -3.892907 -1.260672
43.320560 -7.583161 -4.532151
43.337280 -3.710651 -7.040081
43.370120 1.488072 -1.563417
43.386840 1.039178 4.579832
43.403440 4.995782 9.679246
43.419800 14.509854 7.390458
43.436520 10.898284 6.322671
43.452640 -16.073920 11.938647
43.468510 -0.381564 6.882272
43.485600 21.511091 -5.505100
43.518190 26.705725 10.448630
43.534550 16.520069 18.051204
43.567260 -4.760751 -0.576901
43.584110 7.602176 -21.502406
43.616820 -4.301349 -27.628509
43.633300 -11.109835 -1.870179
43.666020 -1.899010 -2.853457
43.683840 -5.979269 -7.104018
43.715330 -5.489473 1.459501
43.731690 -3.742445 -2.904588
43.764160 10.614112 11.379245
43.780400 23.352386 8.915153
43.813720 17.930903 11.319467
43.830440 5.110898 2.028723
43.846800 -5.629085 -3.070386
43.862670 -3.309467 10.108772
43.881470 -0.630206 19.381962
43.897950 -1.170436 13.444602
43.913940 -7.192150 6.876199
43.930540 2.179786 8.143261
43.961550 5.793951 6.151582
43.978150 -8.127732 -1.357074
44.010500 -12.208603 -5.464035
44.027590 -5.365322 4.047519
44.059810 15.473911 16.912637
44.076900 17.704125 9.823091
44.110600 3.718439 -4.624607
44.127810 3.802932 -5.363829
44.158450 -1.505273 1.172468
44.175170 -1.723104 9.578640
44.208250 -2.072307 -1.582201
44.224980 -4.488217 -15.762083
44.257450 -7.997156 -9.831171
44.274170 -10.303968 -1.330374
44.306520 -4.364067 -3.389765
44.323490 6.541951 -8.466275
44.341670 12.494739 -15.525932
44.355830 10.746464 -15.157352
44.372440 11.529534 -12.356189
44.388920 0.282591 -15.411224
44.405150 -8.334673 -4.187325
44.421750 -7.143760 9.037686
44.454590 -7.854218 9.661407
44.470950 -0.186529 9.347279
44.503780 1.069611 1.148888
44.520390 10.291606 0.935456
44.800420 5.997755 -0.495479
44.817630 -0.644496 -4.134919
44.848630 -0.162031 -4.139148
44.864620 -5.421689 5.368697
44.897830 -4.999412 1.301359
44.914550 1.122538 1.917719
44.947750 7.361287 3.933869
44.964110 3.205013 -2.976913
44.996950 -13.911994 -5.160062
45.013310 -14.788955 -6.262089
45.046140 4.912159 3.064337
45.062500 6.960824 2.744461
45.095580 4.300480 1.897328
45.112430 -0.893668 -4.612557
45.144780 8.821328 -6.531139
45.161500 9.559152 -5.326261
45.193850 0.511990 2.624006
45.210570 -6.673511 6.692446
45.243040 -9.668179 9.957508
45.260010 8.138998 11.681959
45.292600 20.176239 1.898107
45.309200 30.499336 -21.157727
45.341800 7.253658 -26.022805
45.358150 -14.248746 7.426703
45.390990 -4.563222 8.837536
45.407840 12.237523 -9.635701
45.440190 20.237629 -21.928215
45.457030 -0.595804 -2.887198
45.489500 -13.754392 20.491945
45.506100 -7.782654 11.818998
45.539060 -1.331485 6.928936
45.555420 0.275521 7.479463
45.588260 -3.826636 9.227699
45.605100 -7.202470 1.157843
45.637450 -4.719809 -11.333667
45.653810 -7.030347 -5.834661
45.687010 -5.699288 5.019902
45.703490 -7.259139 1.792845
45.736210 1.853531 -1.666553
45.752690 12.558779 -5.223125
45.785520 9.331042 -1.384411
45.802120 10.450950 5.134332
45.834590 -8.902569 0.971725
45.852780 -10.086481 1.168971
45.883540 13.303472 -8.211048
45.900020 20.357309 -3.431350
45.933110 32.320088 -5.585837
45.949580 6.782614 2.049421
45.982420 -4.818932 4.888885
45.999020 -6.816298 0.917499
46.031620 -3.885120 -0.157197
46.048100 7.759216 2.685510
46.080930 7.602025 4.524567
46.097410 13.463721 -12.763594
46.130130 -7.515302 -10.931954
46.146850 -13.670052 1.725812
46.179320 -13.044631 13.098652
46.196170 2.832977 -0.026227
46.527830 7.042822 -0.964589
46.542480 -0.985760 7.643865
46.573730 8.623574 -0.142241
46.590330 14.234608 -7.550748
46.623170 7.909942 -10.923519
46.642460 -4.189447 1.759222
46.672490 -1.095356 -0.940867
46.689330 -1.248957 -4.874023
46.721680 -1.364677 2.669159
46.738890 0.124075 4.899329
46.771240 4.027757 11.474038
46.787840 1.595438 4.257997
46.820430 7.100020 1.918593
46.836790 -0.753336 -8.808663
46.869750 0.203730 -17.709659
46.886230 -1.155730 -8.725068
46.918700 7.847035 4.947246
46.934940 19.500755 11.651763
46.967770 10.095176 5.859683
46.984010 8.131097 -0.391398
47.016970 3.265765 -6.614852
47.033690 5.315609 -8.289091
47.067020 -0.927503 -10.196619
47.082890 -1.939499 -8.258257
47.115720 -11.716096 9.700180
47.132200 5.200570 12.319968
47.165040 12.437769 8.759659
47.181150 5.546747 -8.278151
47.214720 -8.482337 -2.858915
47.231450 -24.093092 15.651651
47.266240 -5.366419 3.528508
47.283450 2.214226 -3.152091
47.313350 6.975266 -8.854146
47.330080 0.543860 -3.912273
47.362670 -4.801467 -0.989635
47.379270 -0.839115 -1.204815
47.411500 1.956700 5.502903
47.428220 -0.998236 7.085211
47.461300 -10.374397 1.723497
47.477660 -6.280155 2.540977
47.494380 4.836890 3.024665
47.510620 12.855915 0.385916
47.527100 6.924003 -5.127361
47.559690 -3.388441 -4.876126
47.577030 -10.238983 5.480291
47.609620 -6.000099 4.580517
47.631350 7.749916 -8.490422
47.657960 15.857309 -11.708327
47.675420 13.311070 0.056376
47.707640 1.262453 14.179689
47.725340 -7.089322 11.270866
47.756840 -6.327826 3.238144
47.773440 -4.246759 -6.449056
47.806150 9.045960 -7.061441
47.822750 4.589042 -4.351634
47.855220 6.842534 -6.406242
47.871700 -5.070069 -1.475356
47.904910 -2.027508 -1.488942
47.921390 -0.689559 10.497468
47.953740 0.780102 2.166285
47.970340 0.969844 -6.986116
48.002930 -2.104555 -10.957637
48.019650 5.711083 -1.778266
48.053470 -0.802142 7.783340
48.068970 4.868343 7.002868
48.101560 0.505185 8.141181
48.118650 12.806733 4.431662
48.151250 2.552352 4.235574
48.170290 -52.886665 -3.636913
48.200200 -106.053640 6.128875
48.217040 -111.020504 4.703406
48.249760 -64.603377 10.334603
48.267330 -4.652894 8.340930
48.299440 3.785958 5.949705
48.315670 -3.031489 -0.420862
48.348270 -6.450729 -12.498803
48.364620 -10.579446 0.057581
48.383060 -4.890308 8.974033
48.397340 -7.953454 14.970628
48.414310 -0.441447 7.621631
48.430660 7.291991 -1.449530
48.447020 4.262524 -0.849403
48.463500 -2.421585 2.647941
48.498410 -6.657103 5.245335
48.512940 -6.793313 -4.797871
48.529050 -7.829267 -13.835867
48.545410 -8.318909 -15.585401
48.562010 -7.096089 -10.958156
48.578370 -2.003276 -3.441415
48.594600 -4.401229 1.882844
48.611080 6.595255 4.942355
48.644170 12.682283 1.941347
48.660890 13.190401 1.130080
48.693120 -6.438858 -0.035324
48.710210 -14.773418 0.674390
48.741940 -3.626762 0.014153
48.758540 10.862409 -8.337740
48.775630 12.981272 -15.677853
48.791750 -3.109783 -18.925667
48.808590 -0.890454 -4.791491
48.827150 0.709331 4.194036
48.841060 9.414060 4.582715
48.858400 3.261380 7.429491
48.874510 2.413835 6.071909
48.890750 8.581233 7.859681
48.906980 5.498054 3.393545
48.923710 -2.041950 10.631837
48.939700 -7.318379 19.195669
48.956420 -5.929102 10.448819
48.972900 0.234352 -1.161316
48.989140 1.379837 -10.686960
49.005740 4.250162 -5.362860
49.021850 0.275673 -0.337077
49.041500 -4.216856 1.897635
49.057010 -7.038324 6.305210
49.070430 -8.762731 3.211114
49.087160 -6.078808 3.932191
49.103640 4.344673 5.635077
49.120360 16.560178 6.361798
49.136600 10.889703 7.600177
49.152830 17.425029 1.568828
49.169430 21.743305 -2.605600
49.185420 23.408785 -1.828570
49.202510 14.644925 6.770937
49.218870 -0.616332 13.105102
49.234860 1.846159 7.357946
49.251830 -6.280079 -10.312063
49.268680 -11.959817 -23.804729
49.284670 -9.263561 -25.796313
49.300780 -9.508608 -19.217665
49.317500 0.315179 -3.915935
49.333620 -4.495967 4.490448
49.350340 -0.115834 -4.687197
49.383060 6.045502 -5.771741
49.399540 9.298757 -4.254760
49.431880 1.763178 6.047076
49.448730 -17.424386 8.675758
49.483400 -3.941600 -5.367350
49.499150 7.714077 -5.166607
49.531010 12.863589 -4.514052
49.547490 -4.559819 6.518923
49.564210 -5.132975 20.444906
49.580200 9.479914 25.530507
49.596920 9.048115 29.605675
49.613160 21.187624 21.011293
49.629640 20.001254 4.234699
49.646360 23.761656 -8.293651
49.662720 12.228790 -15.146791
49.679080 0.950148 -11.811839
49.696900 -11.096188 -22.996642
49.712040 -30.099053 -27.594915
49.728270 -18.229655 -19.678638
49.744750 4.935522 -2.360791
49.777220 10.986027 5.706197
49.794070 2.444419 -0.063677
49.826540 -2.958753 -2.791717
49.843140 3.648009 -5.446928
49.875850 0.544578 -3.069559
49.892700 -9.172718 9.429715
49.926510 -2.576963 10.617637
49.942260 -3.109027 1.803974
49.974730 -0.043400 -5.278603
49.991460 -6.040701 -1.281842
50.023930 12.041813 8.486642
50.040650 27.756928 3.972004
50.073490 22.873486 1.271304
50.089600 14.488230 -1.366005
50.122680 -5.434543 -3.177680
50.141970 -5.074945 -2.546530
50.171260 -7.322915 0.851742
50.187870 -9.129848 2.235917
50.205440 1.460286 5.499595
50.220950 5.205711 6.037766
50.237670 4.395709 5.861810
50.255250 -4.668130 14.015552
50.270260 -1.951937 1.148675
50.286740 11.776431 -3.727361
50.319580 6.155400 -7.621017
50.336180 -5.574798 -4.474310
50.369380 -13.593349 1.924193
50.385250 -2.098884 -10.132446
50.401610 8.305413 -11.319916
50.418700 6.620773 -17.117764
50.435790 0.601966 -7.914355
50.452030 -2.573863 2.166828
50.469600 -6.216114 9.184721
50.484130 0.532632 8.216034
50.516600 -5.484520 4.353335
50.533940 -0.009300 4.732138
50.565920 12.286441 5.612890
50.583370 13.525529 -5.888438
50.598270 14.306888 -14.235307
50.614750 1.473253 -8.255114
50.631230 9.423133 -1.687984
50.647710 8.163155 5.364420
50.664180 4.026849 -2.321237
50.680790 3.009184 -1.164766
50.697140 -1.431630 0.146375
50.713620 -0.459895 -3.691635
50.729980 -2.516286 -2.204184
50.746220 -0.643891 -0.709005
50.762700 9.044146 -4.213387
50.779170 -9.021312 -2.175216
50.795780 -29.092403 -5.743907
50.811890 -35.259755 -11.982026
50.828740 -13.358778 -9.102898
50.844970 9.066564 -2.552272
50.862550 5.489397 7.441446
50.877930 2.001952 4.627419
50.910400 3.814765 -0.674225
50.926760 1.241396 0.946207
50.959590 -3.648462 -1.942056
50.976440 11.758474 -4.195335
51.009280 23.972961 0.448459
51.025760 23.485672 4.781780
51.041990 9.489025 10.551764
51.058720 6.521537 15.366545
51.074950 -3.151330 11.549456
51.091190 -9.276868 -0.720465
51.107420 -13.929346 -15.164747
51.124150 -2.118731 31.794534
51.156740 4.013996 76.499069
51.173220 56.718635 38.316434
51.191160 123.233192 -57.135804
51.454590 84.253676 -64.805684
51.470210 -49.683218 -14.712550
51.486450 -131.797528 8.740190
51.502440 -90.009669 -2.356136
51.518680 -12.400684 -18.775096
51.551150 12.285458 2.910968
51.567990 -0.433130 10.309251
51.584350 5.154411 12.831759
51.600830 -3.047027 14.914750
51.617070 -2.229877 -4.386461
51.633790 -1.332619 -11.775003
51.650150 -2.602179 5.202734
51.667970 11.558000 -7.634083
51.683230 9.304352 -6.489365
51.699460 -7.059078 5.929433
51.715450 -11.073354 7.225512
51.748660 -0.474866 1.471197
51.765140 24.629330 -12.222765
51.797970 14.849932 -1.179911
51.814090 1.381916 8.700023
51.847170 0.196472 0.981223
51.863890 1.476164 -2.172239
51.896360 1.205406 -4.565561
51.913090 0.092962 2.432714
51.945920 2.249687 1.926910
51.962160 -2.580781 1.695852
51.996700 -25.164356 2.502086
52.010990 -32.179067 -1.323900
52.043820 -19.178833 -6.855738
52.060550 -9.355425 -6.296845
52.093380 0.119236 4.025663
52.110110 -0.691223 5.401728
52.142700 7.077035 2.807052
52.159670 6.850246 -7.313431
52.192260 -2.158086 -10.267501
52.208620 -10.775233 -2.872643
52.241820 -12.680015 2.348244
52.259890 -2.603653 8.175938
52.290650 2.277247 2.566779
52.307130 6.350282 -2.922498
52.339720 1.069309 3.365617
52.356450 6.279134 11.138788
52.389160 4.138335 5.134710
52.406860 -12.469827 -2.873777
52.439820 -18.536459 -10.826150
52.455320 -3.145962 0.155260
52.488890 26.215840 -1.958950
52.506350 39.122613 -7.736108
52.538570 31.557865 1.946899
52.555790 13.232250 11.277741
52.586430 -4.525115 15.631214
52.636840 -18.829654 2.584406
52.654050 -14.595781 -5.420418
52.685910 8.628412 -13.438057
52.702760 7.992469 -7.195765
52.735350 -4.475402 5.046152
52.751950 -3.935400 9.896383
52.784300 1.320673 1.741785
52.800050 6.268549 1.972205
52.833130 3.090087 7.916411
52.850590 -2.122285 -6.920572
52.884030 5.779169 -17.268242
52.900020 -4.191186 -4.937370
52.931520 -12.745302 18.372052
52.950200 3.735148 10.634129
52.967530 8.016550 -8.943624
52.982670 14.571171 -13.006364
52.997440 5.086173 -8.094257
53.014280 -6.781291 -2.295648
53.030150 -5.387098 -0.743266
53.046880 -2.767159 9.030149
53.063110 4.453248 10.455364
53.079470 10.946371 6.135633
53.098270 3.797715 7.655584
53.112060 -7.221259 1.039703
53.128420 -7.191318 -10.074393
53.144900 -11.903451 -12.813188
53.161380 8.134197 -0.282047
53.179080 10.655999 17.544154
53.195560 -2.892368 10.219845
53.228270 -16.976651 -5.789769
53.243650 -12.798454 -20.040142
53.259770 17.720872 -15.680925
53.276000 20.953518 -10.311661
53.292970 2.145346 -0.609768
53.325680 -20.817773 -15.751735
53.342160 -13.990890 98.604975
53.359860 16.850920 84.363563
53.376100 35.441401 -0.089243
53.738890 15.050894 -68.092952
53.770260 -12.005332 -73.980560
53.785890 -8.703303 25.965657
53.802490 7.539761 -18.033673
53.818360 14.084491 -24.960835
53.835080 -0.959486 -7.103309
53.851560 -11.045984 10.354616
53.867680 -5.573021 14.986175
53.884280 -7.353272 9.059069
53.901120 1.550412 0.400282
53.917110 6.067051 -2.851094
53.933840 10.390312 4.050685
53.950200 7.868811 -0.731357
53.966800 0.361641 -13.488643
53.983030 -3.527147 -13.629201
53.999630 -1.867935 -7.365105
54.016600 3.854989 10.964796
54.033200 1.585949 9.467141
54.051270 -1.269523 6.273548
54.065800 -11.417030 0.119487
54.083010 -4.568136 -9.614199
54.114260 1.480927 4.762949
54.131590 8.200922 11.831331
54.163820 21.600756 -0.395107
54.180300 12.584674 -0.448199
54.213010 9.371719 5.700030
54.229740 1.890844 16.754267
54.262820 -0.246525 5.117390
54.279170 0.568546 -3.257023
54.311040 -2.235775 0.209273
54.327390 1.518581 -5.404422
54.360720 -0.875294 -8.473457
54.376950 -3.703430 -1.611193
54.409910 0.972680 -0.729089
54.426270 2.983591 -2.171932
54.459110 5.482630 -2.505843
54.475340 10.482290 1.977450
54.508180 7.290290 1.799910
54.525020 -1.726507 -11.382954
54.557860 -5.416056 -5.099173
54.574340 3.936647 3.473100
54.606930 4.935106 4.573547
54.623410 -2.822845 3.172387
54.656250 -6.727571 2.879330
54.672730 -0.095079 -0.047374
54.706420 2.862237 3.633061
54.722170 6.149276 -3.537770
54.754520 12.300277 -7.745890
54.771240 6.110564 -2.187219
54.787960 -4.254660 -3.276327
54.804200 -10.070830 -0.702366
54.820800 8.586790 -12.132036
54.838500 2.472357 -22.683224
54.853150 13.751330 -20.916600
54.870000 -78.861383 -14.064035
54.886470 -150.118282 -2.149084
54.902830 -134.897813 12.899120
54.919190 -62.384201 11.919343
54.935550 34.110185 18.566616
54.951780 13.164619 35.257633
54.968380 13.122204 32.095237
54.984990 8.774412 17.808441
55.001220 4.166538 1.196025
55.017940 -0.306635 5.431547
55.035030 -1.515518 10.315394
55.050420 1.686850 0.109256
55.067140 -6.577638 1.029684
55.083370 -14.979635 -0.035655
55.099490 -18.757036 1.353577
55.116330 -11.220449 -17.192023
55.132570 -1.492722 -25.437661
55.148930 -2.072232 -15.585803
55.165650 2.006791 8.364605
55.182010 5.360937 23.142601
55.198610 4.210429 7.791113
55.214970 3.688308 6.757304
55.231570 3.779040 0.965251
55.247560 3.314609 3.543724
55.264160 3.281189 -7.524474
55.280270 4.293599 -12.493274
55.296630 6.425929 0.138058
55.313350 2.295015 1.235508
55.346070 -5.980214 -1.647887
55.366210 5.169117 -8.684453
55.395510 6.864726 -8.432629
55.412350 4.241353 0.508664
55.445310 -2.838307 3.823266
55.461670 -4.382251 -4.947435
55.478150 5.788885 -14.290595
55.495240 0.263840 -16.833299
55.510740 6.997986 -6.544016
55.527220 5.457150 8.165116
55.543580 3.044343 14.784376
55.560180 -0.003289 13.306288
55.576540 -1.117018 8.667322
55.592530 3.800739 5.337791
55.609130 4.933896 -2.676035
55.641970 -1.621712 -0.197884
55.658570 -10.222992 -1.336848
55.691280 -14.025064 3.413133
55.708010 -0.062605 0.660568
55.740360 23.986456 -6.833669
55.756960 33.608058 0.531890
55.789670 23.304341 -5.573668
55.806520 0.728309 -6.345542
55.839360 -9.389260 -2.421585
55.855960 -7.455231 1.101419
55.888670 8.286133 10.317379
55.905150 14.559603 5.939286
55.937620 12.279145 1.660646
55.954470 1.674941 -7.979969
55.970830 -11.258669 -10.335289
55.987060 -12.007260 -3.067149
56.003780 -9.654494 -2.101095
56.019780 -8.924004 -5.285597
56.036380 -11.925340 -6.793313
56.053100 -3.931090 1.238461
56.069090 14.024837 2.317693
56.085450 21.618674 4.721387
56.101810 16.881729 0.434235
56.118410 4.557967 2.379079
56.135010 -0.850646 1.535134
56.151490 -2.088979 -1.824105
56.168090 -5.477186 -6.742938
56.184080 -4.846908 -16.006030
56.200680 -3.974906 -13.609590
56.217410 -4.955747 -9.886673
56.233400 -8.427483 -4.625032
56.249880 1.305626 6.579481
56.266240 16.102007 19.733687
56.282840 24.351686 27.079284
56.299190 7.659261 16.448844
56.315920 -7.232865 5.035000
56.332030 -12.823782 -8.564140
56.348630 -15.144116 -15.987531
56.381100 -4.186158 -8.940505
56.397710 2.781487 2.169877
56.430180 14.958087 7.496546
56.446780 12.778002 -0.681928
56.479860 6.666139 -5.988006
56.495970 8.890661 2.689479
56.512570 -5.785180 6.987226
56.528930 -15.503170 5.393010
56.546020 -14.183309 -1.824932
56.563110 0.989162 0.668932
56.578860 14.676755 14.473303
56.598630 15.442383 12.223781
56.612180 5.040505 2.879779
56.629390 -7.023731 -12.989589
56.644900 -4.069644 -7.129064
56.661380 2.263372 0.942450
56.678220 9.231617 -1.917104
56.693480 -1.108096 -5.042490
56.726200 -1.309634 -11.689661
56.743160 0.862894 -9.612144
56.775760 9.906269 -4.996936
56.792110 10.987199 1.611949
56.825200 6.331909 3.914777
56.841430 3.183162 0.579737
56.858030 -7.901852 -3.175624
56.874880 -2.833846 -5.427813
56.891720 -7.264318 -11.132787
56.908330 -21.418213 -15.389014
56.924680 -10.254482 -5.027817
56.941040 14.283752 3.123147
56.973510 26.276811 4.365598
56.990600 14.249654 2.694299
57.024050 -6.060246 8.946034
57.039670 -10.526671 8.856037
57.054930 -1.024056 3.890157
57.071170 5.009808 3.270491
57.087770 12.066764 11.112727
57.104000 8.065620 11.305314
57.120240 -5.139931 -2.758733
57.137450 -5.727188 -10.341148
57.153440 -1.428000 -5.880263
57.169560 3.029561 6.906963
57.186280 2.987749 2.665142
57.218750 3.427267 -4.846355
57.235350 3.202631 -10.743170
57.268190 -7.156160 -7.348377
57.285280 -0.346292 1.243352
57.317630 10.928112 2.545041
57.333860 20.539930 6.680325
57.350460 17.366435 5.301901
57.366580 0.257980 5.952753
57.383300 4.622424 -0.848765
57.399540 7.395840 2.161843
57.416020 0.776359 5.713970
57.432500 -1.944149 8.275717
57.464970 -4.310762 4.109093
57.481570 -1.036418 -11.994643
57.514530 5.154033 -11.011247
57.531130 5.064549 6.084620
57.563840 1.837086 8.201739
57.580810 -1.980442 5.554506
57.612790 3.311849 -13.288450
57.629520 13.292546 -5.286873
57.663090 14.821504 13.073300
57.680420 4.401683 11.622938
57.711550 -2.912177 5.833976
57.728150 -6.613893 -14.853438
57.760990 -8.544600 -10.079591
57.777470 -11.673566 -6.128403
57.810060 -7.893648 1.591298
57.826290 11.244644 4.512658
57.859250 33.095534 8.917752
57.875610 36.763825 9.936527
57.908570 9.945926 0.261822
57.925050 -15.000351 -9.722343
57.957890 -9.523540 -8.919359
57.974980 2.344426 -2.410764
58.008420 7.262315 -1.010309
58.024050 -4.269896 2.884079
58.057370 -8.063238 5.230473
58.074340 -6.876105 -0.339558
58.090330 -4.564243 -10.619858
58.106570 -1.577291 -16.327284
58.123900 0.982055 -12.470829
58.141600 5.796673 -10.113001
58.155760 9.582401 -5.135773
58.172490 -1.070896 2.974078
58.205200 -19.197772 10.084506
58.223270 -9.063993 5.036347
58.237920 19.250657 -1.302139
58.254520 35.488722 0.963313
58.273070 17.787102 7.479605
58.289670 1.651767 16.798733
58.306150 -4.671835 15.293750
58.320070 -5.598577 4.586944
58.352660 -4.205363 -4.918656
58.369630 8.278496 -10.604004
58.402340 11.598753 -5.088659
58.418820 -2.581651 9.450507
58.748540 -11.135958 5.183879
58.765630 -10.364265 1.279598
58.796630 -1.034188 -6.792699
58.813350 3.930523 1.749487
58.829710 3.851020 5.643394
58.845700 -0.017579 -6.824360
58.862430 2.301404 -8.505166
58.878660 -2.863825 -6.772473
58.894900 -7.060666 3.692864
58.911250 -8.738423 6.058323
58.927370 -4.894806 14.485069
58.944210 13.209530 20.670984
58.960940 -17.307538 20.838658
58.977290 -70.859061 4.141346
58.993410 -86.432027 -16.048204
59.010130 -65.643530 -12.209038
59.026610 -15.914051 -2.005591
59.042970 -0.487644 1.137145
59.059810 -0.593573 -4.745582
59.114870 2.486496 -2.026006
59.142460 -7.178540 10.265658
59.160520 0.994455 -2.371116
59.175540 4.100871 -19.643600
59.191650 0.459933 -11.364265
59.209470 -3.598749 11.153201
59.239870 1.039367 27.383617
59.256230 -1.913830 19.224776
59.273070 -15.070929 6.615207
59.289180 -17.198591 -1.424177
59.305790 -15.337555 -11.712958
59.321900 -5.058803 -5.221566
59.338380 -7.138581 2.762135
59.355220 0.701430 -3.291850
59.371580 1.030785 -21.763449
59.387700 -6.602174 -37.321943
59.404540 -13.826483 -23.433171
59.420650 -10.166664 -6.030418
59.436770 -0.205356 3.797795
59.453610 14.016596 12.617908
59.470340 28.832953 17.396133
59.486330 20.230182 12.699257
59.503050 4.519104 -9.409868
59.535770 -4.053691 -13.224325
59.551880 2.621308 -0.516508
59.584230 8.386994 11.340543
59.601560 3.172123 16.498153
59.618160 2.291726 10.788204
59.634160 9.895079 16.039415
59.651120 4.675842 9.376010
59.667480 -0.228001 -1.339589
59.683720 -1.433406 -7.389347
59.700560 -0.632739 -8.527612
59.716670 -6.102020 -5.696557
59.733150 -10.923802 -7.363971
59.749880 -16.829750 -11.363013
59.765990 -11.853777 -9.559194
59.782590 -16.384849 1.530432
59.798950 28.423780 2.605624
59.815800 73.097882 -1.724111
59.831790 69.737466 -5.812286
59.848140 44.109876 9.465771
59.866460 -15.154852 15.944435
59.880620 -5.671691 11.573107
59.897090 1.038687 9.996895
59.930420 7.517230 9.711569
59.946900 4.647035 -11.018359
59.963130 -10.308315 -31.393218
59.982300 -1.104580 -33.092845
59.996220 -1.570487 -16.950936
60.012570 -2.716122 -2.087746
60.028560 -8.673626 -2.755945
60.045530 6.798946 9.257281
60.061890 4.055467 11.376079
60.078000 -4.411285 14.646418
60.094480 -14.419542 25.461806
60.110470 -16.394715 23.248325
60.126830 -6.310361 13.587570
60.143680 -7.362307 -1.327917
60.176760 6.187307 -14.801010
60.194090 5.787373 -4.899400
60.225590 2.883219 1.294460
60.241940 -2.730790 12.173077
60.275390 0.297448 0.535434
60.291630 6.473071 -13.205778
60.324460 -4.398356 -4.362479
60.341310 -4.947922 7.598618
60.373780 -4.026698 15.059867
60.390630 -9.032426 6.627777
60.426510 -9.137446 4.871755
60.439450 -8.199372 -3.954425
60.472660 -4.823734 -13.012933
60.488770 -3.147814 -21.115791
60.523440 -8.108792 -4.895052
60.538090 6.977723 15.666371
60.570560 4.216591 13.375232
60.587280 2.805190 -6.187354
60.619260 3.652621 -9.537103
60.636110 0.986025 7.517409
60.668950 8.249840 12.293789
60.685420 1.225026 6.697030
61.064330 23.704123 -14.718670
61.080930 16.801171 -7.249636
61.112430 -2.657411 1.486697
61.129520 -6.311344 -7.469303
61.145510 0.713490 -17.850709
61.161990 22.152694 -33.175077
61.178590 0.338277 -0.393501
61.194950 -4.184873 9.725863
61.211180 9.959044 -3.618010
61.228150 4.249330 -3.960167
61.244020 7.028872 5.978650
61.260620 5.544025 22.142124
61.277340 12.386545 9.294471
61.294070 13.707062 5.113445
61.310060 4.409281 8.286303
61.326660 3.727663 1.209068
61.342770 -0.998084 -16.598071
61.359010 -2.786212 -22.189281
61.375610 -0.584235 -2.599055
61.392090 -7.623687 15.748592
61.408200 -19.703677 16.258767
61.425050 0.500195 7.534587
61.441410 8.053069 -5.016736
61.457640 -0.273631 -11.134134
61.474370 -8.691848 -19.226667
61.490840 -1.324604 -15.468779
61.506960 16.901764 -3.863079
61.523320 11.741764 15.055567
61.540160 0.006956 9.003615
61.556400 -7.718198 -0.919271
61.573970 -3.401786 -8.628550
61.590450 -5.183029 -3.369988
61.606450 7.389640 20.425060
61.623660 7.120170 18.784735
61.654660 4.489163 14.414708
61.671260 -6.486189 -2.901162
61.687620 -4.898284 -14.530551
61.703860 15.347119 -14.250098
61.720210 7.068567 0.372235
61.736570 -5.967171 12.217189
61.752930 -17.223579 16.880363
61.769650 -4.812732 7.849214
61.786010 -3.171896 5.611945
61.802370 3.176584 14.701965
61.819090 -41.487139 12.466528
61.835820 -71.877479 4.009620
61.851930 -64.787718 -12.532141
61.868650 -25.683276 -10.350457
61.885130 14.797990 2.071466
61.901490 -6.383285 8.155287
61.918090 -4.978997 0.311535
61.934690 -8.188106 -9.756319
61.950930 -3.842627 -9.491478
61.967410 2.713211 -5.740056
62.000000 0.159083 -10.597861
62.016720 -0.354382 -8.258375
62.049440 -9.729913 8.124146
62.066410 -6.762729 12.481343
62.098270 5.823741 6.727958
62.115600 8.041047 -8.753398
62.147220 2.252107 -4.649747
62.164430 -7.239368 1.729758
62.196530 -6.585993 -4.022308
62.213010 -2.557569 15.042100
62.229610 14.176277 5.733676
62.245730 23.892597 3.393734
62.641720 26.207713 -5.194488
62.658810 9.267379 -8.132793
62.673710 -5.628329 -2.862767
62.690190 1.055812 -19.905001
62.706540 -2.865451 -12.217851
62.723630 0.054704 0.936732
62.739010 4.408979 14.946623
62.755620 8.614765 11.008294
62.772710 -0.530931 2.574954
62.788940 -7.332253 1.409812
62.805540 -2.261822 -0.510341
62.837890 1.646323 -0.963573
62.854490 -2.322045 -5.627020
62.872310 -0.974532 0.694805
62.887940 8.780386 7.576455
62.904540 4.566435 -1.124409
62.921260 -0.778703 -7.611897
62.941890 -8.512391 -11.391862
62.952880 4.386334 -15.789089
62.969730 6.169917 -16.990204
62.986330 -1.488601 -11.190485
63.004390 -3.015044 -5.931039
63.019780 -3.046006 12.444791
63.035770 5.342791 24.285884
63.060550 2.912404 24.478053
63.069460 -1.857878 8.953217
63.083620 -12.119160 -15.079312
63.100100 7.952207 -10.300533
63.116330 35.571683 -1.364469
63.132810 40.725164 3.155493
63.149540 27.630300 -6.388474
63.165650 4.061667 -9.238946
63.181880 7.575108 -0.053068
63.198240 -2.287605 14.500474
63.214840 -6.330170 5.170459
63.232180 3.271058 -21.152033
63.248780 -3.334305 -21.177337
63.266850 -1.501947 -1.542766
63.281130 -2.829499 13.892832
63.297970 1.721554 -11.299289
63.318600 1.376775 -25.050256
63.334110 -2.599268 -11.168015
63.350460 -4.160186 3.218202
63.364870 -0.127062 19.147022
63.381100 2.503773 29.588170
63.397460 24.654165 15.556624
63.412840 13.569268 -0.762546
63.429200 -8.874442 -7.983372
63.445560 -9.651470 12.450769
63.478390 -10.105459 23.152098
63.495000 11.452679 0.034615
63.527950 6.687347 -4.498292
63.544310 4.649605 -9.371237
63.577150 -1.738151 -8.583492
63.593870 -0.503598 1.103286
63.626590 -0.263424 7.598476
63.643070 4.776629 11.998755
63.675780 -3.999895 1.730113
63.692140 -11.596258 -5.709316
63.724850 -8.032239 -2.543057
63.744140 -10.153054 -4.425707
63.776000 3.033039 -1.388641
63.790530 -0.546015 7.520339
63.822630 5.135092 3.549206
63.839110 8.011371 -9.973764
63.872310 4.361005 -9.693872
63.890260 -2.684517 3.338775
63.925900 -6.215547 14.393184
63.939580 -3.615875 6.332004
63.970950 -0.766606 -4.414059
63.987790 5.912166 2.176847
64.021610 2.006149 3.391324
64.040410 27.197308 -3.256621
64.069950 43.133203 -5.650790
64.086430 38.490018 -2.180226
64.119020 12.506496 5.427790
64.135860 -11.276966 1.815622
64.152340 2.830406 -12.002535
64.168330 5.234405 -17.623918
64.185420 3.750724 -12.417856
64.201780 0.860588 -0.654117
64.217530 0.067784 9.110128
64.234500 -6.044481 12.591540
64.250610 -4.414612 10.635972
64.268680 3.206449 7.563531
64.283810 2.439769 9.423099
64.316410 4.719922 3.323772
64.332760 -3.258733 -4.885152
64.365840 -3.800210 -4.452407
64.382320 -8.747609 -4.050662
64.414790 -9.325409 6.771315
64.431520 5.712066 -3.160952
64.465580 -0.759650 15.914335
64.481080 -10.047165 10.842760
64.513670 -16.126277 -5.845672
64.908200 -1.893528 -16.714125
64.925290 14.705221 -19.484406
64.956790 -7.151208 9.076152
64.973880 -31.176184 6.346322
65.006590 -38.639229 1.568899
65.022950 -13.412270 -1.731010
65.055540 13.281772 4.353808
65.072140 6.761633 3.983227
65.088500 2.321176 -4.536499
65.104610 2.658886 -17.829705
65.124390 4.411361 -19.288071
65.138060 -0.034932 -22.724616
65.154420 -6.672906 -27.422101
65.170530 -9.575975 -18.172597
65.187260 -4.145178 78.124903
65.203490 0.995136 85.933081
65.220340 7.556698 20.395125
65.615360 10.047732 -47.500689
65.647090 3.291132 -53.651175
65.663940 -0.034591 10.954636
65.679810 -1.552076 -8.909789
65.696410 -2.147085 -18.972093
65.712770 5.477111 -12.032754
65.729610 10.364341 -2.158677
65.745730 -11.781043 -3.102260
65.762330 -16.591895 -6.669952
65.794800 -8.856448 -9.092904
65.811650 4.341687 8.470386
65.828000 2.209123 17.978434
65.845090 -12.681678 14.529346
65.862920 -9.023883 8.983720
65.878050 2.325145 10.409975
65.893920 8.749348 19.854700
65.910520 6.315540 2.896626
65.925660 1.256404 -17.742429
65.942020 -3.888749 -28.535121
65.961060 -3.480382 -20.063249
65.976440 -14.346544 0.285662
65.993040 -13.162691 16.456736
66.010130 -0.431580 19.647711
66.041630 16.036344 9.285823
66.057980 2.526267 -10.446763
66.074580 -16.642173 -24.606362
66.090450 -14.584969 -30.897949
66.107790 -7.643534 -14.123244
66.123410 10.314251 3.504077
66.139770 0.235637 11.109207
66.156370 4.662232 2.418207
66.189090 7.621268 -6.008893
66.205440 -3.435886 2.213588
66.238890 -10.712591 4.797634
66.255490 -8.740237 7.943465
66.271610 15.577907 6.530288
66.287720 26.911279 10.147970
66.304570 10.428910 10.206282
66.321170 2.138995 -0.362264
66.336790 -8.469861 -5.803804
66.353880 -8.672757 3.409683
66.386110 -10.395302 13.350187
66.402950 -9.854364 7.803683
66.436160 -2.882879 -5.939805
66.452270 -3.221987 7.185109
66.468630 7.866694 10.351804
66.484740 3.485562 4.904243
66.501590 9.287529 -1.417278
66.518680 8.385482 2.787441
66.534060 -2.979546 12.886928
66.550660 -8.295432 3.273468
66.583130 -5.159401 -6.861290
66.599980 9.513976 -3.738820
66.616330 11.299119 -17.241190
66.632690 6.167119 -38.590938
66.649290 2.850934 -34.300707
66.665410 -13.495362 -8.505449
66.682250 -24.481455 23.111486
66.698850 -8.442378 29.482594
66.715210 11.327623 13.917428
66.731320 20.090315 6.950225
66.747920 -3.913965 7.715552
66.765500 -22.062575 13.830929
66.780640 -19.111809 10.885478
66.797240 -6.981428 -3.540322
66.829710 8.381286 -5.618656
66.846800 -2.089697 7.583898
66.879270 -1.596723 8.163817
66.895870 7.840230 -5.838300
66.928590 2.379509 -7.944197
66.944950 -6.616237 4.873480
66.977910 -13.508631 11.388719
66.994750 -0.300435 -5.314376
67.026490 15.984667 -5.486032
67.043330 5.128136 8.724856
67.076050 0.593724 13.886004
67.092410 -7.063577 -2.236389
67.125370 -11.420848 -10.644265
67.141720 -3.255369 -3.035015
67.175170 -0.689295 -4.542831
67.191280 10.486335 7.783411
67.223510 -7.433191 10.624607
67.240110 -20.684786 14.807555
67.619020 -21.224820 8.583822
67.635380 -11.373971 -5.145224
67.667360 10.261098 -4.744188
67.683720 -3.571303 -11.743933
67.700320 -23.807621 -7.365625
67.716430 -38.079459 -4.899376
67.733280 -22.397003 -7.563058
67.749630 4.931099 -3.395412
67.765990 15.502187 7.381715
67.782840 2.763680 7.888885
67.798460 1.550223 7.329309
67.815550 -4.550482 8.825840
67.831670 -7.755662 6.140240
67.864140 -6.886992 3.566218
67.880980 -7.691470 -6.189126
67.913700 19.900020 -7.629854
67.930540 36.064386 -15.121108
68.374880 28.515556 -17.011775
68.406860 10.481193 -3.358906
68.423460 -8.000899 8.556060
68.456180 -4.316357 12.913793
68.473020 -2.181034 -16.083668
68.489140 -8.216384 -25.906429
68.509640 -4.123894 -20.554413
68.523800 -3.749476 -2.092377
68.538450 -2.981096 4.939307
68.555050 -2.900156 -0.054770
68.571660 2.866925 14.070886
68.587770 13.183672 19.038530
68.604370 9.654305 7.599894
68.623410 0.122790 1.816969
68.653440 -5.314173 6.135444
68.670290 1.359044 5.545220
68.702760 10.527692 -8.684571
68.720340 6.979727 -16.349446
68.737430 -6.079753 -6.567856
68.752320 -17.788992 -7.130694
68.769170 -7.763941 -8.850106
68.785030 2.624219 -1.335643
68.802120 12.685610 7.574258
68.818970 5.468794 2.926090
68.851680 -3.235899 -2.768444
68.866820 4.301765 -1.683849
68.883420 -0.116628 10.075858
68.900760 4.979905 19.108488
68.917850 -14.399204 10.962197
68.933720 -32.290342 14.852777
68.950070 -33.027424 6.313503
68.967410 -18.057201 4.174968
68.998170 11.492675 8.901449
69.014770 10.036845 -1.625063
69.047490 2.426349 -6.489341
69.064090 -13.034008 -6.104751
69.080440 -5.567312 -6.232696
69.097050 7.335126 -9.866400
69.113650 9.341513 -13.396591
69.129760 -4.921761 -5.672007
69.146360 -23.857556 15.851487
69.162720 -4.110662 2.050791
69.179080 7.535074 -1.424225
69.195430 6.298225 8.791391
69.211790 6.760763 18.758392
69.229370 1.241245 15.009164
69.245480 9.681637 -13.569613
69.262330 4.490826 -13.725859
69.295290 -3.125661 0.208210
69.310910 -8.991749 11.553284
69.343630 15.232349 6.371155
69.360230 47.115527 4.588055
69.392460 44.637282 1.287678
69.409060 6.810363 0.527046
69.441770 -26.189115 -4.554291
69.458370 -5.584740 -1.681392
69.475460 3.513008 -1.396225
69.492310 2.261407 -16.324969
69.509160 1.315002 -7.742346
69.524290 2.792677 2.927342
69.540650 8.238008 13.378186
69.558470 2.839592 6.794849
69.574580 -3.539433 6.160773
69.590940 -4.545416 7.346983
69.607540 -0.552063 7.457230
69.624880 3.098026 -0.345016
69.639770 1.231340 -13.868402
69.656620 0.863008 -8.995345
69.672970 -4.114896 -7.696012
69.689090 -7.169807 -0.373653
69.708130 -2.650985 -0.995495
69.725710 12.899427 -6.936237
69.737430 26.119412 -6.389041
69.754270 6.986834 -3.988118
69.770390 -4.022729 12.843714
69.786740 -0.733262 19.860630
69.803100 7.211808 -3.956032
69.819700 4.316093 -33.344360
69.836060 -10.324949 -43.418457
69.852660 -2.799293 -17.744272
69.869020 -1.327402 16.966766
69.885130 -1.704126 34.271958
69.901980 6.804654 21.897667
69.918090 -18.462329 6.994716
69.934450 -39.634490 7.195883
69.951290 -39.540611 14.001990
69.984010 -22.086352 7.664374
70.000610 1.944678 -11.443204
70.033570 -4.255870 -13.364222
70.049680 -1.891714 -3.717839
70.082640 -0.196093 4.065807
70.099000 -11.874116 -1.424744
70.131470 -6.383739 -2.680477
70.148070 6.993979 8.735937
70.180540 14.213967 12.374287
70.197390 8.621381 3.533659
70.230100 -8.308437 -5.113185
70.246700 -13.602724 0.228294
70.279420 -5.877196 7.434382
70.296020 5.127040 2.772153
70.328740 9.485661 -7.909299
70.345580 1.905739 -12.486564
70.378050 -7.844200 -10.304667
70.394650 -0.129897 -4.536026
70.427120 1.131233 6.457066
70.443970 6.429483 7.443077
70.476680 2.634010 6.628627
70.493040 -3.266521 -8.410915
70.921510 12.612573 -3.483780
70.937870 28.204734 9.696754
70.969360 28.868106 14.108524
70.985960 14.805891 -0.859799
71.018680 -6.533143 -13.742847
71.035280 -7.577339 0.407229
71.067750 -0.563518 4.151884
71.084350 4.251598 1.512711
71.117070 10.084364 -7.793854
71.133670 1.167790 -3.379226
71.166380 4.139507 4.999629
71.182740 6.697479 6.449221
71.217160 6.625726 9.188619
71.234010 -0.638334 -9.905267
71.256710 -4.156330 -23.130788
71.265500 2.279666 -23.739523
71.281860 -4.652252 -6.636519
71.299930 -8.102252 3.369232
71.314580 2.352970 -5.192314
71.331670 -19.849630 8.135085
71.349730 -35.539028 13.673927
71.364140 -35.247925 19.673085
71.380980 -8.229842 6.044642
71.397580 10.224390 -4.174236
71.413700 -4.022918 4.519770
71.430050 -5.689081 4.988784
71.462770 -2.069018 -2.579869
71.479370 2.286698 -11.939403
71.512080 -0.831214 -1.729569
71.528690 1.221624 15.540392
71.561400 -2.514774 16.100136
71.578250 -1.337534 2.349189
71.610230 -3.205467 -11.114074
71.627080 -0.474375 -7.802596
71.659790 0.075080 -1.793554
71.678340 11.937739 -2.561534
71.709110 11.639770 -5.188629
71.725950 32.020431 -5.685522
71.742070 48.555300 -5.177831
71.758420 42.339579 -8.560596
71.775020 19.484916 -9.116697
71.794560 -13.129575 -4.808267
71.807740 -11.928931 2.545112
71.824100 -11.545827 -0.250220
71.857060 -4.335676 -0.634034
71.873660 2.262125 9.788642
71.906130 3.787621 8.671977
71.922730 5.077932 -7.636281
71.955440 4.660796 -18.538737
71.972050 11.015250 -9.241143
71.988650 8.328549 11.862921
72.005740 -4.729676 20.541584
72.021120 7.513223 14.724553
72.037960 17.684506 7.573596
72.053830 22.333043 1.304029
72.070920 6.678652 0.762475
72.087280 -6.930921 -0.169011
72.103150 -6.566146 0.571443
72.121460 -8.231165 0.626071
72.152710 -5.964600 0.554502
72.169310 -2.862804 5.129890
72.185420 3.095833 4.215773
72.201780 5.328387 0.150014
72.218380 13.383048 -2.238492
72.250370 19.021424 -3.634385
72.267460 6.853157 -11.041609
72.284300 -14.257517 -19.697019
72.300420 -25.734155 -25.208261
72.317020 -4.064843 -6.592500
72.335080 -6.418368 13.624735
72.349490 -14.927731 19.594434
72.366330 -36.400803 31.799897
72.382690 -47.696263 29.655262
72.399050 -35.296568 22.454574
72.415650 -15.238359 -1.246519
72.432010 1.097851 -15.952303
72.451290 -12.758609 -9.437489
72.464970 -15.746811 2.056533
72.481320 -2.794794 8.108977
72.497680 18.925104 6.061843
72.514280 7.335996 5.827030
72.530880 -1.592943 5.683538
72.547240 -4.380134 4.172227
72.563600 -6.260648 -7.469374
72.596070 -0.087140 -12.933380
72.612920 10.602242 -3.526736
72.645140 9.636764 5.464437
72.662720 -2.037262 1.625653
72.694210 -12.475195 -0.250008
72.710820 -5.715015 -4.800942
72.743530 1.451704 -2.708452
72.760620 1.672749 -0.804037
72.793330 -4.635958 3.604259
72.809940 -2.730148 12.492778
72.842900 7.512051 3.602133
72.859500 -2.699828 -3.120500
72.894410 4.445763 -16.336381
72.908570 1.263814 -16.769388
72.941530 3.963678 -0.948002
72.958130 16.605126 9.189493
72.991330 12.152578 11.342197
73.007200 16.631248 -1.205477
73.039430 -2.019607 1.628678
73.056270 -11.572555 4.819041
73.089230 9.549323 -1.874196
73.108030 13.001081 -5.572085
73.138550 6.160314 -3.188384
73.154660 -4.109150 6.180809
73.187620 -1.450910 7.479865
73.204220 3.044078 1.362367
73.237180 -7.723150 -2.958743
73.253300 -6.677820 -3.451623
73.270390 8.238045 -5.224354
73.285770 21.062538 -10.714675
73.302860 -1.332808 -18.735191
73.319700 -22.768286 -19.452605
73.335330 -23.432789 -11.481528
73.352170 -10.566177 -7.368484
73.368290 5.354170 -2.621549
73.384400 3.594250 3.752028
73.401490 8.350060 13.232524
73.417850 11.197654 19.609672
73.436160 10.203145 16.070697
73.450810 2.497157 1.629363
73.467160 -4.517818 -5.946256
73.483520 -4.721434 -4.403119
73.500120 -1.465427 -2.194922
73.516720 3.254499 -0.314465
73.532590 5.252740 0.414506
73.549190 -0.956764 5.726304
73.565550 -0.315368 11.109443
73.581910 2.667089 7.208358
73.598510 7.158579 -2.643523
73.614870 0.305387 -19.046303
73.630980 -13.490599 -30.259587
73.649780 -8.913154 -12.603543
73.663940 -3.128496 12.237013
73.680300 3.074095 29.574964
73.696900 5.805141 21.086117
73.713500 6.300872 3.444747
73.729860 2.780655 -5.841939
73.746460 0.537244 -16.281779
73.764770 -2.324125 -21.306240
73.778930 -3.357479 -24.503426
73.795530 -0.044685 -2.019130
73.811890 -1.322298 17.993390
73.828000 1.913149 24.189611
73.844850 -2.974253 23.881347
73.861450 -6.320832 6.908333
73.877810 4.070967 14.001068
73.894410 6.347031 5.592334
73.927120 -12.069863 4.446500
73.943480 -23.901783 9.245113
73.976440 -19.423072 3.669827
73.993040 -0.540571 -1.311708
74.009400 -1.345246 -21.328000
74.025270 -19.172368 -24.131587
74.042360 -13.053515 -16.496736
74.058470 2.226929 4.601310
74.074830 17.526793 19.945567
74.091920 2.481090 9.695313
74.108030 -12.707763 -11.019682
74.124150 -15.261268 -23.635618
74.140750 -6.803596 -9.571575
74.157350 3.952903 9.156793
74.173220 4.249783 15.287111
74.189820 7.176688 17.757810
74.206180 6.679332 13.359827
74.222530 -0.133678 9.488359
74.239380 -6.381962 3.714058
74.271610 2.022291 0.073176
74.288450 2.529367 -0.239422
74.320680 3.338766 -6.301807
74.337040 -3.998193 -7.016099
74.369750 -0.544540 -9.280082
74.386840 3.515087 -4.627206
74.419070 -5.203368 -2.892491
74.435910 -6.610037 -0.129647
74.468630 -7.063690 3.822558
74.485960 1.066889 7.054896
74.502320 2.303937 8.783996
74.518430 -1.599634 2.385671
74.535280 9.659597 1.467724
74.551150 17.481166 -6.019077
74.567750 16.486916 -3.074402
74.584350 11.994747 -3.116767
74.600710 2.745043 -5.105836
74.617070 6.763145 -1.504796
74.633910 3.511760 0.783292
74.666140 0.161200 3.638378
74.682980 2.212147 8.331432
74.699100 2.603993 5.139152
74.715700 1.566026 1.730774
74.732300 4.806306 -1.330327
74.748900 8.848622 -0.115092
74.764770 12.110011 8.173055
74.781370 5.547276 0.608823
74.814090 -5.282493 -3.868159
74.830690 -2.577454 -5.302113
74.863400 3.546389 -3.330435
74.880000 9.377352 1.829917
74.896120 1.043261 -3.501856
74.912720 -10.888871 -5.947579
74.929080 1.609388 -10.744375
74.962040 2.726329 0.509845
74.978390 1.362787 19.675259
75.011350 -13.765241 15.450303
75.027950 -11.328531 2.909715
75.060670 11.219920 -15.912067
75.077030 13.839941 -15.041982
75.109740 -0.051944 -6.008964
75.126340 -26.392063 -23.297348
75.158810 17.242971 67.579847
75.175900 14.476398 59.230280
75.208370 -17.165287 10.432917
75.554080 -42.673091 -56.560533
75.570680 -30.652040 -70.112750
75.602420 22.340528 13.231154
75.619020 -5.095398 -6.318843
75.635620 -24.023350 -13.478436
75.651730 -26.760534 -34.407175
75.668330 -8.291879 -6.991786
75.685180 20.606272 23.836364
75.701540 27.760708 40.578759
75.718380 21.674620 24.445544
75.734990 3.274007 0.306337
75.750610 -4.536910 -2.707200
75.767460 -7.694230 -10.122924
75.784300 -8.301065 -9.451996
75.802120 -9.440749 -11.067055
75.817020 5.578843 -0.722639
75.850460 5.701254 10.578510
75.865600 -5.118874 8.256390
75.898070 -15.878290 2.485428
75.914670 -7.492695 -18.095551
75.931520 9.138013 -23.410987
75.947630 2.023539 -16.772720
75.963990 -3.158248 1.259939
75.980350 30.999252 17.723575
75.996460 62.797288 15.055780
76.013310 52.202796 9.136686
76.029910 13.499067 3.512205
76.046020 -18.037430 1.235461
76.062870 -1.263965 -11.121824
76.079220 6.878827 -15.567894
76.095580 7.830212 -14.039581
76.112180 2.505323 -5.308044
76.128780 -5.771306 4.444775
76.144410 -3.618445 11.577668
76.161740 -2.833770 17.235307
76.177370 -2.598247 10.565042
76.193730 -1.375905 4.493236
76.210330 0.462050 10.367564
76.243040 -2.995234 9.669086
76.262330 9.500442 11.852312
76.292360 42.919266 -1.972299
76.309200 46.932214 -9.497597
76.341920 20.377874 -7.802407
76.358280 -14.687265 -6.285008
76.390990 -7.599492 -0.966456
76.407590 13.646538 -7.988357
76.440060 10.526671 -9.534196
76.457400 -0.951471 -8.715027
76.473270 -3.695453 -10.832080
76.489870 1.492873 -14.064058
76.508420 4.659283 -10.246804
76.525020 6.729764 -2.461068
76.541140 1.564702 10.364516
76.555300 2.758010 16.304721
76.571900 -11.687554 16.780611
76.588010 16.615900 7.970235
76.605590 37.407699 -6.875916
76.637570 34.316100 -13.444247
76.654170 21.689476 -20.824577
76.670530 -13.092793 -11.215530
76.686650 -12.869940 -3.159416
76.703490 -11.117396 0.304659
76.719600 3.823120 -0.011743
76.736210 18.288249 -1.966959
76.752560 15.478863 -13.114601
76.769410 -5.780757 -3.575268
76.785280 -18.464786 13.684252
76.801640 -20.559436 29.714086
76.818240 -11.593006 26.930755
76.834840 0.456682 5.643134
76.851200 -1.879541 3.180397
76.883670 -3.781043 1.535016
76.900270 18.170003 -17.110865
76.917110 20.437752 -13.072828
76.933230 7.281293 7.698256
76.950070 -2.688600 16.679371
76.966190 -15.295518 11.710997
76.982300 -5.720685 -13.476404
76.998900 -3.551682 -7.571352
77.015750 -4.160527 -6.861196
77.031620 0.596484 4.013448
77.048220 20.580416 10.754133
77.080930 -48.411669 9.684964
77.097530 -100.344386 11.391176
77.130490 -110.621614 -0.055904
77.147090 -47.407332 -0.189048
77.180050 25.816862 -7.136034
77.196410 -3.880696 -10.951115
77.212520 -11.101329 -10.352749
77.229130 -20.811422 -17.220044
77.245240 -6.258304 -10.740949
77.261600 9.692676 -1.345945
77.277470 11.874985 9.296857
77.294070 10.826155 17.521260
77.310420 5.834591 20.717693
77.327270 4.419224 15.295971
77.343870 1.445202 -3.352692
77.360470 -2.623727 -7.411014
77.376590 2.157103 2.091644
77.393920 -16.554357 -2.816267
77.409550 -32.383059 -2.293404
77.425660 -32.711894 -0.173808
77.442500 -3.097307 11.121375
77.458860 22.274527 13.668753
77.475220 6.856787 -3.223282
77.491820 -3.137910 -4.052150
77.523800 -5.679176 -7.717867
77.540890 -1.810585 -2.776454
77.574580 1.634112 6.152905
77.592410 2.217818 9.286839
77.623410 7.641871 -1.464581
77.639770 -10.772549 -8.091445
77.672490 2.909267 -3.761976
77.690060 28.861113 3.699078
77.722050 32.906587 8.876829
77.738400 13.797109 -7.005916
77.755740 -6.661073 -13.961611
77.772340 10.223030 -17.015059
77.788700 6.935760 -12.889551
77.805540 0.392754 -9.314271
77.821410 -6.009210 -9.635228
77.836550 7.236608 0.496471
77.853150 1.175653 10.253868
77.869260 -11.282637 9.412136
77.886110 -9.192641 20.160447
77.902470 1.941049 17.280245
77.919560 0.504996 11.548842
77.935180 -14.664356 -6.871261
77.968140 -9.748929 -20.465248
77.984740 -0.813597 -7.306366
78.017210 7.526341 8.174260
78.033810 2.995386 -2.326814
78.066530 -16.164496 61.177560
78.082890 14.699059 41.198938
78.115840 48.276728 -3.420930
78.463990 68.079638 -41.752998
78.478150 24.664636 -56.013662
78.493290 -29.196199 12.274509
78.509400 -18.020230 -7.732469
78.526000 -5.267673 -11.156013
78.542360 7.703568 -3.909367
78.559200 0.493088 6.115077
78.575560 5.778753 14.433420
78.591920 -1.201474 12.334026
78.608280 -11.234777 -3.889968
78.626590 -7.747459 -1.892909
78.643190 -0.074362 -3.795598
78.659060 4.116295 -5.501178
78.675170 1.319085 -7.540068
78.691280 9.699443 -5.708867
78.708620 18.204970 1.244250
78.724490 12.531333 10.195933
78.740600 3.258582 16.729601
78.756960 -4.406862 11.868332
78.773560 3.602454 -3.167685
78.806030 12.193671 -18.327634
78.822630 -3.788226 -15.789089
78.839480 -10.132678 -10.779273
78.855830 -9.604933 -8.118451
78.872680 -2.819934 -4.116135
78.889280 3.205996 2.224693
78.905880 -4.707409 12.980681
78.922000 4.492111 15.713790
78.938840 6.499270 12.478720
78.954710 0.660034 12.268224
78.971800 13.813781 6.194821
79.004030 11.991950 2.202814
79.022830 6.282650 -1.811062
79.052370 -1.241056 -5.559586
79.068970 -1.388910 -5.428995
79.101440 3.633151 -6.797401
79.118530 -4.673498 0.442765
79.150760 -2.712984 5.167883
79.167600 0.594556 5.251148
79.200560 8.325411 1.726639
79.217650 5.379008 -0.799335
79.249630 -7.121153 0.537041
79.266240 0.053607 -11.241119
79.298710 12.894664 -20.795304
79.316280 5.770625 -23.294064
79.332150 14.385065 -11.032441
79.348020 21.609261 0.160954
79.365110 32.573292 -0.566741
79.381470 20.760579 0.532764
79.397580 -4.539367 6.702110
79.413940 -2.110755 11.538210
79.430300 -4.173078 7.212092
79.446900 -1.981160 -0.467149
79.463500 2.668791 -7.655230
79.480100 1.335908 -3.512512
79.496220 -4.590857 -1.309156
79.513060 -3.206790 2.357175
79.528930 5.142464 1.835706
79.545530 11.053923 -2.666938
79.562870 8.059080 -8.649885
79.577510 3.274838 -9.646049
79.593870 0.488098 -3.349337
79.610960 -0.773826 -1.256986
79.627080 1.464822 4.802289
79.643190 0.042228 10.095446
79.660520 9.737247 8.649767
79.677120 12.191743 0.983752
79.693480 3.995623 -5.004213
79.710080 0.807132 5.803307
79.726440 2.550310 13.336885
79.742310 9.034014 9.254446
79.759160 -1.050746 4.745771
79.791870 -12.881055 1.843267
79.808470 5.097326 -0.524943
79.825070 -18.199035 -4.296274
79.840700 -27.382336 -7.441210
79.857790 -91.252409 -2.451616
79.874150 -112.954395 7.637297
79.890750 -72.152615 9.093423
79.907100 -39.682261 9.444766
79.923460 9.295203 5.358702
79.940310 -15.054976 7.158126
79.957150 -0.708802 1.841282
79.974490 13.755034 -3.387024
79.990110 13.000627 -4.791373
80.006230 3.687930 -0.695514
80.022090 -7.798381 1.113942
80.038450 -6.139371 0.621865
80.054810 -1.972881 -0.172413
80.071170 1.146808 -2.691582
80.088260 0.354949 1.886979
80.105590 8.640812 4.338190
80.122190 7.652683 7.209847
80.137330 10.050189 6.377558
80.153690 20.565900 0.084517
80.185910 22.677601 1.553730
80.202760 24.425472 -2.579775
80.235230 5.863057 0.066489
80.252080 -2.788329 -0.309739
80.284790 -5.134903 -3.045576
80.301390 -7.285791 -3.077403
80.333620 4.514227 -13.260688
80.350950 11.104089 -1.852411
80.383180 5.663298 -1.211620
80.399780 0.632247 1.080296
80.432740 -3.582115 -0.956272
80.449100 -2.915088 1.757474
80.481810 -4.673007 8.440119
80.498170 -4.244680 1.545318
80.530880 3.389878 -7.565657
80.547490 -12.938592 0.297382
80.580440 -31.076284 15.407160
80.597050 -33.169049 19.825120
80.629760 -18.805309 13.602998
80.647830 8.075941 -3.318479
80.661990 9.589320 -6.492460
80.678340 6.843215 -6.591366
80.695190 -11.460428 -0.819159
80.711790 -17.300809 5.279360
80.727910 -4.854582 7.327490
80.744510 6.383361 6.535297
80.760860 13.485231 -3.026886
80.777220 1.653392 -13.660105
80.793580 -1.059366 -10.343936
80.810420 -4.283770 0.975765
80.826540 -8.184439 9.480491
80.842900 -3.292909 5.358773
80.876100 -4.345391 -0.321861
80.892700 21.557965 -3.262174
80.909060 37.845323 -5.512283
80.925420 29.801429 -4.940134
80.942260 15.932801 -2.678138
80.958620 -7.122438 -1.367872
80.974490 -0.736437 -5.195221
80.991330 -6.030267 1.047996
81.007690 -8.746173 8.474993
81.024050 -3.933434 12.975318
81.040650 -1.953789 12.035897
81.056520 0.679919 5.065598
81.073360 -1.194140 2.462107
81.092410 -0.905765 -0.338093
81.122680 1.821057 0.929029
81.139280 0.342096 0.431825
81.172490 5.950348 0.806211
81.189330 3.462917 3.677671
81.220830 15.264444 -3.660446
81.237180 13.077482 -5.342753
81.269900 0.139802 -7.433696
81.286740 -3.670767 -3.904168
81.319210 -11.330194 -2.377543
81.336060 -3.160555 3.008244
81.368770 -2.531786 4.537349
81.385130 4.416691 -8.379301
81.417850 11.519932 -15.711522
81.434450 8.884272 -11.107600
81.467160 4.990263 3.293977
81.484010 -4.041593 0.219953
81.500370 -4.545643 -10.840657
81.516480 -0.480688 -17.507557
81.533080 1.269107 -10.098328
81.549440 1.971633 7.745984
81.566040 -0.653872 20.879791
81.582640 -1.194367 7.833690
81.599000 -7.596203 -0.832485
81.615360 -15.384695 4.002153
81.631470 -1.505765 14.001824
81.648320 23.226812 9.611600
81.664180 31.901180 -7.371201
81.680790 15.489674 -10.737972
81.697140 -10.581336 -0.904503
81.713010 -11.540610 2.959098
81.729860 7.419695 -3.851195
81.762820 8.844350 -5.562280
81.779170 -2.975576 2.231805
81.812130 -5.062432 9.687161
81.828740 0.714586 0.767130
81.861940 3.692996 -8.945892
81.878540 -1.183857 -4.975789
81.894900 -0.686989 -6.107847
81.911250 4.766119 -15.669820
81.927610 -5.405698 -6.884280
81.944210 -7.336411 -0.864170
81.960330 -1.527578 -5.455198
81.977170 14.568827 25.814433
81.993290 -11.226347 30.573571
82.009640 -39.167134 20.541253
82.305050 -54.188368 -12.245613
82.322140 -36.245653 -32.338959
82.354130 -8.746135 -4.161713
82.370240 -6.942754 4.872086
82.402950 10.314137 8.752878
82.419800 5.043265 8.245568
82.452510 1.745598 3.506794
82.469120 -0.400202 -8.783925
82.485230 2.779558 -0.350876
82.501830 5.126246 1.376567
82.518190 -8.647957 2.513120
82.534790 -11.261580 2.746635
82.551150 -7.949598 -2.332555
82.567750 19.184352 6.629714
82.584110 42.439916 9.157265
82.600460 46.242485 -0.709856
82.618040 26.213836 -4.345774
82.650020 0.105249 -4.057774
82.666380 1.724806 1.813141
82.699340 0.903497 4.324391
82.715210 -0.600756 -0.170381
82.737920 -10.951248 -10.830899
82.749150 -11.130627 -15.150784
82.764770 -1.213156 -15.559695
82.781370 0.348409 -7.528751
82.797730 -6.095971 5.043482
82.814330 -5.744238 9.016823
82.830440 6.493259 8.679278
82.847050 -7.511332 5.429018
82.863160 -31.161631 6.448583
82.896120 -34.458441 7.324442
82.913940 -9.191922 1.797381
82.931030 17.231253 -1.573908
82.946660 7.869378 -3.842948
82.962520 7.436102 -2.338273
82.978880 -4.510900 -2.765112
82.995240 -10.076085 -6.250157
83.012080 -13.339763 -7.325434
83.029420 -13.504057 -7.053124
83.045530 -11.465683 2.836067
83.068240 16.242974 10.779533
83.078490 39.154738 8.211001
83.093380 36.449521 -3.331994
83.110230 10.861841 -7.917309
83.126590 -12.811118 -5.146878
83.142940 -3.679953 -0.623283
83.160520 -1.344716 -6.874994
83.176150 3.360617 -2.314409
83.192500 5.102429 9.995926
83.208860 4.439298 12.405570
83.225460 6.426156 1.758466
83.241580 -1.269787 -10.397334
83.257690 3.367498 2.060432
83.290650 8.927255 4.535884
83.307500 13.940573 -1.280826
83.339970 13.462360 -10.885762
83.356810 -4.295452 -10.021515
83.373410 -6.166930 1.407118
83.390010 -8.768742 -1.805155
83.405880 -3.324400 -6.275132
83.422490 -1.950009 -3.207758
83.438840 -0.012400 -9.039883
83.455690 12.783597 -6.513607
83.487920 21.207356 -2.945488
83.504760 11.398846 11.002907
83.520870 -3.886821 22.182524
83.536990 -5.016613 9.176356
83.553830 -2.539914 2.975378
83.569950 -3.145244 -8.231746
83.586300 -11.135580 -12.066423
83.603390 5.163333 -6.112667
83.619260 8.588000 -0.689323
83.635620 -0.710201 9.247499
83.652220 -5.524177 6.627966
83.668820 6.056730 3.784706
83.684690 16.545700 12.955707
83.701780 8.831762 1.150920
83.734010 2.237665 2.202294
83.751100 1.327364 -1.514885
83.783330 6.501311 -4.148150
83.799930 -7.103158 -3.317203
83.832890 5.491703 -7.298687
83.849490 10.791337 5.954998
83.881960 9.185344 11.165086
83.898800 -2.124251 9.913726
83.932010 -1.460286 -4.281506
83.948610 12.122373 -11.911121
83.980830 -1.664053 -8.152074
83.997920 -6.292177 0.956154
84.030150 -10.338218 3.009284
84.046750 22.406113 -0.616667
84.063600 34.532559 -2.092070
84.079470 23.265217 -5.170317
84.097050 6.290778 -2.029432
84.112670 -5.057631 2.934879
84.128780 12.926419 10.283946
84.147340 -6.962752 10.094571
84.161740 -8.801707 4.117174
84.178340 3.404130 0.480617
84.194950 -0.781236 -3.012308
84.211060 1.559296 -5.278769
84.227420 0.424019 -7.412219
84.243770 -6.664437 -6.880027
84.260380 -4.956466 -2.925877
84.276730 -6.486945 1.232838
84.293090 3.745809 -8.933204
84.309690 3.561511 -21.390514
84.326050 -16.279832 -20.942707
84.342650 -6.844500 -3.549608
84.359010 2.582029 14.998154
84.375120 -1.534610 16.950747
84.393680 6.522973 5.611189
84.410520 8.221109 1.418365
84.426880 2.012311 6.620121
84.441280 1.821170 -2.952435
84.457890 -0.703850 -4.401961
84.475460 -4.411587 -0.688851
84.490360 9.178124 12.214141
84.506710 20.666679 10.659080
84.523070 21.331156 -2.372959
84.539430 6.334745 -2.783188
84.556270 -8.163495 -0.690977
84.572390 4.840292 -10.156027
84.589720 25.838975 31.113680
84.621460 -57.576875 39.567624
84.638550 -123.835258 17.814632
84.984010 -119.535766 -9.523635
85.015750 -38.564548 -28.957122
85.034060 28.103093 9.322162
85.067260 -9.382758 1.149833
85.081910 -13.414576 0.334029
85.114140 -8.533864 1.997912
85.131710 9.306507 1.260223
85.163700 6.565390 -4.323257
85.180050 4.965123 -8.230281
85.213010 -2.483207 -0.460084
85.229860 1.173083 3.638307
85.262330 7.025432 2.918127
85.278930 5.945509 -11.456719
85.295290 6.437308 -4.116465
85.312620 0.050243 6.569321
85.329220 1.171192 5.557908
85.345340 6.074801 4.039249
85.362670 10.416889 0.572412
85.378540 10.698717 5.775710
85.394650 2.175741 2.150313
85.411740 -7.826054 -7.433838
85.427610 -1.694146 -14.970226
85.443970 -4.445082 -3.074048
85.463260 -6.440219 8.061721
85.477910 -11.620452 25.705876
85.492310 -8.446120 35.266634
85.508420 -4.769975 15.914075
85.525020 -6.242653 -7.004025
85.557980 -1.763820 -12.583696
85.574340 -1.468981 7.927020
85.606810 -2.268325 18.508141
85.624150 1.591544 6.520743
85.640500 7.726364 -15.068751
85.656860 6.455265 -19.103762
85.674190 -2.594466 -17.506375
85.694210 -4.916657 -5.613056
85.706670 2.837173 4.777645
85.723510 7.469067 3.348746
85.740110 3.121805 1.631655
85.755980 -5.880939 -1.753244
85.772580 -4.898473 -0.747283
85.791140 -6.415344 -5.184305
85.805790 -2.289836 -9.502252
85.820920 -5.870278 5.459853
85.837040 -4.598116 12.279447
85.853640 -3.334494 12.236091
85.872680 9.565994 2.874321
85.889040 33.037364 -1.005608
85.904420 31.430222 3.372091
85.919310 15.629206 0.085273
85.951780 0.186151 3.408761
85.968380 0.465112 8.216176
86.001100 5.177471 4.764933
86.017700 4.266418 1.599497
86.050170 7.680620 -6.143525
86.068730 1.516161 -9.770189
86.100710 -9.940633 -13.615379
86.119510 31.710340 22.839909
86.149290 -64.263819 -66.726641
86.165890 -153.377430 -152.415712
