0.000000 508.401600 445.588500
0.016420 512.568000 452.907000
0.032650 684.146400 439.792500
0.049190 660.189600 407.053500
0.081600 676.636800 409.615500
0.098140 672.117600 396.144000
0.114620 671.277600 391.755000
0.130980 651.688800 442.711500
0.149230 645.573600 452.161500
0.164730 646.548000 455.763000
0.180970 669.362400 387.544500
0.197140 683.004000 424.315500
0.213680 685.641600 432.106500
0.230290 681.912000 475.807500
0.247740 676.384800 417.091500
0.263670 674.620800 413.794500
0.279480 721.509600 488.376000
0.296880 739.838400 473.455500
0.314760 740.846400 476.332500
0.328250 726.180000 455.290500
0.345640 667.850400 465.024000
0.361450 668.018400 465.507000
0.378970 440.798400 293.958000
0.395260 399.722400 256.777500
0.410890 406.778400 270.616500
0.427120 410.676000 274.092000
0.444150 430.298400 337.407000
0.460390 432.700800 340.431000
0.477170 448.711200 327.726000
0.493900 396.715200 290.094000
0.509770 389.877600 276.675000
0.525570 381.024000 307.482000
0.543150 426.854400 262.500000
0.559510 421.848000 253.281000
0.575380 341.359200 232.816500
0.592100 374.539200 258.783000
0.607670 380.973600 271.561500
0.624210 349.473600 206.262000
0.643190 351.523200 206.661000
0.657530 354.765600 210.546000
0.673580 342.199200 173.617500
0.690430 348.230400 187.309500
0.708370 337.747200 169.207500
0.724610 300.736800 165.280500
0.741330 315.739200 174.037500
0.759340 318.628800 180.211500
0.772340 355.857600 215.176500
0.789180 341.695200 183.519000
0.806210 347.558400 193.599000
0.822390 361.586400 197.200500
0.838810 361.519200 176.452500
0.870970 387.878400 191.079000
0.887510 312.631200 177.681000
0.921880 351.220800 176.263500
0.937380 381.914400 232.585500
0.973450 371.599200 253.963500
0.987120 389.558400 262.731000
1.018980 398.916000 242.865000
1.035770 368.995200 254.667000
1.068300 357.672000 220.479000
1.085210 370.641600 225.876000
1.102290 372.825600 231.063000
1.117920 346.987200 224.133000
1.134700 338.167200 235.956000
1.151120 343.476000 244.524000
1.166020 352.329600 263.928000
1.182560 458.169600 272.769000
1.198970 462.235200 280.633500
1.215880 728.263200 259.381500
1.232790 751.783200 272.979000
1.249450 753.530400 281.190000
1.264830 716.486400 273.441000
1.281860 740.376000 287.941500
1.300170 737.990400 274.942500
1.314150 689.337600 229.519500
1.330870 698.073600 225.771000
1.347050 699.048000 233.898000
1.364260 749.515200 257.428500
1.380860 694.092000 280.980000
1.397030 697.065600 288.036000
1.412410 731.757600 279.552000
1.429500 713.916000 264.757500
1.446350 706.120800 233.614500
1.462520 840.856800 243.883500
1.479550 852.818400 267.939000
1.511410 865.032000 282.586500
1.527830 844.821600 278.155500
1.560790 854.683200 281.778000
1.577510 892.886400 265.902000
1.610290 844.267200 255.885000
1.626400 848.064000 273.798000
1.658810 853.658400 233.772000
1.675600 850.936800 234.307500
1.708860 808.365600 243.810000
1.725340 823.116000 257.512500
1.741330 824.376000 269.965500
1.758360 856.984800 293.254500
1.774720 845.678400 301.255500
1.791380 846.552000 304.962000
1.807680 814.245600 313.320000
1.823670 842.553600 293.170500
1.840330 841.646400 289.527000
1.856260 838.420800 273.714000
1.873350 837.530400 289.737000
1.890140 839.630400 306.169500
1.905580 842.167200 314.401500
1.921940 817.420800 301.770000
1.939270 816.160800 289.033500
1.956910 1118.107200 274.302000
1.971680 1255.195200 288.141000
1.988950 1260.000000 271.782000
2.004150 1325.184000 255.423000
2.021480 1336.120800 255.118500
2.036990 1339.447200 245.815500
2.053830 1319.085600 279.079500
2.069760 1350.669600 239.347500
2.087100 1351.912800 234.286500
2.103090 1329.518400 224.038500
2.119750 1310.702400 228.207000
2.136110 1302.168000 254.520000
2.152220 1275.388800 284.140500
2.169310 1272.734400 307.566000
2.185910 1271.709600 312.385500
2.201230 1273.188000 302.893500
2.218320 1289.652000 311.713500
2.234380 1290.693600 307.755000
2.250850 1239.907200 303.481500
2.267400 1240.663200 278.785500
2.285640 1244.594400 268.233000
2.300720 1275.036000 250.603500
2.316710 1296.220800 231.273000
2.333010 1298.253600 222.075000
2.349610 1305.931200 243.001500
2.366090 1307.023200 309.981000
2.382450 1294.876800 344.872500
2.399540 1269.139200 304.951500
2.415770 1291.365600 305.581500
2.431760 1295.884800 292.729500
2.448610 1303.512000 272.632500
2.465330 1270.130400 323.841000
2.481080 1275.136800 307.954500
2.497560 1338.489600 240.985500
2.514040 1334.205600 235.326000
2.530400 1340.136000 220.741500
2.546260 1289.047200 439.257000
2.562740 1329.568800 458.041500
2.579900 1330.879200 454.807500
2.595950 1268.551200 503.370000
2.614070 1272.213600 505.900500
2.628850 1265.056800 523.246500
2.644530 1286.527200 505.911000
2.661870 1286.107200 553.213500
2.677550 1288.106400 549.538500
2.695310 1233.590400 565.404000
2.713130 1212.775200 543.291000
2.727480 1217.092800 530.964000
2.743960 1263.024000 477.456000
2.760680 1252.540800 480.816000
2.777280 1250.020800 487.683000
2.793460 1265.443200 485.079000
2.811100 1250.104800 476.206500
2.827820 1249.264800 479.367000
2.848940 1275.724800 487.893000
2.860840 1290.794400 476.647500
2.875920 1293.885600 469.129500
2.891600 1284.763200 496.660500
2.908570 1301.714400 491.011500
2.925230 1304.654400 484.207500
2.943910 1302.016800 424.231500
2.957400 1353.710400 477.057000
2.974670 1346.604000 490.129500
2.990170 1265.460000 483.042000
3.007080 1252.608000 517.366500
3.023800 1245.921600 536.550000
3.040040 1259.714400 509.659500
3.056460 1272.868800 502.225500
3.073360 1279.034400 485.898000
3.089050 1290.189600 484.333500
3.106380 1318.699200 474.568500
3.122310 1316.061600 479.545500
3.138370 1315.608000 518.395500
3.154910 1311.340800 519.109500
3.172000 1305.494400 531.363000
3.187680 1286.980800 664.555500
3.204410 1302.739200 738.811500
3.220460 1299.883200 743.095500
3.237370 1272.885600 740.250000
3.253850 1306.166400 720.321000
3.285770 1300.689600 718.168500
3.303340 1291.012800 739.998000
3.336360 1294.456800 743.977500
3.351930 1302.117600 741.961500
3.369140 1306.956000 735.010500
3.384220 1318.380000 750.676500
3.402040 1330.543200 718.893000
3.417600 1331.668800 716.877000
3.435180 1285.922400 743.158500
3.453670 1283.721600 764.179500
3.468380 1278.144000 772.443000
3.484800 1334.121600 794.251500
3.501710 1347.998400 752.839500
3.518800 1353.357600 745.846500
3.532470 1366.125600 698.754000
3.548400 1346.368800 698.008500
3.565430 1352.820000 688.863000
3.582090 935.037600 676.588500
3.598270 827.299200 680.505000
3.631410 890.450400 692.832000
3.647640 880.723200 666.876000
3.664370 880.252800 658.507500
3.680110 842.637600 698.523000
3.696350 805.593600 678.478500
3.715820 802.804800 668.440500
3.729370 822.427200 642.201000
3.745790 823.670400 635.565000
3.778870 807.340800 622.702500
3.795040 824.443200 658.455000
3.812260 825.804000 666.193500
3.827510 804.115200 656.670000
3.844600 839.815200 648.028500
3.862670 841.999200 658.854000
3.878720 849.576000 727.849500
3.895510 819.218400 709.684500
3.912050 817.420800 701.914500
3.933290 855.288000 709.044000
3.946530 817.370400 686.742000
3.960270 814.800000 676.819500
3.976070 857.001600 647.157000
3.993230 858.312000 684.096000
4.009640 859.471200 691.866000
4.025510 860.008800 679.381500
4.043820 832.977600 677.670000
4.059330 834.052800 680.011500
4.074770 817.370400 645.025500
4.091670 843.175200 653.541000
4.109440 842.083200 648.112500
4.124150 797.815200 662.749500
4.143800 822.578400 691.771500
4.158140 823.788000 696.559500
4.173280 823.737600 668.409000
4.190190 883.327200 676.903500
4.223140 853.826400 680.284500
4.240050 842.923200 661.048500
4.271670 830.155200 663.936000
4.288330 845.040000 661.941000
4.304870 844.032000 656.880000
4.321660 797.580000 647.514000
4.337590 571.216800 646.348500
4.353760 572.292000 649.488000
4.369630 328.188000 660.439500
4.386660 371.347200 679.497000
4.403140 394.447200 702.135000
4.419920 419.143200 715.617000
4.437190 434.330400 688.558500
4.452580 446.376000 700.077000
4.468380 430.012800 740.722500
4.485170 379.260000 708.729000
4.501710 354.144000 685.440000
4.518190 355.740000 682.867500
4.534240 339.729600 614.512500
4.550840 318.561600 593.596500
4.567570 351.976800 568.165500
4.583500 354.144000 575.106000
4.616940 352.044000 635.197500
4.630980 361.922400 627.175500
4.663640 374.152800 633.276000
4.680480 399.772800 647.776500
4.712950 398.160000 664.503000
4.729800 407.265600 552.153000
4.745850 414.187200 561.666000
4.762510 345.979200 634.557000
4.778750 369.297600 636.195000
4.794980 380.167200 647.146500
4.812070 423.948000 643.492500
4.828430 413.364000 658.770000
4.860840 357.890400 630.640500
4.877810 367.281600 667.275000
4.910460 389.810400 654.444000
4.928960 424.065600 687.718500
4.961430 397.202400 638.106000
4.978090 403.284000 667.023000
4.994750 405.300000 669.690000
5.010800 437.287200 673.344000
5.026920 434.011200 682.363500
5.044370 442.797600 691.530000
5.060490 470.332800 717.738000
5.076110 411.969600 690.228000
5.092830 416.556000 694.722000
5.109250 413.750400 685.230000
5.125430 423.864000 667.044000
5.157840 436.094400 713.086500
5.174800 477.271200 700.581000
5.191040 471.408000 693.294000
5.209590 402.729600 654.181500
5.226320 374.102400 709.033500
5.245300 364.324800 700.434000
5.259890 338.385600 653.026500
5.274170 325.768800 658.665000
5.306580 479.774400 661.857000
5.323180 638.332800 726.747000
5.340210 634.099200 719.302500
5.355650 633.360000 725.298000
5.373230 619.449600 690.669000
5.389040 613.317600 680.851500
5.405820 580.944000 647.146500
5.421940 586.236000 662.539500
5.454280 560.498400 638.641500
5.470520 596.215200 662.970000
5.504390 705.734400 641.025000
5.520260 893.289600 610.176000
5.536680 893.743200 618.744000
5.553410 873.784800 672.798000
5.569400 842.032800 715.606500
5.586300 844.250400 725.350500
5.602720 870.710400 676.903500
5.619260 868.576800 659.232000
5.635010 867.686400 656.838000
5.651550 872.844000 687.351000
5.668090 834.456000 723.534000
5.685180 834.069600 720.909000
5.700990 862.478400 650.548500
5.717650 845.661600 682.027500
5.734190 844.720800 674.520000
5.751400 855.187200 643.503000
5.766600 827.316000 679.612500
5.784610 826.358400 677.334000
5.799010 882.436800 666.330000
5.815370 866.762400 651.325500
5.831910 867.652800 653.877000
5.848820 858.160800 639.229500
5.865420 874.003200 640.132500
5.882200 873.196800 634.578000
5.898130 860.109600 603.246000
5.915160 875.851200 616.024500
5.947880 872.776800 612.307500
5.964900 829.802400 622.650000
5.997990 1162.761600 673.134000
6.013920 1345.327200 692.128500
6.030640 1335.180000 706.513500
6.046200 1282.848000 733.603500
6.063050 1270.180800 739.179000
6.079040 1258.992000 757.585500
6.095340 1281.218400 767.749500
6.112240 1310.299200 746.455500
6.128850 1305.964800 752.482500
6.143800 1309.190400 788.025000
6.160770 1239.268800 792.540000
6.177800 1242.628800 787.941000
6.193660 1293.012000 797.370000
6.210270 1335.180000 730.254000
6.226140 1342.152000 720.163500
6.242250 1291.953600 705.243000
6.259770 1338.254400 705.169500
6.276430 1331.769600 714.504000
6.292300 1328.745600 743.421000
6.308840 1295.632800 775.771500
6.325440 1300.135200 769.125000
6.341430 1330.190400 737.898000
6.358460 1307.880000 729.456000
6.374080 1313.659200 720.751500
6.390500 1277.337600 666.141000
6.406430 1313.491200 720.888000
6.441890 1350.468000 689.608500
6.457090 1327.048800 755.401500
6.473020 1322.076000 761.785500
6.489690 1332.273600 716.299500
6.506040 1343.664000 723.324000
6.523680 1342.370400 725.350500
6.539430 1290.895200 738.927000
6.555420 1324.411200 726.831000
6.572570 1330.442400 717.990000
6.588810 1295.229600 702.408000
6.604550 1272.818400 753.858000
6.621700 1277.623200 746.445000
6.638120 1300.219200 717.381000
6.654240 1307.493600 669.648000
6.672910 1304.133600 674.152500
6.686890 1322.916000 718.756500
6.702940 1315.087200 700.675500
6.720520 1302.369600 720.730500
6.736150 1279.773600 745.836000
6.752930 987.487200 695.835000
6.785460 639.576000 560.322000
6.801700 713.815200 594.678000
6.818050 710.824800 585.732000
6.834660 624.640800 550.641000
