0.000000 643.759200 297.087000
0.016970 653.805600 280.549500
0.033020 653.587200 277.966500
0.049190 640.063200 260.946000
0.065800 643.372800 268.222500
0.081970 643.641600 271.173000
0.098820 396.782400 219.135000
0.115660 381.595200 240.765000
0.131530 383.359200 246.361500
0.147890 402.578400 248.157000
0.164370 390.112800 241.153500
0.198000 392.548800 231.472500
0.213990 398.378400 262.164000
0.247680 410.340000 267.445500
0.263120 394.581600 258.363000
0.279790 393.775200 255.654000
0.295900 402.309600 254.478000
0.312500 384.434400 239.883000
0.331360 385.257600 242.728500
0.345090 338.436000 228.165000
0.362000 337.831200 224.406000
0.394590 344.450400 185.157000
0.411320 319.485600 213.864000
0.427550 320.510400 216.720000
0.443970 338.923200 205.611000
0.460210 352.951200 210.840000
0.493040 349.977600 227.577000
0.509400 346.248000 219.229500
0.526490 345.172800 216.174000
0.542180 342.854400 231.588000
0.558780 336.151200 216.772500
0.575070 334.219200 210.861000
0.591550 325.500000 182.521500
0.607730 339.242400 173.943000
0.640690 342.753600 202.219500
0.656920 337.411200 209.664000
0.673520 338.419200 212.751000
0.689880 326.474400 197.379000
0.706420 338.587200 179.088000
0.722600 339.628800 182.248500
0.739070 342.064800 185.419500
0.755740 343.761600 199.899000
0.771970 341.762400 193.725000
0.788330 337.814400 175.245000
0.805050 340.704000 203.259000
0.837890 596.114400 208.918500
0.856380 781.939200 200.077500
0.889340 817.521600 226.369500
0.904050 823.099200 182.080500
0.920230 822.914400 185.230500
0.936710 820.713600 208.824000
0.952940 833.767200 211.008000
0.985660 832.154400 203.532000
1.002380 842.184000 221.382000
1.035280 1136.688000 203.941500
1.052000 1127.296800 204.981000
1.084290 1110.950400 182.028000
1.101380 1117.368000 211.428000
1.281250 1141.879200 219.618000
1.298030 1105.104000 176.715000
1.315430 1105.927200 173.628000
1.330810 1116.024000 176.620500
1.347170 1116.780000 188.863500
1.363770 1115.923200 191.835000
1.380000 1092.369600 211.564500
1.396360 1122.962400 201.243000
1.412960 1122.038400 204.246000
1.428890 1125.381600 202.618500
1.445560 1131.278400 212.772000
1.478580 1124.323200 223.209000
1.494930 1074.175200 214.746000
1.512330 1074.948000 211.764000
1.527950 1091.344800 195.898500
1.544130 1131.547200 215.439000
1.560550 1132.504800 212.509500
1.576970 1129.732800 208.908000
1.593990 1089.093600 194.544000
1.626530 1103.457600 172.546500
1.643740 1100.450400 183.897000
1.675900 1090.538400 188.737500
1.692320 1091.160000 198.775500
1.725160 1110.160800 205.905000
1.741580 1122.710400 180.022500
1.774410 1105.792800 186.102000
1.791140 1099.593600 200.592000
1.823490 1102.113600 216.636000
1.842160 1109.472000 217.507500
1.872860 1107.657600 183.771000
1.889770 1130.690400 201.999000
1.922300 1123.886400 165.427500
1.938720 1121.366400 206.188500
1.971370 1107.775200 202.965000
1.988340 1107.674400 199.101000
2.020690 1119.585600 152.733000
2.037170 1108.396800 190.449000
2.054080 1107.540000 193.452000
2.070250 1112.059200 200.623500
2.089420 1114.192800 203.175000
2.103390 1113.319200 206.125500
2.119260 1120.358400 216.153000
2.135990 1110.160800 180.778500
2.152160 1108.548000 186.858000
2.170410 1088.791200 218.652000
2.189820 1103.020800 231.367500
2.217830 1108.195200 234.612000
2.234800 1107.103200 236.040000
2.267400 1080.895200 241.636500
2.284120 1103.256000 228.658500
2.300290 1104.045600 226.012500
2.316590 1093.024800 211.890000
2.332950 1117.468800 215.166000
2.365780 1126.860000 200.508000
2.382140 1124.524800 225.466500
2.414610 1114.780800 214.819500
2.431400 1103.323200 206.871000
2.464780 1124.138400 227.745000
2.481260 1117.048800 234.328500
2.516050 1130.186400 230.464500
2.530460 1124.340000 218.442000
2.563350 1135.108800 254.152500
2.579960 1124.709600 255.517500
2.596250 1125.684000 252.661500
2.612550 1100.752800 220.342500
2.628970 1110.060000 210.493500
2.644780 1111.908000 204.361500
2.661130 1099.509600 207.753000
2.678410 921.345600 238.224000
2.694760 922.404000 232.102500
2.711180 472.987200 336.336000
2.727660 340.788000 345.901500
2.746220 341.745600 348.516000
2.760130 318.175200 345.082500
2.778380 314.882400 366.933000
2.793460 317.066400 372.435000
2.809510 350.028000 367.069500
2.826290 345.777600 373.873500
2.842530 347.911200 379.354500
2.859310 337.478400 398.947500
2.875730 357.856800 376.530000
2.892090 356.764800 373.905000
2.908510 334.908000 465.087000
2.925290 328.977600 393.288000
2.960020 330.321600 439.005000
2.976070 342.182400 425.061000
2.990170 343.123200 427.371000
3.006710 328.994400 428.263500
3.023190 319.536000 467.061000
3.055970 336.621600 439.393500
3.072330 331.060800 430.017000
3.105770 348.734400 429.880500
3.121640 334.824000 430.857000
3.154540 326.340000 446.974500
3.171510 324.458400 461.758500
3.187320 325.567200 464.215500
3.203920 341.493600 456.004500
3.220030 344.282400 434.395500
3.252810 337.008000 431.602500
3.269650 340.317600 436.159500
3.285950 339.360000 433.891500
3.302430 333.580800 433.261500
3.318600 349.624800 422.005500
3.351200 510.568800 468.216000
3.370300 748.070400 411.127500
3.402650 744.492000 404.134500
3.419560 734.764800 438.186000
3.449830 745.466400 446.901000
3.467100 746.827200 443.299500
3.483030 746.894400 438.196500
3.499510 765.508800 425.554500
3.516240 778.024800 429.660000
3.532710 778.293600 424.798500
3.548830 1155.974400 459.858000
3.565550 1179.780000 474.904500
3.581970 1182.316800 470.515500
3.597960 1157.486400 455.374500
3.614870 1164.458400 443.667000
3.647030 1140.014400 467.302500
3.663820 1161.468000 460.876500
3.696780 1157.872800 447.184500
3.713130 1163.500800 444.097500
3.745730 1177.360800 463.932000
3.762450 1164.542400 419.139000
3.795960 1160.964000 445.200000
3.813420 1148.985600 455.889000
3.844970 864.712800 463.491000
3.861450 612.326400 542.787000
3.893680 329.498400 662.592000
3.910220 321.501600 649.225500
3.943910 345.088800 650.695500
3.962040 340.972800 639.870000
3.992430 354.328800 630.252000
4.008910 330.859200 624.928500
4.025390 239.618400 455.836500
4.041630 188.764800 261.880500
4.057740 121.648800 134.872500
4.370240 1285.636800 108.822000
4.386470 1383.664800 262.689000
4.403320 1333.029600 424.725000
4.419620 1244.359200 560.143500
4.436040 1148.515200 692.023500
4.452640 1146.415200 649.404000
4.484800 1145.155200 658.854000
4.501890 1152.144000 649.425000
4.518130 1258.118400 497.154000
4.534550 1375.466400 462.651000
4.550900 1417.584000 308.112000
4.567440 1485.405600 183.141000
4.583860 1537.838400 60.795000
4.780940 530.930400 157.300500
4.797550 547.579200 357.441000
4.830200 562.279200 377.275500
4.846920 522.446400 209.202000
4.863340 501.278400 57.361500
5.109800 676.956000 124.530000
5.125550 693.218400 355.992000
5.142760 701.383200 347.938500
5.174930 706.557600 364.644000
5.191890 697.015200 355.425000
5.225400 706.288800 357.315000
5.242310 691.857600 335.422500
5.275210 683.037600 328.366500
5.289860 715.696800 334.330500
5.322690 685.322400 331.264500
5.339110 698.493600 362.344500
5.372070 699.871200 334.120500
5.388370 692.848800 357.567000
5.421330 706.204800 348.694500
5.437680 696.897600 336.283500
5.470210 699.552000 361.903500
5.486820 676.015200 563.923500
5.505740 647.388000 526.491000
5.766660 554.803200 265.314000
5.783450 538.540800 266.112000
5.818120 345.979200 189.231000
5.831790 337.612800 198.912000
5.864870 341.292000 222.054000
5.881590 353.018400 196.255500
5.914310 359.906400 184.506000
5.930730 352.749600 224.059500
5.963440 358.293600 172.704000
5.979800 321.871200 199.867500
6.014470 347.474400 191.331000
6.029170 364.224000 183.309000
6.061890 314.126400 214.378500
6.078250 322.644000 210.178500
6.804020 688.245600 175.549500
6.820190 680.887200 174.888000
6.852660 699.552000 137.350500
6.868590 590.167200 189.997500
6.901310 328.389600 220.395000
6.916260 328.204800 192.517500
6.949460 334.874400 211.480500
6.965700 318.914400 221.235000
6.998410 334.622400 196.465500
7.014890 320.829600 193.882500
7.031190 322.795200 199.941000
7.047490 336.974400 218.946000
7.064270 349.490400 212.016000
7.080380 350.414400 214.872000
7.096740 342.064800 220.300500
7.113220 330.506400 211.606500
7.146300 338.049600 250.393500
7.162900 359.469600 202.419000
7.179080 358.562400 199.584000
7.195190 338.520000 204.267000
7.212160 344.282400 221.823000
7.228330 343.375200 218.998500
7.244870 333.060000 223.944000
7.261660 317.738400 214.441500
7.293880 344.013600 212.457000
7.310360 348.919200 236.250000
7.327820 347.911200 233.173500
7.343630 332.875200 229.351500
7.360530 345.122400 194.575500
7.392700 326.508000 223.408500
7.409420 333.144000 217.948500
7.441710 344.232000 227.713500
7.458500 299.762400 234.192000
7.475100 300.871200 237.163500
7.491270 335.227200 207.711000
7.507750 357.235200 236.470500
7.524350 356.260800 233.478000
7.540590 330.136800 225.634500
7.557740 320.460000 195.426000
7.573300 319.418400 192.223500
7.589660 324.828000 210.651000
7.606080 311.102400 219.649500
7.622860 310.060800 216.709500
7.639280 316.176000 192.717000
7.655520 329.985600 209.244000
7.688350 336.840000 167.055000
7.704900 335.714400 176.379000
7.738950 316.428000 179.182500
7.755490 334.891200 196.665000
7.789730 326.928000 185.755500
7.804020 332.421600 207.900000
7.820430 334.387200 213.685500
7.836550 395.287200 227.640000
7.853640 593.208000 231.934500
7.869810 593.728800 237.615000
7.886110 786.945600 261.103500
7.902400 784.845600 268.117500
7.918270 784.677600 273.735000
7.935060 777.957600 249.280500
7.951900 778.646400 248.073000
7.984620 788.524800 245.815500
8.000980 741.921600 275.572500
8.033870 758.788800 275.404500
8.050290 740.661600 255.622500
8.083010 728.330400 259.465500
8.099490 750.556800 226.905000
8.132260 723.290400 232.060500
8.149110 736.948800 245.301000
8.181460 719.073600 277.389000
8.198300 731.707200 241.846500
8.230650 714.957600 254.782500
8.246890 713.680800 254.268000
8.279970 722.467200 237.615000
8.297000 721.845600 247.968000
8.329280 924.840000 267.897000
8.346010 1091.059200 284.413500
8.379030 1096.939200 285.253500
8.395630 1088.808000 271.236000
8.427920 1104.062400 263.602500
8.443910 1073.788800 265.524000
8.476810 1092.957600 248.545500
8.493590 1104.667200 243.547500
8.526430 1088.488800 219.240000
8.543400 1086.204000 215.575500
8.575620 1089.093600 264.432000
8.591920 1084.104000 276.570000
8.608640 1084.104000 276.570000
8.624820 845.241600 223.062000
8.641480 707.666400 233.310000
8.674500 726.096000 223.597500
8.691350 733.336800 204.844500
8.723630 707.716800 215.806500
8.741580 715.612800 241.899000
8.778200 718.855200 224.479500
8.790650 708.876000 227.965500
8.821960 717.746400 253.228500
8.838930 713.160000 224.794500
8.871220 705.868800 235.725000
8.888240 698.124000 243.264000
8.920960 704.071200 258.342000
8.937930 706.003200 284.235000
8.970580 716.587200 258.961500
8.986820 731.824800 265.146000
9.019410 735.823200 241.857000
9.036320 736.024800 237.783000
9.068970 700.644000 243.820500
9.085210 726.264000 240.166500
9.118100 713.076000 267.939000
9.134890 706.624800 284.613000
9.167110 723.424800 233.646000
9.185060 706.423200 248.230500
9.216130 725.138400 229.845000
9.232670 704.877600 236.586000
9.265440 710.522400 252.871500
9.282170 725.995200 250.099500
9.314880 723.357600 248.724000
9.331120 708.624000 251.874000
9.363890 701.971200 277.977000
9.380740 712.572000 256.641000
9.415040 724.651200 249.690000
9.430360 702.693600 257.554500
9.463070 726.432000 253.795500
9.479490 718.132800 253.627500
9.512270 719.493600 245.385000
9.529480 735.033600 246.277500
9.561280 727.574400 263.949000
9.578310 741.468000 262.479000
9.611760 720.132000 230.643000
9.629330 720.686400 212.929500
9.648190 720.518400 206.965500
9.661130 722.383200 204.571500
9.676820 721.812000 221.193000
9.693050 721.660800 215.575500
9.709470 711.093600 218.956500
9.725890 715.747200 230.779500
9.758790 714.940800 195.709500
9.775570 713.328000 199.951500
9.807800 716.956800 206.094000
9.824650 715.461600 204.183000
9.857240 715.629600 205.926000
9.874080 723.777600 226.086000
9.906250 725.642400 226.117500
9.923280 732.228000 195.877500
9.955750 732.362400 206.020500
9.972600 730.900800 206.734500
10.005250 712.622400 199.783500
10.021850 707.229600 204.330000
10.054810 758.520000 194.880000
10.071900 730.329600 207.406500
10.103640 735.302400 195.898500
10.119870 717.830400 184.600500
10.152950 733.320000 175.455000
10.171510 734.277600 205.243500
10.202390 727.792800 202.849500
10.219180 725.138400 208.603500
10.251830 733.572000 168.000000
10.268310 748.372800 212.698500
10.300780 722.937600 211.921500
10.317810 716.167200 207.669000
10.350160 741.904800 198.607500
10.366820 731.203200 232.711500
10.399600 720.115200 221.550000
10.416560 721.140000 235.263000
10.448240 733.320000 208.803000
10.464660 743.904000 224.427000
10.498840 729.254400 224.500500
10.514100 728.817600 203.637000
10.546390 716.671200 235.630500
10.563290 751.480800 233.583000
10.596190 734.781600 217.308000
10.612550 758.032800 220.069500
10.645390 1104.364800 195.615000
10.663390 1130.203200 223.303500
10.695680 1122.055200 234.423000
10.712220 1113.369600 201.715500
10.743900 1096.452000 203.910000
10.760560 1116.612000 216.352500
10.793090 1116.074400 221.340000
10.809810 1119.568800 215.974500
10.842410 1123.264800 192.255000
10.859380 1122.592800 194.817000
10.891910 1098.367200 215.827500
10.908630 1111.454400 198.838500
10.942200 1135.780800 211.627500
10.957700 1151.472000 216.657000
10.990720 1117.956000 215.743500
11.007200 1125.129600 187.656000
11.039860 1115.889600 213.948000
11.058530 1120.476000 201.799500
11.089480 1118.947200 217.035000
11.105770 1107.590400 215.554500
11.138730 1123.852800 212.961000
11.158390 1102.735200 199.216500
11.187990 1118.460000 222.222000
11.204410 1112.916000 211.092000
11.237180 1117.082400 178.699500
11.253540 1121.232000 230.842500
11.286070 1130.035200 196.822500
11.302730 1116.763200 219.660000
11.335450 1127.078400 192.486000
11.352050 1130.824800 178.300500
11.384400 1122.223200 205.317000
11.401430 1118.493600 212.047500
11.434140 1146.364800 213.055500
11.450320 1126.876800 230.233500
11.483090 1120.543200 204.393000
11.499510 1125.818400 197.232000
11.532410 1109.203200 209.443500
11.548770 1120.761600 201.201000
11.581850 1144.819200 210.766500
11.598450 1121.652000 208.299000
11.631290 1115.066400 209.884500
11.649290 1110.715200 194.176500
11.682430 1107.724800 207.490500
11.698300 1107.069600 194.008500
11.732300 1133.143200 200.245500
11.746400 1123.147200 198.891000
11.762700 1122.256800 201.841500
11.779360 1132.992000 222.064500
11.796140 1125.297600 226.495500
11.812740 1124.424000 229.404000
11.828430 1137.712800 239.788500
11.844730 1141.022400 248.083500
11.861390 1140.064800 250.950000
11.877560 1132.353600 240.502500
11.894230 1110.093600 231.451500
11.929690 1115.973600 238.770000
11.945310 1001.632800 266.574000
11.976260 731.304000 286.335000
11.992860 741.350400 312.585000
12.009460 741.333600 306.757500
12.025510 754.404000 296.824500
12.042540 753.060000 305.980500
12.058650 752.976000 300.342000
12.074950 764.097600 296.268000
12.091550 742.257600 282.271500
12.107600 742.240800 276.318000
12.124330 776.462400 273.724500
12.141600 759.259200 274.848000
12.173710 488.980800 383.124000
12.190190 329.968800 437.440500
12.206600 331.094400 439.992000
12.222960 332.724000 438.805500
12.239440 320.964000 456.729000
12.256040 322.156800 459.238500
12.272160 335.244000 440.601000
12.288640 327.902400 427.392000
12.305480 329.011200 430.048500
12.321290 338.805600 417.606000
12.337950 334.639200 413.332500
12.370420 301.845600 432.306000
12.387570 305.440800 436.758000
12.420100 306.096000 452.718000
12.436770 297.981600 453.054000
12.469850 310.447200 439.771500
12.486150 311.068800 432.211500
12.518310 305.709600 480.280500
12.535340 289.514400 447.909000
12.567990 295.495200 454.188000
12.584780 321.568800 489.142500
12.616700 318.729600 464.383500
12.633180 314.428800 462.535500
12.665890 330.002400 478.180500
12.682370 335.916000 489.237000
12.699280 336.974400 491.452500
12.716130 321.988800 454.114500
12.732300 322.728000 474.999000
12.748720 323.836800 477.319500
12.764830 329.683200 478.464000
12.781070 316.226400 477.781500
12.815920 325.046400 450.786000
12.832820 328.339200 454.419000
12.863280 321.199200 463.375500
12.879940 328.440000 470.652000
12.896060 329.431200 472.773000
12.912350 327.213600 470.662500
12.929200 309.237600 486.276000
12.945620 310.346400 488.596500
12.961610 324.693600 494.497500
12.978390 332.018400 485.268000
12.994930 329.700000 480.406500
13.011540 325.701600 472.017000
13.027770 308.935200 463.680000
13.044190 306.784800 459.291000
13.060610 328.053600 453.432000
13.076660 315.436800 432.043500
13.093570 313.168800 427.014000
13.109800 321.938400 418.183500
13.126590 305.558400 417.312000
13.142880 307.826400 422.562000
13.159000 302.685600 448.833000
13.175480 335.865600 467.869500
13.191770 336.840000 470.169000
13.208190 340.804800 439.666500
13.224610 334.555200 445.305000
13.257570 329.481600 433.429500
13.274170 331.077600 441.651000
13.306760 342.904800 442.701000
13.322880 335.983200 448.423500
13.356200 327.499200 450.219000
13.372310 316.948800 458.262000
13.388670 319.334400 463.386000
13.405520 335.731200 474.883500
13.422060 336.134400 472.174500
13.455140 336.100800 480.459000
13.471250 325.197600 492.345000
13.504090 327.784800 479.052000
13.520510 340.502400 465.475500
13.553160 334.992000 484.911000
13.569520 345.895200 473.445000
13.586120 344.870400 471.166500
13.602660 315.907200 471.429000
13.618900 309.624000 476.668500
13.651730 337.478400 454.513500
13.670040 330.321600 466.095000
13.702330 341.342400 466.935000
13.718080 340.956000 475.639500
13.734310 342.031200 477.939000
13.750430 310.548000 471.733500
13.767330 311.270400 463.753500
13.801030 331.144800 465.475500
13.816470 338.772000 478.107000
13.849180 340.216800 470.295000
13.865480 333.631200 473.539500
13.898010 327.852000 473.014500
13.914980 323.769600 476.154000
13.931210 324.777600 478.317000
13.947810 345.391200 470.799000
13.964230 357.520800 475.639500
13.980530 356.512800 473.319000
13.996950 350.817600 449.053500
14.013180 331.632000 447.457500
14.029660 330.472800 445.063500
14.046200 338.503200 481.341000
14.062680 331.144800 440.863500
14.079470 327.936000 433.555500
14.095400 331.178400 451.563000
14.111940 342.636000 457.075500
14.128660 343.627200 459.427500
14.144290 337.965600 421.680000
14.161320 330.372000 436.138500
14.177550 331.380000 438.501000
14.195190 316.478400 465.181500
14.211980 337.478400 472.993500
14.229370 339.712800 477.834000
14.244320 339.444000 484.417500
14.260010 328.809600 470.043000
14.292660 335.949600 455.196000
14.309390 329.296800 439.782000
14.325990 328.154400 437.388000
14.341740 315.000000 471.397500
14.358340 314.294400 473.371500
14.375000 313.168800 471.103500
14.391480 323.282400 440.601000
14.407840 339.561600 455.500500
14.440550 347.289600 454.555500
14.457150 329.263200 467.764500
14.473690 328.053600 465.223500
14.489990 332.892000 477.697500
14.506650 330.960000 470.578500
14.523070 329.767200 467.995500
14.539250 333.614400 449.379000
14.556460 347.440800 441.766500
14.572080 345.391200 436.810500
14.589290 684.700800 420.777000
14.604920 742.996800 419.706000
14.623840 742.946400 422.299500
14.639770 721.526400 430.468500
14.655940 712.017600 425.922000
14.670650 712.219200 430.909500
14.686650 734.815200 424.683000
14.703060 726.247200 435.676500
14.719600 726.448800 440.832000
14.735840 729.372000 451.468500
14.752380 728.532000 445.053000
14.768860 728.599200 447.510000
14.785280 742.190400 457.033500
14.801760 743.853600 463.911000
14.834530 746.424000 483.336000
14.851200 747.079200 476.847000
14.867610 747.062400 474.568500
14.884280 734.848800 422.593500
14.900570 730.161600 437.619000
14.917600 730.094400 435.183000
14.933290 737.503200 433.482000
14.949650 730.850400 405.583500
14.965700 730.867200 400.186500
14.984560 743.316000 393.351000
15.004640 745.012800 417.375000
15.015560 744.996000 414.760500
15.032170 729.120000 403.546500
15.048830 729.842400 393.655500
15.065190 729.775200 390.946500
15.081480 731.253600 426.121500
15.098940 737.671200 410.949000
15.114380 737.688000 413.605500
15.130740 738.528000 439.729500
15.147220 737.150400 409.174500
15.164120 737.167200 414.319500
15.179930 741.770400 444.097500
15.196900 739.636800 426.835500
15.216310 739.821600 433.996500
15.229190 735.873600 445.662000
15.246280 732.614400 475.345500
15.278630 730.497600 457.128000
15.295040 730.480800 481.162500
15.327700 740.476800 467.659500
15.344300 732.076800 464.719500
15.361270 732.009600 460.383000
15.377380 733.622400 465.969000
15.393680 745.533600 452.371500
15.427800 727.053600 464.551500
15.445130 729.674400 440.202000
15.459230 729.590400 435.225000
15.475520 735.571200 432.463500
15.492070 731.337600 435.330000
15.508730 731.304000 432.757500
15.525020 751.312800 437.293500
15.541930 743.164800 421.995000
15.574340 718.384800 451.941000
15.590760 734.294400 458.871000
15.607300 734.344800 461.443500
15.623410 729.002400 465.276000
15.642090 729.405600 470.578500
15.656740 729.422400 473.140500
15.672550 750.220800 456.498000
15.689270 731.992800 454.534500
15.706790 731.976000 452.434500
15.723390 732.463200 463.711500
15.738400 734.244000 449.872500
15.756590 734.277600 452.224500
15.771180 738.864000 453.715500
15.787960 739.317600 460.645500
15.804630 739.334400 462.987000
15.820740 949.519200 475.744500
15.837280 1109.640000 509.239500
15.853640 1110.648000 507.097500
15.870120 1161.417600 473.518500
15.886470 1160.678400 468.121500
15.903440 1161.770400 465.853500
15.920290 1166.508000 479.451000
15.937010 1163.232000 478.863000
15.954350 1164.374400 476.668500
15.969360 1163.920800 484.480500
15.986210 1145.424000 481.981500
16.017760 1155.268800 471.922500
16.034420 1172.068800 492.061500
16.066890 1147.087200 465.958500
16.083370 1154.664000 474.652500
16.116330 1144.063200 458.745000
16.133060 1149.372000 471.019500
16.165710 1169.935200 487.872000
16.182190 1167.566400 480.469500
16.214720 1146.717600 480.753000
16.231200 1152.916800 471.051000
16.264100 1158.763200 494.182500
16.280580 1142.131200 480.847500
16.313480 1129.800000 443.446500
16.330260 1142.517600 483.168000
16.363830 1157.620800 491.274000
16.380370 1154.176800 472.731000
16.413270 1160.762400 485.289000
16.430730 1133.613600 442.953000
16.461060 1150.800000 474.243000
16.478030 1132.740000 461.044500
16.510620 1161.266400 480.522000
16.526980 1164.609600 498.309000
16.559750 1149.674400 482.107500
16.576480 1129.783200 486.717000
16.608890 1157.822400 484.774500
16.625490 1151.438400 488.995500
16.642270 1150.346400 491.137500
16.658390 1150.060800 478.054500
16.675050 1156.226400 492.565500
16.691350 1155.168000 494.665500
16.707700 1132.908000 493.111500
16.724370 1144.281600 487.147500
16.742550 1143.206400 489.342000
16.757080 1141.257600 501.711000
16.773320 1140.871200 514.027500
16.789250 1141.946400 511.990500
16.805660 1145.491200 502.110000
16.822510 1149.691200 496.534500
16.855220 1171.413600 494.434500
16.871520 1149.388800 454.324500
16.887880 1151.556000 449.620500
16.904600 1138.771200 459.102000
16.921140 1150.900800 468.363000
16.937620 1152.093600 465.916500
16.954650 1162.408800 441.409500
16.970090 1145.340000 464.152500
16.986570 1147.473600 459.585000
17.002930 1165.752000 445.473000
17.019650 1146.196800 452.119500
17.035950 1229.659200 251.559000
17.052430 1266.972000 49.906500
17.216370 1384.672800 44.530500
19.189330 455.397600 292.887000
19.321900 359.990400 200.854500
19.338440 356.731200 204.918000
19.355590 355.924800 201.957000
19.371400 358.932000 225.130500
19.387510 346.903200 232.764000
19.404050 346.046400 229.908000
19.419430 318.830400 267.624000
19.436890 344.097600 230.580000
19.451540 345.105600 233.499000
19.468750 349.036800 235.966500
19.483700 344.517600 237.919500
19.518740 345.945600 250.645500
19.534730 362.006400 259.266000
19.567080 342.619200 271.404000
19.584170 389.625600 247.506000
19.615720 348.532800 214.788000
19.632450 381.864000 215.449500
19.648440 381.007200 212.236500
19.664860 365.366400 246.613500
19.681820 348.062400 237.237000
19.699890 347.121600 234.171000
19.713680 371.716800 218.043000
19.730160 367.516800 226.663500
19.763310 367.248000 230.118000
19.782350 356.848800 246.025500
19.814760 325.029600 244.167000
19.828860 348.885600 241.048500
19.845400 349.843200 243.999000
19.861390 342.333600 268.978500
19.878970 351.607200 225.876000
19.894960 350.649600 222.831000
19.911380 331.951200 238.623000
19.927610 355.488000 244.482000
19.943970 356.428800 247.453500
19.961120 338.083200 203.248500
19.977840 381.561600 248.503500
20.010800 382.603200 248.776500
20.027590 400.159200 428.337000
20.058650 369.096000 234.139500
20.075130 361.670400 178.951500
20.108030 373.900800 230.338500
20.124760 341.460000 194.229000
20.141170 340.502400 191.005500
20.157170 350.128800 228.448500
20.174380 376.924800 214.452000
20.206670 341.594400 212.436000
20.223450 339.074400 225.792000
20.240230 338.066400 222.705000
20.255980 339.696000 241.437000
20.272580 334.538400 225.382500
20.289060 335.580000 228.364500
20.305360 329.330400 207.417000
20.322020 352.716000 208.708500
20.338750 351.724800 205.558500
20.354800 362.611200 216.195000
20.371640 361.418400 235.336500
20.387570 362.376000 238.371000
20.403870 331.716000 223.975500
20.420470 375.060000 219.681000
20.436830 374.152800 216.583500
20.453370 376.168800 197.158500
20.469970 382.586400 232.186500
20.486390 383.527200 235.231500
20.502380 338.721600 251.538000
20.519100 363.602400 242.844000
20.552060 357.050400 242.287500
20.568420 344.047200 245.458500
20.601320 331.531200 240.408000
20.617920 357.991200 226.632000
20.633970 356.966400 223.545000
20.650570 357.823200 216.132000
20.666810 359.990400 221.886000
20.684270 359.032800 218.893500
20.699710 358.982400 229.624500
20.716190 355.387200 220.930500
20.748840 342.232800 248.409000
20.765690 338.284800 235.630500
20.798280 342.938400 232.438500
20.814760 341.090400 229.666500
20.847660 334.639200 241.962000
20.864140 355.689600 225.991500
20.896610 328.776000 204.729000
20.913210 347.709600 226.642500
20.929500 348.684000 229.656000
20.945920 334.639200 256.462500
20.962340 365.668800 230.842500
20.995540 328.288800 248.272500
21.012020 352.497600 249.070500
21.028500 353.522400 252.094500
21.044490 353.976000 210.115500
21.060970 345.458400 212.362500
21.094240 344.450400 261.996000
21.110840 360.595200 266.994000
21.127260 359.553600 263.728500
21.143250 342.854400 231.346500
21.159970 333.664800 196.990500
21.176330 332.673600 193.798500
21.192810 330.388800 200.739000
21.209230 334.706400 214.588500
21.225340 333.698400 211.522500
21.241880 335.899200 213.055500
21.258610 342.720000 204.256500
21.290950 350.095200 185.346000
21.307800 333.631200 187.698000
21.323970 332.522400 184.212000
21.340210 326.239200 213.076500
21.357120 334.740000 216.405000
21.389590 316.680000 229.299000
21.406130 330.775200 210.934500
21.422910 332.757600 217.518000
21.439030 338.284800 205.338000
21.455440 351.372000 226.852500
21.472230 353.388000 233.278500
21.488460 359.721600 243.463500
21.504760 351.321600 205.086000
21.521480 352.329600 208.246500
21.537720 379.444800 264.117000
21.554750 356.983200 273.063000
21.586790 370.104000 233.635500
21.603210 350.985600 224.889000
21.619750 349.960800 221.760000
21.636350 362.896800 233.394000
21.652770 340.015200 205.128000
21.685610 335.580000 200.886000
21.701900 349.003200 234.622500
21.734920 338.016000 222.484500
21.751160 343.980000 210.525000
21.767820 344.988000 213.706500
21.783940 359.469600 242.959500
21.800230 312.278400 328.797000
22.030270 443.318400 333.606000
22.047490 422.990400 339.454500
22.063900 353.119200 296.058000
22.080200 335.714400 241.227000
22.096800 347.424000 230.842500
22.128970 343.761600 241.752000
22.145870 344.383200 271.488000
22.178470 338.721600 243.862500
22.195250 343.711200 253.522500
22.227660 335.546400 245.238000
22.244510 360.208800 241.773000
22.276730 341.392800 233.226000
22.293700 347.844000 232.008000
22.326290 352.884000 255.769500
22.342530 339.561600 229.824000
22.375430 346.516800 250.110000
22.392210 348.230400 267.624000
22.424990 342.199200 263.014500
22.441220 360.662400 259.665000
22.457890 359.738400 256.756500
22.474120 355.622400 221.466000
22.490540 335.815200 217.486500
22.524540 315.823200 252.199500
22.541990 374.388000 257.113500
22.559690 373.447200 254.215500
22.572630 317.083200 235.777500
22.589050 327.482400 232.344000
22.605530 328.591200 235.305000
22.621890 345.105600 245.710500
22.638850 359.385600 263.350500
22.671140 360.175200 244.744500
22.687740 341.913600 246.991500
22.703980 342.972000 249.931500
22.720090 356.260800 273.147000
22.736940 369.012000 243.810000
22.753230 368.054400 240.870000
22.769710 363.804000 236.166000
22.786320 372.271200 259.822500
22.819150 351.859200 256.767000
22.835330 315.134400 249.795000
22.867920 364.123200 247.117500
22.884890 317.772000 265.387500
22.901250 318.864000 268.317000
22.917300 356.294400 262.017000
22.934330 339.192000 248.482500
22.967040 341.056800 231.892500
22.983400 345.962400 272.590500
23.016170 353.472000 276.381000
23.032900 385.375200 275.226000
23.049260 383.460000 269.115000
23.065370 622.641600 213.748500
23.082090 775.252800 159.988500
23.098450 775.437600 153.006000
23.114620 767.071200 161.763000
23.131410 765.559200 142.873500
23.164060 733.488000 137.287500
23.180730 744.576000 136.783500
23.196590 744.660000 140.280000
23.213130 773.136000 130.158000
23.229860 745.046400 151.872000
23.262760 721.862400 189.105000
23.279240 731.673600 159.043500
23.295720 731.774400 162.603000
23.311710 742.862400 206.115000
23.328370 721.089600 176.904000
23.361080 724.936800 215.229000
23.377690 720.938400 214.462500
23.412230 721.408800 224.322000
23.426820 749.196000 205.296000
23.443180 749.179200 201.883500
23.459840 731.136000 182.815500
23.476200 723.962400 183.739500
23.508910 733.756800 192.979500
23.525270 732.748800 174.352500
23.558290 730.195200 175.434000
23.574770 736.646400 167.160000
23.607730 724.953600 215.376000
23.624080 727.423200 206.829000
23.656560 720.283200 199.909500
23.673220 715.999200 224.259000
23.706180 710.388000 185.199000
23.722530 726.952800 210.021000
23.741030 726.902400 206.251500
23.756040 750.489600 214.305000
23.772160 736.730400 160.303500
23.788570 736.646400 156.775500
23.804690 719.594400 181.156500
23.821170 722.887200 178.888500
23.837830 722.853600 175.476000
23.856020 720.904800 172.956000
23.871400 738.192000 197.673000
23.887450 738.175200 201.295500
23.903080 720.602400 160.282500
23.920040 727.288800 223.818000
23.953610 737.016000 200.445000
23.969600 729.321600 182.679000
24.001770 727.272000 173.365500
24.018010 745.248000 180.862500
24.034970 745.281600 184.264500
24.051640 739.401600 189.987000
24.068600 727.120800 218.725500
24.084530 727.087200 215.124000
24.100340 712.689600 213.675000
24.116880 729.691200 204.246000
24.149660 719.695200 191.929500
24.166320 733.269600 177.880500
24.199830 728.599200 183.928500
24.216000 730.178400 174.762000
24.232790 730.296000 178.668000
24.248900 713.428800 186.805500
24.265500 725.978400 178.332000
24.298340 743.349600 177.345000
24.313840 739.653600 195.825000
24.346620 732.967200 184.663500
24.363040 739.233600 185.251500
24.379760 739.284000 188.622000
24.395750 712.521600 198.219000
24.412410 726.096000 175.917000
24.445500 727.826400 205.170000
24.462100 742.106400 213.045000
24.494630 730.598400 193.861500
24.512390 736.024800 187.078500
24.544070 731.522400 195.825000
24.560670 723.962400 225.414000
24.593200 753.379200 209.506500
24.609560 744.072000 214.326000
24.626100 744.088800 211.071000
24.642520 727.288800 186.018000
24.658940 726.600000 207.081000
24.675420 726.364800 200.056500
24.692080 724.298400 189.672000
24.708620 722.467200 196.644000
24.740780 723.945600 195.940500
24.757630 727.893600 199.384500
24.790410 748.356000 194.187000
24.807070 722.988000 200.434500
24.824220 723.072000 207.322500
24.839600 737.704800 226.422000
24.856320 732.631200 199.069500
24.872620 732.648000 202.419000
24.888670 741.720000 215.092500
24.905330 726.129600 218.064000
24.921940 726.146400 221.371500
24.940800 733.504800 199.426500
24.957820 715.612800 219.135000
24.987610 740.930400 226.380000
25.004090 732.093600 220.573500
25.036800 737.352000 225.718500
25.053770 707.229600 227.178000
25.085820 730.380000 238.003500
25.102720 747.734400 232.900500
25.136660 723.139200 211.680000
25.152160 715.444800 217.917000
25.168460 715.176000 210.903000
25.184450 740.762400 191.614500
25.201480 731.068800 167.286000
25.217900 730.934400 160.062000
25.233950 747.146400 175.392000
25.250670 749.800800 161.962500
25.283390 709.531200 149.614500
25.300110 721.341600 149.719500
25.316220 721.509600 157.111500
25.332760 721.543200 185.871000
25.349240 720.350400 180.505500
25.365720 720.484800 184.275000
25.382450 735.940800 198.324000
25.398560 733.824000 188.202000
25.415100 733.740000 184.768500
25.431270 739.418400 205.033500
25.447630 747.768000 185.787000
25.465270 747.734400 182.490000
25.481750 733.252800 194.649000
25.499150 727.960800 174.447000
25.529970 754.773600 176.872500
25.546450 754.874400 173.008500
25.578860 750.758400 192.433500
25.595340 727.826400 173.985000
25.628050 726.684000 190.480500
25.645080 715.478400 164.724000
25.662290 715.713600 171.318000
25.678410 741.938400 177.334500
25.695190 733.891200 188.716500
25.712340 733.874400 192.507000
25.728820 734.680800 220.164000
25.744020 751.027200 210.525000
25.776180 727.473600 216.961500
25.792850 750.926400 215.365500
25.816830 750.892800 212.299500
25.826970 732.816000 203.416500
25.841800 732.984000 202.104000
25.874690 737.553600 212.236500
25.891110 749.313600 195.835500
25.924740 755.361600 202.461000
25.940860 747.314400 222.159000
25.956850 747.348000 215.229000
25.973080 747.532800 199.468500
25.989990 749.901600 201.400500
26.022950 702.290400 179.634000
26.040160 701.265600 188.884500
26.071840 734.395200 150.423000
26.088500 716.469600 301.843500
26.104860 716.604000 305.455500
26.121950 757.797600 243.232500
26.140810 698.644800 237.562500
26.170530 705.784800 128.289000
26.187680 691.370400 138.988500
26.219970 711.698400 118.387500
26.236940 694.764000 137.161500
26.269230 713.143200 120.256500
26.318480 721.896000 154.161000
26.335820 727.826400 252.850500
26.598570 753.748800 408.639000
26.615110 724.634400 189.147000
26.630740 699.384000 214.095000
26.647030 699.501600 217.276500
26.663210 803.695200 211.186500
26.679630 983.337600 223.377000
26.696590 982.716000 226.600500
26.712460 1106.078400 230.863500
26.729980 1118.224800 221.214000
26.745610 1116.343200 227.293500
26.761540 1123.584000 236.302500
26.778810 1130.354400 220.521000
26.797790 1129.413600 223.471500
26.810850 1133.109600 243.925500
26.827510 1122.609600 241.342500
26.843990 1121.618400 244.188000
26.860470 1118.964000 252.115500
26.876950 1119.451200 249.238500
26.909420 1117.502400 255.003000
26.926390 1101.256800 255.087000
26.958980 1114.192800 252.535500
26.975590 1096.384800 260.095500
26.992190 1097.275200 257.218500
27.008420 1120.627200 233.446500
27.025150 1113.991200 232.396500
27.040590 1114.898400 229.477500
27.057070 1153.572000 250.425000
27.073610 1116.091200 241.983000
27.089970 1116.964800 239.085000
27.107120 1125.415200 240.786000
27.126590 1106.952000 244.209000
27.155880 1151.388000 249.742500
27.172180 1110.043200 220.395000
27.205260 1130.152800 253.533000
27.221860 1132.404000 256.357500
27.254580 1127.263200 222.306000
27.271060 1123.668000 228.805500
27.304140 1121.316000 238.444500
27.320800 1129.447200 233.814000
27.353520 1113.823200 234.759000
27.369750 1106.296800 233.194500
27.402650 1116.040800 253.407000
27.418950 1131.782400 245.122500
27.434940 1130.892000 248.041500
27.451540 1125.264000 244.545000
27.474000 1103.558400 254.772000
27.484860 1102.752000 257.617500
27.501160 1139.661600 267.120000
27.517700 1107.909600 269.902500
27.534180 1107.036000 272.853000
27.550420 1105.238400 257.292000
27.568850 1079.517600 276.570000
27.583680 1080.374400 273.766500
27.599670 1105.944000 293.853000
27.616700 1114.797600 269.703000
27.632750 1116.763200 263.917500
27.649230 1102.836000 247.915500
27.665830 1113.688800 250.194000
27.684940 1115.587200 244.366500
27.698000 1113.386400 233.488500
27.714420 1109.068800 224.647500
27.731510 1109.942400 221.455500
27.747680 1109.236800 239.452500
27.764470 1118.779200 208.162500
27.796810 1129.447200 215.050500
27.813540 1130.035200 206.472000
27.845760 1124.474400 202.807500
27.862490 1113.739200 221.224500
27.878720 1112.815200 224.395500
27.896060 1133.076000 252.210000
27.911680 1112.126400 252.840000
27.944400 1116.326400 221.329500
27.961430 1136.217600 227.136000
27.993590 1102.500000 246.907500
28.010190 1100.568000 229.320000
28.026790 1100.568000 229.320000
28.043210 1148.784000 263.844000
28.060300 1131.160800 238.150500
28.076600 1130.169600 241.237500
28.092900 1091.193600 250.362000
28.110720 1094.402400 259.938000
28.125670 1092.840000 265.797000
28.141780 1103.188800 228.102000
28.158870 1118.073600 245.017500
28.174930 1117.149600 247.915500
28.191160 1124.860800 294.063000
28.207820 1117.754400 276.696000
28.224180 1115.923200 282.040500
28.239930 1102.567200 274.050000
28.256650 1108.800000 303.103500
28.289860 1118.628000 281.673000
28.306760 1098.300000 272.863500
28.340700 1092.403200 287.962500
28.354980 1089.631200 286.860000
28.371400 1090.404000 284.266500
28.388180 1116.830400 277.578000
28.404720 1099.089600 287.962500
28.437010 1094.133600 294.567000
28.453920 1129.934400 311.136000
28.486570 1097.023200 279.961500
28.503050 1123.264800 274.281000
28.535950 1101.357600 268.747500
28.552190 1122.391200 282.723000
28.585020 1119.434400 295.963500
28.601810 1096.888800 294.409500
28.618230 1098.720000 288.771000
28.634460 1089.900000 290.157000
28.653750 1111.437600 242.581500
28.667540 1113.336000 236.638500
28.683650 1126.288800 262.006500
28.700200 1099.123200 274.323000
28.716610 1100.937600 268.716000
28.732910 1100.148000 238.644000
28.749210 1138.216800 252.420000
28.782350 1131.664800 271.855500
28.799010 1118.073600 236.817000
28.832890 1111.017600 243.778500
28.850590 1121.635200 249.469500
28.883910 1119.988800 243.064500
28.901000 1107.657600 239.610000
28.930420 1129.984800 253.039500
28.947020 1127.599200 249.259500
28.979610 1128.103200 235.662000
28.996950 1104.583200 260.704500
29.029170 1115.469600 239.998500
29.045410 1111.269600 247.033500
29.078190 1127.212800 247.044000
29.096680 1118.006400 235.588500
29.111210 1119.081600 232.165500
29.127620 1107.439200 272.517000
29.144470 1111.706400 234.423000
29.310180 1229.440800 7.948500
29.324520 1124.272800 242.308500
29.341190 1126.490400 257.733000
29.357910 1127.582400 254.457000
29.374330 1125.801600 238.476000
29.390690 1113.890400 228.175500
29.406920 1112.781600 231.462000
29.423580 1109.119200 244.944000
29.439880 1121.803200 238.287000
29.456240 1120.812000 241.300500
29.472780 1121.820000 222.537000
29.489140 1110.379200 263.592000
29.505980 1109.253600 266.857500
29.521850 1119.417600 258.268500
29.541200 1126.692000 272.496000
29.570680 1104.062400 247.359000
29.587340 1119.955200 250.519500
29.603760 1120.963200 247.579500
29.620180 1115.671200 256.683000
29.638610 1118.980800 254.205000
29.669560 1112.227200 231.546000
29.685610 1108.531200 230.622000
29.718690 1114.898400 228.574500
29.735230 1110.144000 227.703000
29.767820 1143.508800 243.064500
29.784790 1117.737600 238.476000
29.817080 813.926400 340.032000
29.833980 619.533600 450.639000
29.866210 355.286400 486.622500
29.883480 398.160000 458.545500
29.899600 397.168800 455.826000
29.915710 400.075200 467.638500
29.932620 372.792000 468.699000
29.948970 371.616000 466.042500
29.965270 353.505600 462.021000
29.981750 324.038400 414.634500
29.998350 322.862400 411.705000
30.014220 311.001600 448.770000
30.030700 301.744800 434.721000
30.063480 339.612000 429.838500
30.080320 339.225600 436.789500
30.112980 342.451200 489.111000
30.129700 335.311200 477.057000
30.163270 321.736800 463.323000
30.180540 320.342400 445.000500
30.213130 315.873600 471.670500
30.228210 316.159200 415.600500
30.260990 326.457600 432.285000
30.277710 306.499200 441.094500
30.310120 336.470400 447.783000
30.326600 342.820800 482.307000
30.359500 339.931200 446.680500
30.376160 329.851200 448.213500
30.410160 342.064800 439.099500
30.425480 332.438400 451.657500
30.458250 338.536800 473.613000
30.474910 333.060000 441.409500
30.507260 311.203200 450.660000
30.524780 355.051200 438.511500
30.556640 348.717600 464.593500
30.573180 358.058400 433.114500
30.606140 340.183200 464.908500
30.626160 351.556800 453.589500
30.638850 354.614400 460.950000
30.655150 323.232000 444.706500
30.672120 348.230400 462.063000
30.704350 345.357600 464.856000
30.721500 341.745600 464.247000
30.740230 345.223200 471.502500
30.754460 342.888000 487.116000
30.770690 352.581600 494.802000
30.786680 351.640800 492.660000
30.803340 360.393600 490.959000
30.819890 352.732800 474.789000
30.836120 356.092800 482.296500
30.854920 354.765600 501.606000
30.868770 367.668000 508.294500
30.901860 384.064800 488.491500
30.918210 369.784800 481.341000
30.934880 370.742400 483.525000
30.953670 348.280800 500.094000
30.967530 345.559200 559.482000
30.984190 329.330400 496.041000
31.247680 475.742400 516.106500
31.264340 398.160000 510.415500
31.296450 369.028800 513.030000
31.314820 332.875200 479.094000
31.330690 331.766400 476.773500
31.346620 373.380000 463.113000
31.361450 342.686400 482.853000
31.395020 374.068800 430.909500
31.411250 360.931200 461.727000
31.427670 363.081600 466.441500
31.443910 350.800800 480.952500
31.460330 337.730400 496.471500
31.477050 336.588000 493.909500
31.493160 368.894400 500.577000
31.509520 383.829600 495.589500
31.526250 381.813600 490.969500
31.542050 373.951200 454.765500
31.559020 338.452800 461.685000
31.575130 336.336000 456.676500
31.591800 343.341600 438.375000
31.608580 367.399200 430.930500
31.640930 337.461600 447.258000
31.657900 337.344000 464.698500
31.690310 348.751200 471.313500
31.707210 349.238400 443.142000
31.739560 350.280000 429.817500
31.756470 338.284800 427.623000
31.772640 339.326400 430.227000
31.788940 361.183200 433.524000
31.805540 348.818400 465.591000
31.839360 347.121600 473.970000
31.854680 365.450400 453.967500
31.871220 366.475200 456.403500
31.887450 339.914400 464.520000
31.905090 368.037600 468.331500
31.921570 366.996000 465.790500
31.942870 335.949600 436.663500
31.954040 353.035200 457.590000
31.969910 354.076800 460.047000
31.985900 372.926400 471.943500
32.002690 367.332000 470.022000
32.019040 368.306400 472.248000
32.035520 360.679200 473.067000
32.051880 357.907200 479.766000
32.083980 370.826400 464.079000
32.100710 361.233600 494.413500
32.117130 360.124800 492.093000
32.134160 356.311200 463.942500
32.150570 358.764000 449.967000
32.170290 357.772800 447.594000
32.183290 383.460000 434.616000
32.200010 337.478400 449.830500
32.232670 356.445600 441.672000
32.249330 365.265600 456.382500
32.270140 366.324000 458.923500
32.281980 358.377600 473.749500
32.298160 359.486400 457.065000
32.314450 358.428000 454.608000
32.331120 356.781600 460.950000
32.347410 337.092000 458.587500
32.381290 340.351200 462.966000
32.396300 329.733600 463.890000
32.413270 328.591200 461.475000
32.429200 358.780800 474.012000
32.445800 344.618400 469.203000
32.478580 352.682400 479.346000
32.495480 366.660000 434.080500
32.528500 342.333600 447.709500
32.545530 359.469600 457.789500
32.577640 335.143200 480.490500
32.595760 353.488800 458.472000
32.610600 354.530400 460.971000
32.626590 349.204800 440.622000
32.643070 346.197600 454.471500
32.659360 348.264000 459.322500
32.675960 379.982400 457.411500
32.692200 380.620800 457.096500
32.708560 381.662400 459.679500
32.725160 382.267200 468.573000
32.741940 354.043200 471.544500
32.774600 333.463200 506.772000
32.790890 339.612000 493.657500
32.807800 338.520000 491.505000
32.823970 345.710400 479.514000
32.840390 332.757600 502.372500
32.856930 331.548000 500.052000
32.872920 350.380800 475.576500
32.889220 331.363200 454.440000
32.905940 332.438400 456.729000
32.922550 345.508800 485.761500
32.938840 357.672000 508.809000
32.955260 356.563200 506.425500
32.971680 345.324000 454.083000
32.988100 361.183200 479.976000
33.020750 351.405600 507.769500
33.037900 356.680800 485.929500
33.070310 359.184000 507.024000
33.086850 357.940800 502.015500
33.103330 359.016000 504.357000
33.119570 353.640000 486.612000
33.136350 354.160800 484.911000
33.168580 344.836800 485.152500
33.184750 349.305600 485.373000
33.201050 348.297600 483.115500
33.217590 371.448000 499.443000
33.234500 364.257600 478.936500
33.250730 365.215200 481.194000
33.266970 347.625600 478.758000
33.283810 372.657600 517.125000
33.316220 380.906400 465.412500
33.332700 344.904000 479.713500
33.365600 355.152000 498.256500
33.382140 352.867200 475.188000
33.398990 351.825600 472.920000
33.414980 347.138400 441.094500
33.431400 343.408800 462.777000
33.447880 344.517600 465.381000
33.464170 371.800800 495.799500
33.481260 358.495200 496.923000
33.497500 357.436800 494.434500
33.513980 668.572800 464.226000
33.530400 706.036800 444.864000
33.563110 701.013600 445.095000
33.579830 707.868000 448.371000
33.612300 699.619200 465.958500
33.629150 684.516000 452.886000
33.645450 684.381600 450.019500
33.661800 749.515200 442.113000
33.678160 743.870400 443.719500
33.694400 743.853600 441.199500
33.710510 737.637600 438.039000
33.728640 721.912800 441.493500
33.745360 721.761600 436.191000
33.761050 748.490400 411.243000
33.778260 721.778400 408.628500
33.795100 721.929600 414.193500
33.811160 729.573600 440.958000
33.826480 735.571200 481.089000
33.842650 735.655200 483.483000
34.155270 770.700000 467.701500
34.172000 774.580800 494.917500
34.204040 703.449600 422.740500
34.220520 738.696000 414.739500
34.237060 738.696000 412.125000
34.252810 727.994400 419.233500
34.269590 703.315200 439.551000
34.286250 703.197600 436.999500
34.302370 714.789600 404.796000
34.319150 732.228000 428.599500
34.351440 731.119200 438.742500
34.368410 733.051200 434.343000
34.400820 721.392000 420.441000
34.417480 764.433600 464.730000
34.452450 783.300000 453.190500
34.467100 725.961600 444.654000
34.499270 749.767200 428.715000
34.518430 774.127200 459.091500
34.533810 773.976000 461.475000
34.549870 755.798400 420.273000
34.570370 712.336800 409.867500
34.587340 712.236000 406.875000
34.598080 747.549600 451.825500
34.614620 758.587200 414.970500
34.647340 768.415200 426.111000
34.664180 760.082400 436.285500
34.680110 760.200000 430.846500
34.696470 717.763200 412.219500
34.712950 758.587200 391.419000
34.729740 758.419200 397.120500
34.746030 741.014400 433.702500
34.762630 732.664800 433.965000
34.794980 731.068800 442.039500
34.811710 727.675200 439.299000
34.844480 760.855200 429.093000
34.861020 740.443200 429.523500
34.877320 740.426400 426.951000
34.893740 754.672800 444.633000
34.910520 759.225600 436.674000
34.926820 759.208800 439.173000
34.942990 744.172800 421.260000
34.959720 737.301600 431.529000
34.976200 737.335200 436.926000
34.992610 706.423200 461.842500
35.008730 710.236800 464.908500
35.041750 724.080000 431.119500
35.057920 736.276800 443.730000
35.091130 743.820000 485.299500
35.109440 753.093600 476.752500
35.123600 753.144000 474.348000
35.140320 736.075200 458.031000
35.156860 727.406400 459.259500
35.189640 733.857600 456.120000
35.206120 741.720000 452.980500
35.238830 728.296800 457.485000
35.255310 737.116800 461.139000
35.288150 747.566400 439.645500
35.304570 758.318400 429.691500
35.338990 750.792000 428.043000
35.354000 737.906400 447.835500
35.386720 745.802400 429.586500
35.403260 767.104800 443.824500
35.436040 726.045600 443.583000
35.452330 743.685600 407.274000
35.485050 741.568800 424.368000
35.501160 740.728800 425.565000
35.534910 748.792800 430.647000
35.552000 741.888000 444.811500
35.567690 741.988800 438.889500
35.584110 756.352800 395.209500
35.600710 730.044000 400.260000
35.617310 729.960000 397.362000
35.633540 731.001600 432.810000
35.650270 723.340800 394.432500
35.682500 714.453600 423.738000
35.699460 737.520000 406.623000
35.715820 737.587200 409.857000
35.732060 720.451200 390.106500
35.749330 753.177600 439.666500
35.766540 753.228000 442.491000
35.782710 759.108000 420.955500
35.797300 752.959200 410.361000
35.813780 752.992800 413.028000
35.830080 766.533600 413.343000
35.846500 764.887200 453.610500
35.863220 764.820000 458.955000
35.879210 725.004000 477.981000
35.896000 733.790400 480.952500
35.912170 733.874400 483.367500
35.928530 732.412800 442.680000
35.945070 730.783200 465.843000
35.961610 730.766400 463.260000
35.977720 734.395200 474.915000
35.994570 736.730400 464.005500
36.010930 736.747200 461.485500
36.027100 727.137600 483.178500
36.045040 745.617600 449.715000
36.062380 745.466400 444.465000
36.078370 755.294400 458.493000
36.098020 752.875200 428.694000
36.114750 752.824800 431.140500
36.125730 763.946400 453.138000
36.142330 748.843200 440.044500
36.158750 748.826400 437.199000
36.175230 736.831200 440.758500
36.191650 759.108000 440.905500
36.209290 759.024000 443.677500
36.224300 743.282400 468.436500
36.240780 762.602400 453.243000
36.257750 762.686400 450.744000
36.273740 725.373600 429.544500
36.290530 738.124800 441.262500
36.308410 738.108000 444.087000
36.323850 736.125600 439.519500
36.339720 743.920800 455.647500
36.356020 743.887200 458.178000
36.372310 740.174400 448.308000
36.388550 741.938400 461.107500
36.405330 741.888000 463.585500
36.421570 751.010400 458.976000
36.438170 748.490400 451.006500
36.454470 748.473600 448.255500
36.470890 711.832800 420.094500
36.487610 756.823200 467.197500
36.503780 756.806400 462.042000
36.521000 732.244800 430.195500
36.539920 749.028000 415.390500
36.569030 727.960800 413.931000
36.585750 766.281600 454.597500
36.601930 766.248000 457.254000
36.618900 740.157600 429.313500
36.635620 729.338400 415.537500
36.668330 725.608800 431.046000
36.684940 727.910400 451.090500
36.717650 747.062400 454.671000
36.735110 759.494400 454.503000
36.756040 759.460800 456.991500
36.771970 724.836000 451.531500
36.783570 730.346400 471.523500
36.799190 730.413600 474.211500
36.815310 762.434400 491.221500
36.832030 733.152000 440.643000
36.848510 733.219200 443.205000
36.864870 967.797600 471.996000
36.881290 1113.756000 486.853500
36.914310 1106.481600 491.746500
36.931030 1118.460000 457.978500
36.947510 1117.334400 460.404000
36.964780 1127.229600 482.380500
36.981380 1107.153600 480.984000
36.996770 1108.262400 478.653000
37.013000 1094.637600 463.795500
37.029970 1127.263200 478.705500
37.062680 1130.522400 486.391500
37.082520 1109.505600 468.919500
37.095830 1110.564000 466.567500
37.111510 1139.980800 481.645500
37.127620 1104.398400 577.983000
37.457460 1134.084000 497.122500
37.474060 1092.957600 446.407500
37.505680 1118.695200 453.001500
37.522520 1097.342400 464.436000
37.555240 1092.252000 441.420000
37.571720 1121.433600 425.040000
37.603880 1106.145600 452.991000
37.620910 1087.447200 467.785500
37.637330 1086.556800 470.106000
37.653500 1099.610400 479.335500
37.670290 1099.224000 468.930000
37.688050 1099.224000 468.930000
37.704470 1107.943200 440.821500
37.720950 1089.379200 441.987000
37.739380 1090.437600 439.246500
37.757510 1096.804800 442.428000
37.770080 1132.790400 409.783500
37.801570 1124.978400 425.323500
37.818180 1107.674400 452.854500
37.853700 1125.499200 455.280000
37.867130 1102.029600 455.437500
37.883850 1100.013600 460.614000
37.900450 1096.384800 447.258000
37.916870 1110.530400 474.946500
37.949710 1111.269600 460.341000
37.966250 1096.586400 468.468000
37.982850 1095.595200 470.841000
37.998660 1122.895200 457.894500
38.014890 1098.048000 472.468500
38.047910 1113.218400 454.555500
38.064390 1119.182400 457.296000
38.097230 1117.334400 477.666000
38.113460 1114.545600 478.380000
38.146300 1096.888800 463.375500
38.162720 1097.325600 467.040000
38.195620 1112.932800 472.185000
38.212340 1104.499200 480.207000
38.244810 1121.484000 470.935500
38.261410 1105.893600 472.951500
38.278020 1106.952000 470.536500
38.294190 1107.825600 480.847500
38.310300 1109.505600 442.344000
38.327150 1110.513600 439.824000
38.343380 1098.552000 444.003000
38.360050 1108.010400 445.893000
38.393070 1112.428800 438.921000
38.409480 1093.125600 457.768500
38.425660 1091.109600 462.283500
38.442260 1106.162400 456.067500
38.458620 1087.934400 468.825000
38.491820 1094.604000 438.333000
38.508730 1105.692000 466.042500
38.524230 1106.733600 463.606500
38.540770 1091.949600 469.360500
38.557250 1107.792000 442.354500
38.573730 1109.724000 437.598000
38.589720 1120.056000 455.290500
38.608090 1107.960000 446.680500
38.623050 1106.901600 449.137500
38.639160 1095.427200 443.373000
38.655330 1120.879200 465.150000
38.672360 1119.804000 467.544000
38.690000 1110.093600 445.987500
38.706730 1114.696800 462.283500
38.725770 1113.638400 464.656500
38.744690 1107.825600 448.339500
38.755620 1101.492000 471.943500
38.771060 1102.550400 469.528500
38.787290 1125.784800 450.765000
38.804020 1093.747200 466.252500
38.820680 1092.840000 468.457500
38.838130 1109.354400 453.789000
38.853520 1087.228800 457.317000
38.869930 1088.203200 454.891500
38.886050 1116.544800 446.040000
38.902340 1095.612000 459.312000
38.918880 1093.696800 463.974000
38.936220 1101.861600 471.450000
38.951780 1100.736000 459.291000
38.967960 1101.660000 457.075500
38.984250 1086.724800 453.694500
39.001100 1077.132000 455.301000
39.017270 1076.140800 457.810500
39.034000 1099.072800 483.231000
39.050230 1103.491200 471.009000
39.067020 1104.415200 468.762000
39.082950 1116.074400 487.200000
39.099300 1100.568000 483.105000
39.116210 1100.568000 483.105000
39.132510 1104.297600 473.151000
39.149050 1101.122400 466.914000
39.181520 1107.019200 475.230000
39.198790 1101.256800 451.899000
39.214600 1102.248000 449.389500
39.230770 1113.957600 468.835500
39.247560 1104.028800 454.912500
39.264160 1105.036800 452.382000
39.279970 1098.720000 446.470500
39.296810 1113.033600 449.515500
39.313350 1114.092000 447.006000
39.329350 1110.950400 440.328000
39.346250 1102.214400 454.083000
39.362610 1100.366400 458.745000
39.378850 1108.867200 450.691500
39.395140 1097.443200 455.563500
39.427800 1109.707200 460.456500
39.444340 1118.191200 453.117000
39.460820 1117.132800 455.626500
39.476680 1115.335200 459.007500
39.493710 1105.473600 472.983000
39.509890 1107.422400 468.352500
39.527280 1110.530400 441.861000
39.542790 1101.408000 459.511500
39.559200 1100.433600 461.916000
39.575130 1118.174400 491.851500
39.592160 1110.564000 460.089000
39.624690 1095.511200 456.361500
39.641360 1096.821600 473.224500
39.658080 1095.864000 475.681500
39.673950 1104.096000 448.465500
39.690310 1105.137600 472.216500
39.724060 1127.078400 461.233500
39.740110 1089.076800 472.573500
39.757200 1090.084800 470.169000
39.773620 1061.642400 484.323000
39.789980 834.573600 552.730500
39.827640 463.948800 677.554500
39.841860 358.982400 668.430000
39.873720 351.506400 688.989000
39.888430 397.168800 682.552500
39.924800 368.020800 671.937000
39.937260 374.186400 703.164000
39.953860 373.161600 701.505000
39.970400 342.736800 724.195500
39.987000 337.696800 688.768500
40.003360 338.755200 690.364500
40.019350 341.846400 689.356500
40.035710 330.019200 709.390500
40.052550 331.262400 711.018000
40.068790 327.163200 674.047500
40.084960 352.228800 718.011000
40.101930 353.354400 719.659500
40.117860 354.816000 723.576000
40.134700 338.133600 745.668000
40.150760 335.748000 742.728000
40.167110 332.707200 722.998500
40.183840 319.418400 697.935000
40.200320 316.915200 694.239000
40.216430 328.221600 693.619500
40.232970 329.666400 693.304500
40.249570 327.180000 689.850000
40.266050 320.611200 681.334500
40.282290 327.818400 691.267500
40.298950 326.541600 689.461500
40.315060 313.051200 715.449000
40.332280 324.912000 698.943000
40.348630 328.473600 703.489500
40.364560 298.804800 704.266500
40.381350 334.605600 675.486000
40.397280 338.184000 681.093000
40.413640 329.985600 690.438000
40.430180 317.284800 747.747000
40.446590 318.679200 749.448000
40.462710 341.040000 739.578000
40.479250 295.528800 732.585000
40.496030 294.268800 731.073000
40.513120 327.381600 712.771500
40.528500 306.717600 704.875500
40.545100 305.491200 703.248000
40.561340 330.170400 698.418000
40.577820 332.522400 707.332500
40.594480 333.765600 709.086000
40.610960 316.092000 734.590500
40.627440 323.383200 732.784500
40.660220 324.223200 715.029000
40.676570 336.655200 741.436500
40.708920 321.736800 724.794000
40.725160 332.757600 713.265000
40.758480 336.806400 719.722500
40.774900 348.885600 712.960500
40.807920 325.180800 752.199000
40.824100 320.812800 754.635000
40.857060 338.016000 742.759500
40.873660 342.417600 727.167000
40.906560 344.584800 741.940500
40.922790 336.957600 755.758500
40.956540 346.752000 758.625000
40.973570 367.046400 742.161000
41.006160 345.744000 748.345500
41.024230 329.313600 751.390500
41.041320 330.506400 752.776500
41.054140 358.680000 747.736500
41.071040 380.772000 753.868500
41.087770 381.763200 755.275500
41.103700 372.808800 738.727500
41.123600 358.864800 740.250000
41.136470 269.337600 605.965500
41.152830 185.824800 433.072500
41.169620 119.666400 314.485500
41.186100 55.339200 169.627500
41.383300 22.898400 108.202500
41.399410 137.894400 263.686500
41.415950 197.652000 375.081000
41.432430 276.444000 535.479000
41.451780 355.807200 708.781500
41.465030 374.287200 714.987000
41.497680 353.724000 750.729000
41.514590 357.672000 757.417500
41.546880 353.774400 764.295000
41.563600 354.698400 726.694500
41.596560 340.384800 733.519500
41.613040 332.085600 731.713500
41.645940 355.202400 757.123500
41.662350 365.232000 736.879500
41.680050 366.189600 738.150000
41.694950 372.909600 747.169500
41.711670 357.672000 762.657000
41.727840 356.529600 761.260500
41.744020 338.301600 733.383000
41.760620 336.840000 727.849500
41.793520 356.899200 720.856500
41.809630 360.427200 692.590500
41.826350 359.486400 691.089000
41.842770 344.820000 717.979500
41.859010 344.702400 730.107000
41.891660 345.004800 714.199500
41.908570 357.050400 714.945000
41.924680 355.992000 713.422500
41.941220 360.427200 706.587000
41.957760 348.801600 729.498000
41.974490 346.550400 726.495000
41.990540 344.030400 714.619500
42.006770 340.838400 720.594000
42.039670 351.472800 707.122500
42.055970 343.560000 722.421000
42.088990 337.024800 738.979500
42.107790 352.984800 701.232000
42.122380 354.093600 702.849000
42.137880 353.421600 711.070500
42.155520 356.059200 714.819000
42.187990 364.408800 709.306500
42.204830 353.270400 738.738000
42.224180 354.328800 740.176500
42.237430 361.418400 699.909000
42.253850 354.412800 724.615500
42.270140 355.471200 726.127500
42.286990 357.336000 715.207500
42.303710 338.066400 722.232000
42.320130 339.208800 723.691500
42.336000 376.000800 744.859500
42.352600 374.808000 749.248500
42.385010 367.382400 747.411000
42.401790 380.184000 721.896000
42.417970 378.100800 718.945500
42.434270 344.601600 724.605000
42.451050 356.076000 691.887000
42.467410 353.858400 688.579500
42.483400 340.754400 701.064000
42.500730 347.373600 723.786000
42.516970 345.273600 720.720000
42.533140 353.169600 700.171500
42.549680 343.392000 710.965500
42.582580 347.625600 707.616000
42.599550 358.629600 703.794000
42.631650 356.378400 730.716000
42.648620 346.029600 732.364500
42.665100 348.280800 735.168000
42.681340 342.199200 690.259500
42.697880 339.561600 709.894500
42.715820 341.829600 712.908000
42.730290 333.480000 722.242500
42.746830 376.908000 708.487500
42.768860 379.008000 711.616500
42.780210 667.850400 693.220500
42.795410 721.492800 707.238000
42.811830 721.442400 701.809500
42.828430 705.448800 701.526000
42.845090 716.839200 718.630500
42.861570 716.688000 713.695500
42.879090 709.514400 690.438000
42.894590 707.145600 675.192000
42.910950 706.809600 669.921000
42.927120 706.440000 695.163000
42.943790 773.808000 706.146000
42.976440 779.469600 682.510500
42.992610 746.205600 693.199500
43.025570 791.700000 706.408500
43.042240 792.439200 668.325000
43.074650 766.113600 693.724500
43.093570 746.911200 679.959000
43.123900 754.101600 695.016000
43.140500 742.375200 673.228500
43.173580 777.588000 704.445000
43.190250 738.528000 784.486500
43.486390 803.342400 665.206500
43.518980 808.970400 761.407500
43.535220 805.190400 713.065500
43.551570 771.758400 709.338000
43.568180 727.860000 625.737000
43.584170 751.632000 654.265500
43.600650 751.430400 657.930000
43.617310 742.828800 671.422500
43.633730 737.083200 676.347000
43.649780 736.932000 679.948500
43.666560 739.620000 691.614000
43.682740 729.876000 683.602500
43.699340 730.010400 687.256500
43.715640 723.055200 689.923500
43.731810 738.578400 689.986500
43.755130 738.612000 688.191000
43.770080 724.752000 710.430000
43.781370 766.735200 709.936500
43.798030 766.819200 708.309000
43.813840 749.800800 686.227500
43.830380 739.032000 679.066500
43.865780 733.790400 684.022500
43.880190 739.200000 686.752500
43.896360 739.216800 688.495500
43.912900 744.576000 656.848500
43.929440 752.203200 711.921000
43.962220 740.796000 691.813500
43.978450 705.835200 713.569500
43.995240 705.751200 712.005000
44.011350 747.331200 698.754000
44.028080 756.924000 699.153000
44.045530 756.974400 697.536000
44.061890 744.727200 678.856500
44.085880 736.461600 697.546500
44.110170 761.695200 668.944500
44.126220 724.197600 708.613500
44.159360 770.145600 687.288000
44.175720 759.511200 671.643000
44.208500 751.312800 670.698000
44.224980 723.441600 689.157000
44.257690 740.930400 678.352500
44.274480 761.745600 666.813000
44.290950 761.678400 668.619000
44.307920 747.868800 674.950500
44.323670 739.452000 673.291500
44.356080 732.648000 677.439000
44.373290 755.277600 688.443000
44.405700 742.358400 693.871500
44.422420 729.523200 679.549500
44.438660 729.456000 677.796000
44.455260 760.855200 676.410000
44.471800 729.220800 698.428500
44.488100 729.304800 701.452500
44.504150 762.115200 688.075500
44.520940 731.556000 698.134500
44.537170 731.505600 696.286500
44.553830 737.066400 674.005500
44.570130 762.417600 685.272000
44.586730 762.350400 687.004500
44.602720 736.108800 673.743000
44.619450 716.419200 672.871500
44.638060 716.217600 668.157000
44.651920 756.302400 681.912000
44.668520 769.927200 688.212000
44.685180 769.843200 690.144000
44.701230 729.456000 682.080000
44.718140 748.238400 700.833000
44.750790 720.652800 698.260500
44.767270 733.504800 670.435500
44.783810 733.538400 672.252000
44.799990 726.028800 702.240000
44.816830 764.534400 688.296000
44.850280 713.445600 725.518500
44.865600 732.009600 704.277000
44.898680 729.943200 712.215000
44.915160 743.484000 703.531500
44.931820 743.517600 701.862000
44.947570 767.894400 682.762500
44.964170 726.180000 702.996000
44.997130 729.288000 679.990500
45.013670 734.512800 676.819500
45.030090 734.529600 675.055500
45.046390 734.748000 663.967500
45.063660 725.743200 683.802000
45.095830 726.717600 686.269500
45.112430 726.079200 681.292500
45.145020 742.980000 674.772000
45.161620 733.773600 679.392000
45.180180 733.824000 681.103500
45.194340 729.993600 669.795000
45.211180 734.580000 675.339000
45.227230 734.596800 678.982500
45.243530 735.672000 694.039500
45.260380 742.560000 689.713500
45.276490 744.576000 547.092000
45.292720 766.416000 424.252500
45.309450 765.559200 270.417000
45.325870 765.576000 268.747500
45.342100 759.360000 233.625000
45.358520 739.435200 270.112500
45.375120 739.418400 268.432500
45.391540 703.298400 196.371000
45.408260 738.813600 370.828500
45.424560 742.476000 517.849500
45.440920 726.297600 684.589500
45.457460 730.413600 704.781000
45.489810 732.900000 675.286500
45.506290 735.184800 687.823500
45.539120 725.004000 657.993000
45.555730 728.548800 670.740000
45.588440 746.138400 692.485500
45.605470 741.484800 691.834500
45.637630 741.871200 678.132000
45.654170 734.344800 701.767500
45.687190 813.153600 704.760000
45.703920 1032.460800 702.544500
45.720400 1031.536800 704.067000
45.736330 1143.542400 682.468500
45.753170 1145.239200 708.708000
45.785640 1114.680000 691.404000
45.802310 1143.492000 670.582500
45.835080 1149.103200 714.199500
45.851810 1138.452000 700.108500
45.867980 1139.644800 698.544000
45.884030 1133.311200 663.631500
45.901490 1135.747200 689.745000
45.939940 1140.266400 706.062000
45.952450 1133.445600 683.287500
45.982600 1140.720000 689.902500
45.999630 1133.832000 699.489000
46.032040 1145.827200 698.071500
46.049070 1146.768000 680.116500
46.081300 1131.564000 661.626000
46.098020 1154.260800 657.132000
46.114560 1153.084800 658.854000
46.130680 1123.466400 677.145000
46.147580 1124.541600 691.173000
46.163570 1122.357600 694.291500
46.179870 1138.267200 704.434500
46.196110 1146.062400 708.435000
46.212830 1143.693600 711.459000
46.229060 1150.195200 705.432000
46.245670 1101.559200 722.662500
46.277950 1115.755200 729.193500
46.294740 1141.576800 705.757500
46.311520 1142.769600 704.256000
46.328980 1129.228800 689.724000
46.345460 1140.652800 695.593500
46.362060 1141.828800 694.081500
46.382810 1140.938400 692.737500
46.399350 1129.699200 726.600000
46.411070 1231.893600 595.612500
46.426700 1298.488800 467.733000
46.442990 1417.533600 351.067500
46.476620 1406.311200 362.722500
46.493470 1399.658400 336.861000
46.524900 1392.720000 310.222500
46.541810 1336.994400 450.366000
46.558110 1245.064800 581.752500
46.574710 1154.899200 696.769500
46.593870 1135.898400 692.884500
46.607790 1137.175200 691.236000
46.623600 1123.584000 711.165000
46.640320 1149.338400 706.408500
46.656800 1150.598400 704.791500
46.673220 1137.057600 691.015500
46.689510 1146.230400 667.128000
46.722110 1137.141600 686.185500
46.739070 1140.518400 717.129000
46.771790 1138.754400 701.536500
46.788330 1129.178400 692.716500
46.804570 1126.893600 695.761500
46.823490 1149.489600 723.733500
46.837710 1150.178400 713.359500
46.870000 1133.647200 709.327500
46.887150 1127.767200 693.157500
46.903260 1126.540800 694.827000
46.919740 1123.130400 724.006500
46.936520 1140.535200 712.330500
46.967900 1117.620000 705.862500
46.985110 1133.227200 720.825000
47.001160 1132.168800 722.179500
47.018310 1140.333600 721.171500
47.035890 1125.012000 713.674500
47.050720 1126.204800 712.078500
47.067200 1132.068000 703.216500
47.084780 1130.976000 703.699500
47.101070 1133.227200 700.570500
47.117490 1115.268000 715.585500
47.134160 1132.689600 702.817500
47.150510 1134.806400 699.835500
47.165340 1148.800800 704.791500
47.181760 1132.740000 715.554000
47.214900 1148.330400 708.792000
47.231810 1155.520800 704.403000
47.247920 1154.244000 705.967500
47.264470 1147.188000 693.210000
47.281070 1142.316000 684.673500
47.297360 1141.089600 686.301000
47.313540 1119.736800 705.201000
47.330440 1165.113600 732.564000
47.346860 1163.870400 734.044500
47.363160 1107.708000 694.900500
47.379460 1129.984800 696.150000
47.396240 1131.177600 694.459500
47.412350 1121.181600 695.572500
47.428710 1115.100000 699.846000
47.445250 1117.502400 696.286500
47.461490 1147.339200 694.533000
47.478090 1141.224000 707.836500
47.494450 1145.272800 702.849000
47.510800 1132.908000 679.875000
47.543880 1135.545600 684.684000
47.560060 1157.469600 643.744500
47.576970 1138.939200 646.789500
47.609620 1171.867200 672.504000
47.626280 1152.916800 688.548000
47.642330 1150.111200 692.265000
47.658690 1163.316000 669.049500
47.675290 1147.507200 693.420000
47.692140 1144.735200 697.021500
47.707820 1150.900800 685.429500
47.724610 1130.959200 718.221000
47.740910 1128.506400 721.392000
47.757320 1137.124800 682.332000
47.773990 1142.097600 711.795000
47.790530 1140.888000 713.349000
47.806640 1130.824800 725.886000
47.823120 1118.040000 717.507000
47.839840 1116.847200 719.050500
47.855530 1120.980000 715.995000
47.872620 1137.948000 685.240500
47.905400 1140.988800 706.996500
47.921940 1124.356800 678.163500
47.954650 1114.612800 716.404500
47.970890 1123.802400 719.176500
48.003660 1121.332800 716.079000
48.023130 1127.112000 686.521500
48.037600 1126.003200 688.086000
48.052670 1144.298400 700.297500
48.069460 1100.400000 728.206500
48.085570 1099.341600 729.592500
48.101810 1133.294400 704.203500
48.118770 1125.415200 729.414000
48.134830 1128.120000 726.243000
48.151610 1128.355200 719.134500
48.167850 1122.391200 674.268000
48.184750 1127.061600 666.886500
48.200810 1140.132000 682.426500
48.217410 1167.952800 705.348000
48.234070 1169.145600 703.962000
48.250060 1145.256000 684.999000
48.266600 1134.789600 673.606500
48.299620 1026.043200 597.975000
48.316100 802.922400 451.059000
48.332580 802.334400 459.270000
48.348820 564.194400 267.603000
48.367860 537.868800 273.199500
48.383970 536.709600 266.605500
48.399840 573.132000 305.382000
48.414550 559.893600 293.265000
48.447140 563.539200 300.090000
48.464110 566.848800 259.812000
48.480410 565.891200 253.354500
48.496460 555.979200 260.589000
48.512940 532.627200 275.719500
48.545900 579.902400 279.741000
48.563230 557.155200 253.134000
48.594850 554.064000 277.158000
48.611820 549.864000 239.599500
