0.065430 1082.314800 904.003800 0.197270 1014.772903 0.084470
0.347170 574.216364 25.596136 0.358880 106.429766 0.051270
0.757320 680.484000 31.468500 0.017090 136.252620 0.522950
1.297360 814.816800 8.676500 0.049810 251.508811 0.443360
1.790530 1061.214000 59.125500 0.033200 487.522760 0.246580
2.070310 574.740600 27.155625 0.082030 140.095552 0.230470
2.382810 713.703200 44.936500 0.049320 377.288627 0.263180
2.695310 1090.975200 48.478500 0.016600 36.618967 0.016610
2.728520 1054.398240 46.725000 0.114740 204.586762 0.229010
3.072270 851.037600 24.360000 0.016600 40.915309 0.016600
3.105470 891.928800 22.955625 0.147460 82.532380 0.049320
3.302250 973.459200 35.777000 0.049310 433.226264 0.101570
3.453130 541.422000 3.701250 0.030760 64.651948 0.033690
3.517580 566.056400 63.476000 0.097650 173.175721 0.116700
3.731930 729.565200 6.426000 0.080570 166.961766 0.048340
3.860840 891.819600 45.792750 0.248540 158.485388 0.067380
4.176760 1048.154800 19.775000 0.111330 479.727859 0.082030
4.370120 571.011000 69.500375 0.196770 145.578133 0.032720
4.599610 692.235600 150.108000 0.033200 88.573250 0.032720
4.665530 688.836400 61.600000 0.098630 125.000359 0.033200
4.797360 811.297200 86.668750 0.115240 249.201352 0.098140
5.010740 562.954560 65.998800 0.082520 302.550067 0.264650
5.357910 863.792160 33.854100 0.194820 166.707664 0.065920
5.618650 1024.331467 78.782667 0.198240 408.924316 0.130860
5.947750 615.407752 79.483914 0.493660 81.659024 0.032220
6.473630 696.901800 84.672000 0.066410 131.510829 0.047360
6.587400 825.165600 55.629000 0.016600 54.944288 0.033210
6.637210 807.396000 107.620500 0.147950 99.318002 0.065910
6.851070 902.027280 77.471100 0.164070 190.673252 0.065910
7.081050 1092.604800 71.429750 0.098640 446.260900 0.065430
7.245120 646.598400 86.499000 0.147950 200.351299 0.082030
7.475100 846.095600 68.019000 0.115230 30.716340 0.016120
7.606450 819.756000 52.216500 0.017570 159.915992 0.048340
7.672360 979.574400 57.802500 0.016600 29.066328 0.016120
7.705080 996.956800 81.098500 0.098630 85.313290 0.049320
7.853030 1074.880800 46.368000 0.016600 122.445731 0.082030
7.951660 953.312945 31.731955 0.213380 355.489632 0.065430
8.230470 603.277920 93.767100 0.100580 72.082588 0.016120
8.347170 614.796000 164.923500 0.032710 103.110216 0.064460
8.444340 716.856000 150.244500 0.116210 121.450080 0.048340
8.608890 832.020000 111.678000 0.016110 9.128961 0.017090
8.642090 827.907360 103.527900 0.081540 83.393561 0.312500
9.036130 751.255050 136.374656 0.263190 253.168555 0.048820
9.348140 1004.304000 128.593500 0.016120 77.095422 0.033200
9.397460 989.062200 204.167250 0.065430 61.857885 0.016600
9.479490 982.773120 142.629900 0.081550 101.759495 0.049310
9.610350 1075.223100 185.150438 0.147950 504.028249 0.131350
9.889650 571.887867 158.728500 0.313480 114.244751 0.064940
10.268070 685.158600 143.842125 0.132810 146.533278 0.031250
10.432130 821.866691 196.595318 0.246090 128.919242 0.050300
10.728520 914.474400 106.907062 0.146480 111.536314 0.033200
10.908200 1001.920800 176.142000 0.165530 91.389709 0.032720
11.106450 1093.310400 176.001000 0.032710 517.739296 0.098140
11.237300 575.710240 188.003200 0.262700 127.413840 0.049320
11.549320 703.119480 186.920475 0.361320 58.738771 0.033210
11.943850 645.330933 197.443167 0.163570 98.279441 0.051760
12.159180 743.097600 207.469500 0.015140 35.306886 0.016600
12.190920 714.840000 186.301500 0.016600 131.557864 0.049320
12.256840 837.911760 232.786050 0.212400 125.052426 0.032710
12.501950 953.731200 279.945000 0.114750 45.402426 0.016600
12.633300 997.609200 291.611250 0.033200 119.230582 0.067390
12.733890 1096.141200 224.474250 0.030760 484.303328 0.098630
12.863280 612.905354 256.611923 0.229980 104.825605 0.032720
13.125980 717.691800 253.746938 0.131830 170.465567 0.082030
13.339840 887.118400 234.955000 0.114750 50.410326 0.017090
13.471680 870.782400 282.645000 0.114750 91.833519 0.035150
13.621580 960.960000 265.284250 0.128910 106.408506 0.065920
13.816410 1064.439600 290.078250 0.032710 447.264982 0.098150
13.947270 617.915760 315.815850 0.197750 148.960900 0.069340
14.214360 766.281600 329.117250 0.144040 107.064210 0.049800
14.408200 871.277867 308.176167 0.229500 139.468333 0.048820
14.686520 782.342400 200.742937 0.165040 161.455305 0.065430
14.916990 943.710982 195.451773 0.181150 87.559889 0.049320
15.147460 1027.152000 221.991000 0.016110 243.560365 0.065920
15.229490 783.601200 224.149500 0.246100 273.955716 0.098630
15.574220 573.792800 400.309000 0.049800 19.465268 0.395510
16.019530 576.062400 419.641500 0.130860 176.324391 0.052740
16.203130 752.384267 418.698000 0.143060 126.349910 0.033200
16.379390 878.156533 406.630000 0.164070 136.308709 0.051270
16.594730 1014.451200 408.586500 0.016110 16.628532 0.016110
16.626950 1000.400800 417.480000 0.098640 106.032335 0.047850
16.773440 1106.431200 418.120500 0.032710 47.186616 0.016600
16.822750 1097.140800 464.383500 0.016610 504.523051 0.119140
16.958500 592.704000 473.712167 0.160150 89.973366 0.049320
17.167970 666.181600 421.786750 0.099120 166.685038 0.081050
17.348140 830.424000 393.355500 0.131840 117.942906 0.065430
17.545410 946.500800 414.253000 0.147950 113.601306 0.034670
17.728030 1059.450000 426.407625 0.063960 451.368399 0.082030
17.874020 613.055874 493.233632 0.312020 65.646624 0.033200
18.219240 550.099200 511.833000 0.016110 46.280285 0.017090
18.252440 596.095733 506.716000 0.180180 80.665619 0.033200
18.465820 676.137382 516.729818 0.198240 208.217108 0.063970
18.728030 883.053600 493.491000 0.131830 180.297256 0.049810
18.909670 1062.892320 506.341500 0.098630 482.770412 0.082030
19.090330 580.511077 525.722077 0.246100 258.637310 0.099120
19.435550 838.847520 513.250500 0.097650 207.952877 0.065920
19.599120 1045.643200 535.158167 0.165530 64.472610 0.015620
19.780270 1074.780000 477.645000 0.016120 75.925535 0.033200
19.829590 1118.258400 539.889000 0.033200 467.821946 0.130370
19.993160 650.578133 551.401667 0.164070 27.964993 0.017090
20.174320 677.880000 557.455500 0.016110 113.435740 0.033200
20.223630 574.015200 603.060000 0.130860 49.978927 0.016600
20.371090 549.091200 559.739250 0.033210 49.189436 0.016600
20.420900 596.954400 571.084500 0.016110 72.946022 0.033200
20.470210 526.176000 553.434000 0.016120 97.493969 0.016600
20.502930 605.363564 610.305818 0.179690 63.532594 0.016600
20.699220 660.102240 642.555900 0.083010 86.485396 0.032710
20.814940 746.172000 634.087125 0.082030 31.126269 0.016600
20.913570 756.491400 604.721250 0.082040 148.488127 0.065910
21.061520 899.455200 644.847000 0.032720 62.591139 0.016600
21.110840 935.592000 593.741400 0.082030 94.230151 0.049320
21.242190 1029.758400 597.207000 0.147460 84.603428 0.016600
21.406250 1098.491520 646.537500 0.081540 553.984394 0.082520
21.570310 544.507200 646.824750 0.230470 182.321031 0.083010
21.883790 726.657867 638.944833 0.163090 113.379373 0.032710
22.079590 839.979467 642.563833 0.147950 315.593500 0.082030
22.309570 524.447280 648.784500 0.213870 204.111095 0.065430
22.588870 724.987200 686.798700 0.115230 257.780550 0.131350
22.835450 982.044000 667.495500 0.032710 17.230030 0.017090
22.885250 975.821280 683.562600 0.082520 120.549977 0.048340
23.016110 1095.057600 701.310750 0.050300 347.222858 0.097160
23.163570 751.615200 650.212500 0.017090 197.709181 0.114750
23.295410 578.175537 745.120895 0.361820 32.450155 0.016600
23.673830 590.667840 775.070100 0.180170 163.468800 0.049320
23.903320 753.556533 761.310667 0.168460 210.797357 0.079100
24.150880 963.225900 783.088688 0.148440 133.640841 0.065430
24.364750 1093.596000 812.474250 0.049800 495.193752 0.080570
24.495120 598.790182 832.071545 0.196290 45.190242 0.016110
24.707520 553.602000 832.503000 0.032710 73.200847 0.033700
24.773930 625.766400 844.777500 0.016110 29.015240 0.016600
24.806640 602.028000 861.462000 0.016600 112.011139 0.035160
24.858400 710.844960 834.903300 0.079590 21.546043 0.016600
24.954590 709.993200 856.432500 0.049320 91.053275 0.049800
25.053710 784.350000 803.880000 0.031740 93.792571 0.016600
25.102050 813.363600 714.687750 0.033200 65.353843 0.016610
25.151860 791.341600 776.219500 0.050780 147.359593 0.181150
25.383790 644.943600 759.412500 0.096680 0.000000 0.181150
