0.000000 174.753518 96.539431
0.016110 78.373633 34.850973
0.032710 -29.218500 -6.548647
0.048580 14.033419 42.533592
0.064940 7.200542 30.675082
0.081050 -4.713836 -8.134778
0.096680 -8.280386 -36.095752
0.112550 -7.257930 -27.540201
0.129640 2.682098 -0.201145
0.147220 9.706966 14.706691
0.163570 6.528304 10.689961
0.179200 -5.425470 3.056540
0.196040 -15.308484 -3.811452
0.212160 -4.558496 1.423728
0.228520 4.091420 5.856848
0.244630 4.484739 8.943979
0.262210 1.815613 8.317633
0.278080 -4.697428 0.830737
0.294430 -7.821101 -8.540206
0.311280 -3.595914 -6.988573
0.327640 6.148028 6.736157
0.345700 19.692865 17.530191
0.361080 -12.899503 0.481751
0.377440 -40.968700 -24.887384
0.393070 -37.299455 -35.547055
0.410640 -22.366686 -16.115635
0.426270 3.914985 12.962583
0.442870 0.045139 20.412562
0.459960 9.502143 13.462417
0.476320 8.668561 -2.286811
0.491460 -2.915051 -10.918415
0.509280 -3.281189 -4.436931
0.524410 -3.983563 0.004867
0.541260 -2.775135 -2.413812
0.557620 5.940254 11.384466
0.573730 -1.819469 -30.301117
0.591060 -11.770836 -56.338588
0.607420 -15.934692 -77.240768
0.623290 -10.174829 -63.851464
0.639890 6.848772 -21.043803
0.656740 -2.906545 -13.855124
0.674800 -4.447880 7.459214
0.738280 -0.299225 1.808038
0.754880 -1.664356 -4.522322
0.771000 -3.006916 -4.486691
0.787600 -5.849070 1.149644
0.804690 -3.175072 -0.130852
0.820560 0.166644 -1.026802
0.836910 -0.021549 -4.509114
0.853520 -5.762989 0.957359
0.885990 -14.700307 3.529784
0.934570 39.767712 -2.563566
0.951420 86.726597 -3.313494
1.461910 84.309136 -1.890074
1.478270 42.741041 6.224592
1.626460 12.984183 2.333193
1.790040 29.599131 -1.336447
1.893800 22.978648 -3.510740
1.905520 7.605768 -5.443904
1.921140 -5.783895 7.222015
2.414060 -10.198079 4.193776
2.431150 -12.164902 -2.098615
2.463380 12.623914 -4.861595
2.611570 -56.958094 0.375921
2.628420 -95.243726 4.559465
3.401370 -67.718428 -0.730719
3.646000 -7.911340 -1.376921
3.660640 46.296675 -2.327215
3.679690 6.371339 1.604601
4.038570 23.194605 6.751799
4.284670 33.534430 10.639682
4.303710 12.216466 9.688343
4.320070 -6.669730 3.477590
4.336180 -19.262186 4.893304
4.352540 -4.647564 2.831767
4.368650 8.232980 3.180775
4.385250 6.582402 6.716381
4.402100 1.493516 3.352574
4.417480 -7.781104 -1.009388
4.436280 -8.924457 -4.143543
4.453130 -7.286018 1.283685
4.468990 -18.434960 -3.020436
4.485600 -19.522340 -3.959245
4.502930 -20.734306 0.476388
4.534910 -13.473474 8.216672
4.551760 -8.063805 4.953389
4.567630 -11.741802 -4.373773
4.584230 6.721673 -7.308658
4.601320 8.319703 -2.321143
4.633060 7.937350 5.811057
4.649170 3.655267 -2.054690
4.665280 -0.788192 -5.632218
4.681400 10.220648 -9.093093
4.697510 -3.602945 -3.269876
4.714110 -30.874972 -2.551468
4.729740 -40.635028 -5.037528
4.746580 -27.315129 -4.630491
4.763670 -2.032196 -4.200274
4.780520 5.231645 0.055077
4.796630 0.939071 0.191718
4.812990 5.337196 6.153495
4.828860 7.652456 8.085278
4.846190 8.467291 9.282799
4.863040 5.127758 7.655254
4.879150 4.907660 3.454009
4.895260 1.687795 0.113107
4.928220 -11.268007 -6.268492
4.943850 4.638037 -3.077049
4.960940 20.706220 -0.047941
4.976810 23.808226 -2.281282
4.993650 10.387099 -1.591653
5.010740 -3.470440 9.618854
5.025880 4.966257 12.306784
5.042970 2.465855 5.869820
5.075680 -0.270418 0.283323
5.092290 6.089620 2.875644
5.108640 -8.496135 4.160319
5.124510 3.555765 -14.833048
5.141850 53.791978 -25.247975
5.174070 88.290529 -20.865308
5.191160 80.428199 -7.801698
5.223390 23.841717 0.179006
5.288570 1.500472 0.470221
5.321530 10.925692 -1.750622
5.388670 -4.934728 4.668461
5.403560 -6.000666 3.395837
5.420650 25.251183 -0.672760
5.634280 -46.569703 0.405905
5.651120 -120.987812 -3.137300
5.766110 -141.662109 -2.875644
5.782470 -58.986535 -1.189362
5.814450 41.907805 0.090968
5.962400 30.087184 3.518230
5.979490 25.698850 0.310212
6.011470 -1.733576 -2.041458
6.127200 1.713615 -0.627441
6.159420 14.590866 -3.982448
6.226070 27.741317 -1.400053
6.242190 21.033733 -1.465148
6.275390 0.240817 7.840070
6.291500 10.716523 6.402816
6.357180 15.741443 4.058813
6.456050 21.596485 -1.286946
6.473630 12.670829 -5.293725
6.521480 7.823218 -3.335727
6.554690 -22.659797 -5.368200
6.572270 -47.865366 1.395209
6.702390 -38.965656 0.922130
6.718990 -15.147519 0.563197
6.882570 8.724813 -0.328004
6.900150 -4.933216 -2.319016
6.915770 -7.110076 2.433281
6.931880 8.513941 1.931021
6.947750 14.852465 -8.097801
6.965090 8.234227 23.121976
6.981200 17.658271 38.778065
6.997310 23.843040 39.798755
7.012450 31.521315 -4.243253
7.028560 15.025717 -29.598659
7.094480 -11.337339 -6.268043
7.111570 -11.481107 2.151116
7.143800 -11.594065 -1.278794
7.160640 -9.249309 -16.911172
7.193120 4.788613 -17.828004
7.212160 17.799312 -14.967982
7.441410 22.730560 -5.152903
7.457280 9.943279 0.415924
7.473880 -9.061271 9.161258
7.736570 -7.772220 8.239567
7.753170 -3.816239 1.743250
7.770020 2.629247 -5.010900
7.785890 4.461263 -7.303602
7.802730 0.820629 -4.946017
7.819580 0.901304 1.358940
7.835450 -7.041802 2.392216
7.852050 9.922412 -0.006923
7.885740 17.312150 -5.929362
7.950680 12.857730 -5.691359
8.129390 18.915881 4.631152
8.145750 16.355854 10.225539
8.178470 22.812059 9.751854
8.197020 9.790853 1.170933
8.211430 -4.263809 -6.785681
8.227540 -3.073831 -6.105956
8.246830 -7.498819 -4.247246
8.262450 -5.384036 1.264807
8.279790 0.623174 -0.947908
8.295410 6.995151 1.795822
8.311770 3.643207 2.272635
8.329830 -7.442491 -2.581027
8.345210 -1.818675 -3.370153
8.361080 5.996810 1.669767
8.377690 16.041674 8.616121
8.394530 -1.798449 6.070727
8.410160 -16.285238 0.547721
8.542970 -13.324112 -3.471446
8.558110 -3.315289 -5.580190
8.574950 1.861432 -8.118617
8.673580 4.313295 -4.848671
8.690430 7.161868 2.799467
8.788330 12.118555 5.039466
8.805420 12.228639 3.151760
8.821290 1.832020 -3.998302
8.837400 7.207045 -1.713597
8.854250 2.625088 2.365587
8.968510 -0.297675 1.310361
8.985840 -2.054841 6.670212
9.001710 -1.537181 6.659958
9.018310 13.229415 5.913980
9.034420 -6.272707 -1.274518
9.050540 -67.977126 -4.802974
9.066650 -91.654804 1.469000
9.083500 -85.012328 -1.837029
9.099610 -41.569488 -2.406960
9.116700 -17.660879 -2.913661
9.133060 -9.214454 -3.241783
9.148930 12.093604 2.726551
9.215330 5.425016 -0.154031
9.231200 -2.391720 -4.029633
9.263180 -8.028231 -7.706904
9.280760 -2.468236 -3.765024
9.297610 0.771823 8.156161
9.313720 2.661456 12.149403
9.328370 3.151368 13.308013
9.344730 4.450640 8.829644
9.360840 4.527837 3.571534
9.376950 1.512759 -2.820520
9.410160 -1.491928 -6.464579
9.426510 -3.337103 -7.379494
9.442870 -2.590346 -7.595854
9.458980 -4.339456 -6.945476
9.478270 4.272202 -3.368263
9.493410 16.541617 5.584301
9.509280 18.817103 10.924558
9.526860 12.592802 -1.172208
9.542240 -1.211606 -13.463858
9.558840 -6.213581 -12.481414
9.607670 -7.140282 -1.831453
9.625240 -3.406928 8.938993
9.641600 -1.280297 7.410470
9.657230 -3.928028 4.213056
9.673830 -2.675180 -0.364273
9.707280 2.119828 -6.771410
9.723880 16.986556 -5.357922
9.757810 24.375878 1.108035
9.772460 20.837240 10.156428
9.805180 10.896167 6.666030
9.821530 -1.204612 -1.045846
9.855220 -6.386499 -4.830217
9.872560 -13.623289 -1.945387
9.903560 -11.847615 -0.442789
9.919920 1.983693 -3.107741
9.952880 4.484626 -1.202027
9.970210 -7.973831 -1.191560
10.002200 -18.492798 -0.874945
10.018550 -9.929519 -1.636451
10.035160 -0.560532 -1.452980
10.051510 -1.267368 0.059212
10.117190 -5.018957 -1.419357
10.133790 -3.476791 -3.673064
10.149900 0.833180 -4.265912
10.166500 3.188568 2.844195
10.182860 4.498689 9.922657
10.199460 -1.812853 7.712267
10.215820 3.604722 -0.991691
10.231930 23.853360 -9.123667
10.264890 34.258423 -7.660286
10.363770 11.290311 -4.702579
10.445800 13.028186 0.285521
10.478270 25.532794 2.081531
10.691890 31.404066 4.494158
10.710690 12.773163 6.625863
10.726810 -6.214677 5.119328
10.743160 4.243999 0.398864
10.759770 -3.475317 -2.292600
10.792240 -7.210636 -1.394312
10.810060 -11.775637 0.751890
10.825680 -6.209687 6.439959
10.841550 -2.634161 9.439332
10.858640 4.238858 7.207555
10.875240 8.292143 1.161481
10.890870 5.571622 -5.524546
10.908450 -6.509212 -5.690319
10.924560 -14.347338 -8.482152
10.940190 5.115018 -9.877647
10.987790 -31.956516 -7.488560
11.004390 -58.530418 -1.943662
11.137700 -62.059357 4.966054
11.252200 -30.182322 7.615465
11.285160 18.785123 7.524451
11.301760 16.639224 1.611713
11.335210 25.716767 -3.262623
11.349370 11.292806 -7.496192
11.365970 -1.933488 -8.269031
11.382320 4.933783 -1.690985
11.529790 6.679106 3.495452
11.546630 -1.104769 3.363561
11.628170 -17.561345 -2.545419
11.661380 -3.033757 -3.352834
11.696040 11.827428 1.020588
11.745850 14.557297 0.636964
11.792480 6.118276 -0.341377
11.825680 -2.289458 5.508314
11.841310 6.169199 7.544936
11.874510 7.167653 3.710916
11.893800 2.597188 0.208990
11.909910 -4.942327 0.491179
11.926030 -6.312591 5.758107
11.940190 -3.332339 0.496873
11.956790 8.319476 -5.814082
11.973140 10.327936 -10.241771
11.989750 15.878365 -8.136385
12.006100 14.748619 0.414081
12.039060 11.725093 6.192032
12.055420 9.190637 3.809515
12.071780 1.186692 1.175682
12.088130 1.789263 0.029322
12.104490 -0.136400 1.577830
12.120850 1.457677 3.206034
12.137450 -6.065917 -3.122816
12.154300 5.835271 -3.875460
12.170170 18.230563 -3.090517
12.238040 19.802378 0.902542
12.254150 10.265105 5.170577
12.271240 -4.122457 6.898315
12.288330 0.696137 3.003896
12.304440 4.019666 -4.991194
12.321290 -1.910389 -9.209388
12.337650 -11.888065 -3.230890
12.369870 -7.645047 1.775124
12.386720 15.718761 3.030998
12.419430 32.313776 1.583595
12.434080 24.378184 -2.334469
12.450200 1.099439 -5.364703
12.466550 6.383664 -1.809833
12.483400 18.538501 4.218349
12.631590 22.528286 1.267973
12.649170 18.005260 -3.279965
12.714840 11.871999 -1.366053
12.731450 12.637070 1.178423
12.747800 -74.717493 8.620941
12.780760 -132.796962 7.775283
12.829830 -113.701554 2.252787
12.860600 -36.100821 -3.591831
12.876710 25.097752 -6.053006
12.893310 8.347375 1.285646
12.909670 8.570837 -0.370345
12.927980 3.164222 -2.451593
12.942630 -7.029440 -4.082937
12.958980 -9.023958 -3.824188
12.975590 -9.537641 -1.492864
12.991940 -1.897573 -0.294877
13.008540 2.418032 -0.142619
13.028810 3.569299 -1.158977
13.057860 3.016632 1.251031
13.076900 0.619356 8.725210
13.106930 0.208796 10.742249
13.123540 -7.431376 0.551288
13.155760 -1.363354 -0.345300
13.172610 4.963875 5.896425
13.205810 8.417994 10.844697
13.223880 -3.309619 10.804791
13.241210 -12.019660 -0.736319
13.256840 -5.375605 0.445671
13.273930 -4.773983 -11.915799
13.290280 -1.944073 -19.139580
13.307370 -1.822229 -13.374547
13.322750 0.183315 4.385469
13.339600 2.542787 28.629052
13.356200 1.274891 30.993058
13.372310 3.282702 14.782817
13.389400 5.587954 -10.564475
13.405270 4.800748 -19.504748
13.419430 5.502742 -5.366050
13.435790 -3.793821 6.476228
13.452390 -10.727637 5.671511
13.468750 -10.686166 -8.022712
13.484860 -2.209312 -23.703990
13.500980 18.487430 -15.767659
13.518310 16.127902 -4.993817
13.550780 -12.814596 6.016430
13.567630 34.115439 9.549531
13.583500 88.863927 11.671586
13.600100 99.986832 15.719366
13.618900 53.293718 7.076775
13.635740 -9.568187 -5.270617
13.651370 -0.629563 -12.119538
13.667720 1.864343 -15.291411
13.684570 -0.042908 -11.013303
13.699710 3.572702 -1.820537
13.717290 -5.803477 4.395038
13.732670 -11.442358 2.371612
13.749510 1.051616 -0.054864
13.766360 8.994320 9.498968
13.799070 -7.691508 4.950601
13.813230 -29.939468 -3.232922
13.845700 -33.304475 -7.718718
13.864990 -15.087487 -4.978671
13.895510 0.175490 5.328529
13.914060 -2.056354 4.749859
13.944820 4.444288 0.952421
13.964110 5.719551 -4.342372
13.994870 1.297952 -1.150471
14.012210 0.028505 4.595427
14.042970 -0.415739 5.112310
14.059080 0.143167 -3.638189
14.092770 2.569477 -3.839522
14.109380 22.010674 0.596253
14.142330 32.322167 -3.695676
14.158690 24.544392 -5.765337
14.191890 9.036736 -6.397736
14.208500 -3.241381 -3.312383
14.242430 -1.070027 1.994888
14.259520 -8.451488 8.741773
14.289550 5.927325 6.818571
14.306150 7.185874 2.859837
14.343750 4.702343 -5.699959
14.359620 1.863852 -5.227945
14.389160 0.435284 -6.308163
14.408940 23.927260 -1.021013
14.440920 -57.531538 -1.100285
14.458250 -122.954507 -1.049343
14.489500 -124.020375 7.281415
14.503660 -49.637306 8.779719
14.536130 30.057966 12.165942
14.552730 14.357204 -4.069233
14.568850 2.045352 -4.328408
14.585210 -5.658610 0.223544
14.602050 -4.145821 5.271728
14.618410 -7.784469 6.232625
14.634280 -8.806697 -2.160260
14.653320 -12.505778 -5.694501
14.667480 -9.647349 -3.105851
14.683590 20.132199 -1.113398
14.701900 42.461684 -1.679525
14.733150 40.125804 -4.575792
14.752440 11.999019 -6.681412
14.783690 -11.313107 -4.697121
14.800290 -7.032464 -5.936049
14.817630 -5.269110 -3.581742
14.882810 -4.029118 -0.142004
14.899170 -4.305394 2.758851
14.916020 -1.364980 4.224799
14.931880 -0.056896 3.442408
14.949460 1.782760 4.594222
14.967770 5.046743 1.645713
14.983890 -8.122062 -2.277053
14.997800 -22.533465 -3.174112
15.047360 -9.191128 -1.288907
15.064210 29.800295 8.961888
15.080080 53.131358 13.082680
15.097170 29.440075 10.715573
15.111820 -3.565935 2.781699
15.127440 -12.168871 -3.026296
15.143310 -1.934698 -9.460951
15.159910 5.174560 -7.650221
15.176510 -0.954306 -9.062306
15.193120 1.236028 -1.188252
15.226070 -0.909167 2.703514
15.243160 1.460739 6.591957
15.276120 1.970159 12.441105
15.296390 -0.213408 2.047176
15.309330 -0.836318 -6.927424
15.326420 11.719725 -19.971012
15.345700 23.504610 -7.847158
15.376220 21.422484 9.130093
15.392820 3.954529 10.203187
15.409180 -1.699250 1.582887
15.426030 11.051995 -8.207504
15.441410 8.843330 -4.589165
15.476810 5.432237 4.781945
15.491210 -1.824951 2.667860
15.523680 4.972192 -1.135207
15.541020 -8.958141 -7.321795
15.557130 -20.213927 -10.584346
15.588870 -4.647035 2.226560
15.654300 32.445575 11.813800
15.670650 47.991805 11.814579
15.686520 25.910870 2.917182
15.719240 -1.136185 -8.350594
15.735840 -11.332160 -1.943993
15.769290 -3.559583 -1.494093
15.785160 -3.761649 -0.950909
15.819580 -0.381791 -1.708233
15.836910 -7.101948 -1.888042
15.869630 5.698608 2.660228
15.885740 19.687951 2.278258
15.918210 25.386961 8.336228
15.934330 31.716577 8.083246
15.967770 -15.392747 -2.873305
15.984130 -80.964249 -16.305170
16.016600 -123.432865 -7.328246
16.033690 -92.232589 8.905773
16.066410 -22.842716 17.736120
16.083010 3.625023 2.465604
16.114990 1.562132 -5.954455
16.132810 -2.547967 -0.027007
16.164550 -0.729859 2.556832
16.181150 -1.389515 7.681386
16.197020 0.282742 0.281315
16.213380 -0.140218 -2.860617
16.229490 -1.478167 -7.536950
16.247800 -9.551591 -11.289130
16.263670 11.251146 -5.499548
16.279790 19.504120 1.820891
16.313960 14.385784 9.897636
16.329100 0.763959 9.823233
16.345460 -10.223181 -1.726781
16.362060 3.013872 -8.969544
16.378660 4.239879 -0.036080
16.395260 3.071449 2.343211
16.410640 4.205212 7.801840
16.426760 1.602469 0.961470
16.459230 2.419393 -5.752129
16.475590 2.942043 -3.904239
16.508540 -8.951450 -8.298400
16.525390 9.922979 4.726632
16.542480 27.867453 8.397896
16.557860 32.569739 7.307760
16.574710 20.117343 7.456757
16.591800 -10.309298 0.449215
16.607910 -14.871707 1.812905
16.624270 -14.784457 -2.011144
16.639890 -2.890629 -0.652345
16.657230 6.847222 -0.166058
16.673830 1.704807 -7.005160
16.706300 -5.117097 -0.311512
16.722660 -11.853512 -1.126937
16.756100 -10.569844 10.493806
16.771730 -9.274411 12.944461
16.804200 -4.679244 6.602897
16.823240 24.961104 -6.169468
16.856200 50.888686 -17.935812
16.871830 55.384999 -10.234612
16.904300 27.075027 -3.771096
16.920410 -9.517151 1.237233
16.954590 -1.716715 10.567878
16.971190 3.363150 15.120707
17.002200 6.815240 8.600598
17.018070 -1.011694 -5.452434
17.035400 -5.780454 -3.614301
17.052000 1.552378 8.500700
17.067870 1.382294 -2.336595
17.083980 6.132679 -11.296218
17.101070 16.835798 -17.198166
17.120360 -11.863833 -2.252362
17.135740 -43.023835 13.294947
17.152100 -46.288022 13.098250
17.168460 -24.639725 9.547853
17.185790 3.591415 1.753315
17.200680 -2.388733 0.476553
17.215580 3.139762 -1.453878
17.248780 8.251050 -4.253436
17.265140 -1.755579 -5.508526
17.281490 -1.615890 -0.321317
17.299800 2.865602 2.603190
17.314940 -0.424926 -6.509283
17.331790 0.808834 -10.245788
17.348390 0.543066 -5.591271
17.364260 5.413826 7.947789
17.380860 7.149431 8.919430
17.396970 0.072812 -1.942575
17.413330 7.991864 4.904692
17.430180 12.120936 14.597132
17.446040 7.332064 14.645969
17.462890 0.999370 -4.493779
17.495360 -4.262221 -15.943278
17.512450 0.907466 -5.121124
17.544680 -10.695844 4.715197
17.562010 -15.117919 4.565348
17.593990 -8.691054 4.836502
17.611080 -1.414202 0.024266
17.643310 3.060674 2.775580
17.660160 -5.867934 -0.491202
17.692870 -3.361902 2.288654
17.709960 -1.282036 6.684720
17.741940 1.523420 -1.157039
17.758300 0.196774 4.597293
17.790770 -4.644880 -3.224771
17.807370 -9.900599 -4.705604
17.839360 -8.380870 -5.732849
17.856690 -1.000995 -5.537612
17.873050 -0.870191 3.684500
17.888670 1.208506 3.511023
17.906490 -3.637499 0.429179
17.922610 -4.262902 -1.656488
17.939210 -6.640545 -3.691352
17.958010 10.441839 -2.586225
17.971920 24.120346 1.243329
17.989260 21.965577 1.790860
18.005130 7.096089 4.549541
18.021480 -9.008496 2.824655
18.038090 -4.406522 -2.127842
18.057130 0.455964 -8.266928
18.070310 4.409017 -6.167034
18.087400 2.233544 -1.074341
18.103520 2.033444 2.337753
18.119870 -1.248012 6.381031
18.136230 -1.827370 8.354114
18.152830 -0.957180 5.384763
18.169430 3.270831 -4.832769
18.185790 8.187161 -9.507970
18.202390 0.456455 -10.900694
18.218990 -4.276474 -5.428026
18.235110 -1.247218 -3.763535
18.251220 -4.175535 12.155357
18.268070 4.117543 20.102185
18.286620 11.166428 12.372822
18.300540 7.814372 3.434563
18.317380 -3.698213 -6.077697
18.333500 -16.218327 -2.502298
18.350100 -3.308825 -3.922575
18.366460 5.729872 -5.812404
18.385250 2.010043 -8.228391
18.399170 1.008178 -6.777908
18.415530 -0.246487 -0.745180
18.430660 0.454451 0.324342
18.447750 1.502816 10.764529
18.465090 4.091458 1.648856
18.480960 7.221297 -8.225532
18.498050 1.735769 -18.205060
18.514890 -5.193387 -15.740819
18.530270 -7.674950 1.982578
18.547610 3.247165 4.349153
18.564450 10.128406 18.170305
18.579590 9.833912 22.812102
18.596920 -4.239841 13.479381
18.615230 -14.568865 -2.393161
18.628910 -9.724923 -9.736732
18.646240 -2.451754 -6.227781
18.662840 5.265216 -5.358442
18.678710 1.407510 -6.785847
18.695310 2.581877 -0.526219
18.709230 0.160255 3.871562
18.725340 0.270115 3.589208
18.741700 2.082212 -0.765358
18.774900 0.275295 4.418123
18.791260 0.900132 9.736968
18.825930 -3.529793 4.543304
18.840580 3.447039 1.962966
18.873050 1.169718 -7.689892
18.889890 -6.147688 -7.022053
18.922850 3.910751 -1.158504
18.939450 20.824993 1.011231
18.971920 23.750278 6.496548
18.990480 5.614417 -3.171206
19.023440 -4.922820 -8.701559
19.043700 -6.574236 -8.680176
19.055910 -1.871450 -4.857767
19.072270 -7.143382 -2.821111
19.089110 -6.900375 2.916709
19.121580 3.060107 9.128605
19.140380 1.239203 6.379519
19.169680 6.263710 1.807163
19.187740 5.300336 -2.181478
19.218990 6.095215 7.914190
19.238280 4.226647 7.285314
19.254390 -17.767104 -4.336110
19.274170 -4.947657 -8.975498
19.284420 19.469266 -4.407703
19.317140 34.282839 5.066638
19.333980 16.833795 2.801476
19.350100 -11.216518 2.295719
19.366460 -8.576507 2.257725
19.382810 -4.665068 -0.941458
19.415280 -1.958515 -5.373304
19.432130 -2.352176 -7.944008
19.448730 -9.211202 -7.454583
19.464840 13.610890 5.543188
19.481200 25.343680 1.487217
19.514400 27.587436 -0.344260
19.532960 17.336193 6.251811
19.565920 -0.427799 12.111764
19.582520 6.906840 4.677983
19.599850 1.172175 -19.339364
19.614750 2.140091 -21.374921
19.631590 0.263084 -10.842595
19.648440 -5.147303 3.896607
19.664310 -6.987703 5.479062
19.681400 -7.006643 15.308116
19.698240 -4.626167 13.453226
19.712890 -2.354747 4.532624
19.729490 -5.797013 8.351704
19.745120 -1.624888 4.438467
19.762210 5.255198 -1.270808
19.778810 -2.342422 -9.190604
19.795170 -5.774368 -6.410921
19.811520 -7.356448 5.986683
19.827880 1.776674 8.093713
19.844730 7.270329 -0.432227
19.860840 -1.579409 -8.765708
19.877690 7.185156 -12.153986
19.894530 3.654284 -10.085782
19.910160 -3.285802 -6.989636
19.930180 -6.179481 -8.945633
19.942140 -1.540205 -0.897155
19.959470 3.288599 6.329617
19.975830 14.601111 10.076425
19.992190 28.955761 10.661017
20.009520 23.073567 9.449232
20.027100 7.672114 6.886950
20.058350 -6.882985 9.602929
20.074710 0.355932 5.410612
20.107910 2.008228 0.159465
20.124020 0.140180 -6.166633
20.142820 3.028087 -10.563837
20.157230 4.153117 -6.045965
20.173580 2.075029 -7.186526
20.190430 -6.983091 -4.946443
20.205810 8.532201 -5.533028
20.223140 -43.615420 10.512637
20.239750 -104.385056 12.675701
20.255620 -110.476593 7.999391
20.271970 -68.480202 -4.832533
20.288820 -3.554555 -13.247338
20.305420 -8.182397 -2.359444
20.321530 -2.970019 5.621467
20.354980 6.612834 6.796597
20.370120 4.265737 5.108412
20.403320 5.882905 -1.921027
20.420410 3.697760 -8.258351
20.452150 3.503254 -3.487797
20.471680 -1.134900 3.965577
20.501950 -3.481252 8.133951
20.518550 1.329784 4.764413
20.551270 -1.524176 3.115539
20.567870 7.440298 -2.110901
20.583980 23.410108 -0.925981
20.600590 27.886428 -4.065972
20.617430 17.088888 -1.058038
20.634030 0.866788 -5.001496
20.650150 1.140419 -16.266611
20.666500 -5.748207 -10.994094
20.684330 -11.773217 -4.473129
20.698490 -11.386560 -2.436046
20.716060 -1.975338 2.225662
20.731930 6.446495 15.748214
20.748780 1.664620 25.789296
20.765380 2.320495 16.293829
20.781010 1.123936 7.376848
20.799800 2.190674 0.348135
20.814210 4.673120 -0.970331
20.847660 3.640372 -3.214256
20.863280 3.246182 -12.759176
20.880370 1.329632 -10.109268
20.896730 -0.058068 -8.377647
20.912600 -4.168617 -1.324963
20.929200 12.100333 -0.434259
20.945560 24.126961 -7.169065
20.963130 32.029238 -7.575156
20.978030 22.028970 -5.527547
20.994140 5.619483 -0.074097
21.012450 2.608681 0.304565
21.027340 -6.553784 1.921476
21.044430 -1.706773 0.269950
21.060300 -4.117656 -3.846445
21.077150 -4.928982 0.912986
21.093750 -4.121890 5.570478
21.109860 -2.963857 8.254382
21.128420 -0.645668 -4.053426
21.143310 -5.676643 -14.090497
21.159670 9.811608 -7.728665
21.176270 24.988093 5.920360
21.192630 25.568893 14.573434
21.208740 12.596204 16.323882
21.225340 0.786378 15.095119
21.240970 -3.767509 -6.875939
21.257570 -15.570686 -16.485040
21.290530 -12.679070 -8.896983
21.306880 5.872698 11.645124
21.340820 17.471488 25.720122
21.355960 8.378035 -0.062520
21.388920 -11.088930 -13.078923
21.406740 -21.669857 -11.470754
21.439210 -10.568936 -8.789619
21.455810 14.358490 -1.675815
21.487300 27.956961 -7.386677
21.504150 27.387477 2.561983
21.520260 13.502432 13.281858
21.536870 4.676598 9.940898
21.553470 -1.823930 3.694754
21.569090 -1.096528 3.636393
21.585940 11.767547 3.720036
21.602540 11.853588 0.920287
21.619870 -3.068311 -7.169869
21.635250 -19.152787 -8.793919
21.652100 -7.952925 0.408977
21.669680 3.792838 2.257182
21.684570 13.603783 -0.635121
21.701420 -5.041148 -7.704683
21.717290 -37.097819 -6.502313
21.734380 -37.173674 -4.505948
21.750240 -49.642030 -2.297090
21.767090 -38.439714 -1.061795
21.783200 -24.985674 2.277218
21.799800 -8.801140 7.328978
21.816410 11.566279 4.903251
21.833010 0.013496 1.138468
21.849370 -3.499852 -7.161575
21.865480 4.662913 -0.894532
21.882080 21.241302 5.659177
21.898930 -4.115048 5.526980
21.914790 -38.774834 1.512333
21.930660 -50.759419 -4.352154
21.947510 -22.622751 6.300201
21.963870 3.159383 5.925818
21.980960 -6.956288 2.752944
21.997800 -1.115922 -0.107224
22.012700 2.255925 -3.258133
22.029050 -0.924214 -3.212768
22.045900 0.896352 3.532265
22.062990 6.565617 5.971160
22.078860 12.251170 -1.152054
22.095210 4.544320 0.798106
22.112060 -4.455554 3.821825
22.128910 -3.213746 11.480724
22.145020 -4.176216 -5.618514
22.161130 -3.115945 -18.044258
22.177980 1.762799 -6.433343
22.194090 4.807137 2.330003
22.227540 5.389026 8.526242
22.243410 4.640910 0.782961
22.260250 2.999620 0.789222
22.275630 -1.697208 6.064324
22.292480 8.862421 7.765855
22.309330 25.398566 -1.019170
22.325680 28.617953 -14.500403
22.342040 24.073549 -6.702393
22.358150 8.069363 10.971317
22.374270 3.315251 21.030289
22.390630 2.962911 21.207176
22.406980 3.076099 3.252321
22.423580 -0.468742 -10.564641
22.440190 -7.214984 -11.242442
22.472900 -9.509780 -3.562296
22.489750 -10.218606 12.487273
22.522220 -3.804860 2.561794
22.539060 -0.109218 -9.806055
22.571530 4.017285 -1.558290
22.588380 -1.461080 6.056385
22.621340 -8.092726 12.247645
22.637700 -7.637750 -5.424104
22.653810 -4.843127 -19.798706
22.669920 -2.970208 -19.731797
22.686770 -2.526380 0.311015
22.703130 -4.575168 13.980347
22.719730 -14.887886 10.655087
22.735840 6.176759 0.801131
22.752200 40.421951 -13.036347
22.768550 48.601742 -10.467744
22.785160 34.480589 -12.255040
22.801760 11.360891 -6.893377
22.818850 9.058549 -6.234704
22.836180 8.062633 -4.388045
22.851070 1.191947 1.211242
22.867680 1.005683 8.172204
22.884280 3.889089 5.759218
22.900390 0.352114 14.023042
22.916990 -3.061279 24.171514
22.932860 -5.021527 16.855059
22.949710 4.739921 14.377991
22.967040 -6.413718 -3.183540
22.983890 -20.462209 9.462416
23.015870 -32.087559 -8.574135
23.031980 -30.967010 -28.577409
23.064210 -8.534091 -20.233286
23.080570 -3.210721 -8.450161
23.114260 6.594386 15.800973
23.130620 -0.024535 5.945216
23.146970 -0.243198 4.765099
23.165530 9.721218 7.311257
23.179930 0.122072 5.107892
23.196780 -15.183621 -0.727955
23.212160 -22.842603 -3.225220
23.229250 -12.070090 -10.888054
23.245610 2.891158 -9.055596
23.261230 4.778595 -10.623780
23.278320 1.688702 9.632983
23.310550 0.509949 6.504132
23.327390 -1.946077 -2.695717
23.360110 -8.728027 -5.974916
23.376950 -0.256581 -6.740174
23.409420 10.113776 6.435541
23.426030 9.192792 -3.050892
23.458980 7.335958 0.199042
23.476070 5.228810 -4.531182
23.508060 11.554522 -0.936850
23.524660 2.556208 1.366242
23.557130 2.275054 1.694647
23.573970 9.690861 -2.394342
23.606450 14.648478 1.327775
23.623780 15.678916 1.707170
23.655760 -21.500129 18.950474
23.673100 -41.054074 25.464428
23.705320 -42.557108 24.856388
23.721680 -12.373654 18.748752
23.754150 4.855263 -3.532737
23.770750 -7.823067 6.841821
23.803710 -7.403476 -2.188543
23.820560 1.694411 -2.441811
23.855470 28.924426 -1.738808
23.871830 35.358326 2.033685
23.902830 29.859298 3.617254
23.918210 8.953453 -9.505583
23.952390 -5.237051 -14.525566
23.970210 -6.104817 7.785655
23.985110 11.298288 1.401802
24.001460 23.831095 -19.978407
24.017580 36.594994 -28.599379
24.034420 31.896191 -9.168985
24.050780 14.332594 28.097149
24.066650 7.765302 13.703461
24.082760 -5.111465 -5.452694
24.099370 -0.185470 -18.203595
24.115970 3.418874 -13.873576
24.131840 4.696861 -3.427782
24.147220 -6.981617 1.865099
24.165040 -11.864173 7.038357
24.197750 -9.851491 8.921674
24.214360 3.463333 2.874911
24.231450 12.256916 -3.308130
24.247800 7.611325 -5.763589
24.264650 7.486003 -5.616340
24.281490 3.825048 -7.941551
24.297120 6.721069 -11.578164
24.313720 0.171936 -13.878869
24.329350 -26.741445 -5.468312
24.345700 -39.683395 4.298542
24.362790 -29.990194 5.339752
24.379150 -8.338265 7.764508
24.395020 0.049260 7.957641
24.411130 0.732922 7.400807
24.428470 5.444372 2.770878
24.444340 6.055369 -1.000882
24.460940 -0.452788 -9.579207
24.476810 -2.803035 -11.386167
24.493410 3.367800 -6.908522
24.509770 1.564287 2.209123
24.525880 -6.430768 9.291990
24.542720 -12.861208 8.081072
24.560060 -5.647912 -1.211596
24.575680 2.069623 6.347196
24.592530 2.644331 18.489074
24.609130 1.095507 17.775813
24.626460 1.610824 9.645671
24.641600 -3.368934 -4.201668
24.657960 16.700200 -5.615560
24.674320 31.936407 -8.962243
24.691160 32.232512 -12.662422
24.707760 10.233274 -8.141701
24.723630 -11.111121 4.412878
24.739990 -4.668243 14.826905
24.756350 2.560631 15.143554
24.789310 11.075018 -0.489170
24.805910 13.932484 -9.660061
24.838870 7.124404 -4.186168
24.854740 15.368364 8.533212
24.871340 13.361651 1.292215
24.887940 -0.952908 -7.319267
24.904050 -8.347829 -13.259837
24.920900 1.985432 -9.501567
24.937260 28.538197 5.010333
24.955570 6.641982 2.907258
24.970210 -14.219260 5.518450
24.986570 -13.073475 3.517497
25.002930 7.071743 3.566643
25.036130 15.987200 -0.972906
25.052250 1.276819 -4.604642
25.084960 17.054071 7.873834
25.101810 -51.684191 5.617994
25.118410 -111.755278 -10.462665
25.133790 -113.350492 -21.561660
25.150390 -52.883982 -11.165109
25.166500 16.854549 0.378331
25.183350 -6.340907 -1.210179
25.200200 -4.833449 -5.888651
25.216550 -2.006640 -6.922273
25.232180 1.919765 4.233967
25.249760 -0.712620 3.217706
25.281490 -1.445013 2.552319
25.298830 -1.838107 -3.023082
25.331300 -3.343529 -6.734716
25.348140 -0.818701 -3.883163
25.364260 2.757027 1.265752
25.380620 6.487512 8.048868
25.397220 9.033560 13.875230
25.414060 2.276264 13.976827
25.429930 -4.830803 9.002953
25.446780 -4.236249 6.728549
25.462890 0.479327 0.046240
25.479000 5.416623 -0.012192
25.495610 6.752938 0.539829
25.511960 3.829622 -2.000062
25.529050 -1.945056 -7.493309
25.545410 -5.431518 -12.650963
25.561280 -4.551162 -7.513369
25.578610 34.974811 5.790265
25.594480 51.824980 7.390670
25.627440 40.736464 7.455387
25.644040 15.888685 5.525987
25.676510 -0.674627 7.574116
25.693360 7.410659 10.460113
25.726320 2.136840 5.789438
25.742680 0.838057 4.577068
25.775150 0.456871 0.886617
25.791020 29.237966 -12.216551
25.823970 35.358931 -6.070680
25.840580 28.668036 3.346266
25.873780 6.524977 3.691848
25.890380 -12.409190 2.711241
25.922850 5.852699 -6.811554
25.939210 1.956209 -4.115355
25.972170 1.445731 -8.935142
25.988530 -2.813621 -9.995029
26.005130 -3.910865 3.374454
26.021730 1.388305 7.822113
26.038090 2.599532 2.835406
26.054930 0.397669 2.958743
26.071040 -2.521012 5.647009
26.087400 -4.171603 -3.045364
26.104250 10.763589 -4.503396
26.119630 -7.411907 -4.950507
26.136720 -34.593902 2.317480
26.168950 -40.578225 4.538956
26.185790 -24.170621 2.586390
26.201660 8.443247 6.161364
26.219970 6.693358 2.120423
26.235600 3.527185 3.046994
26.252440 -2.052082 0.564213
26.268310 -6.791234 -4.465875
26.285400 -2.512430 1.826089
26.301510 4.876887 10.761718
26.317630 -17.854844 8.316381
26.335690 -26.156721 -4.802951
26.368160 -21.617767 -9.838921
26.386470 -4.827514 8.329778
26.415770 6.520856 6.656910
26.432370 -7.244547 -5.780081
26.464840 0.478382 -11.894841
26.481930 0.928335 -9.315121
26.515140 1.739436 -0.678242
26.531250 -2.091852 -1.157370
26.547120 -3.317255 0.691993
26.564450 5.796219 4.121994
26.580320 6.086596 1.723898
26.613280 5.734824 -2.761663
26.629640 -7.502713 -2.553713
26.646240 -5.952125 2.771161
26.662840 -1.546367 12.065407
26.678470 -2.904276 7.490072
26.712160 -1.204423 -0.944316
26.728030 0.222481 4.083552
26.761230 10.953251 3.980156
26.777100 4.904409 0.693127
26.809810 -2.599986 -13.992704
26.826420 -3.925117 -18.402176
26.859620 -7.603273 -6.285717
26.875730 -7.155706 5.608614
26.909180 -2.103345 14.801317
26.925290 25.960539 -1.196923
26.959230 51.052980 -11.278521
26.976070 50.410651 -13.603849
27.009520 29.977683 2.455421
27.027340 0.458156 9.006001
27.056640 -8.060819 11.732521
27.073240 -9.192489 12.366632
27.105960 -3.897822 0.542121
27.122800 0.311322 0.894414
27.155270 -6.386688 -5.947910
27.172120 0.557016 -0.889169
27.204350 19.352836 -3.577441
27.221920 27.929519 -7.336208
27.253910 16.220066 -2.665237
27.270260 -0.369920 -0.743195
27.286380 4.961607 9.870677
27.302730 9.692298 10.145087
27.320310 3.367687 7.094047
27.353520 -2.475381 2.171885
27.369140 -3.303834 -0.959368
27.385250 2.134156 -1.937802
27.401860 -2.155856 -15.692667
27.418950 -2.608227 -13.078167
27.451900 11.809131 -6.063379
27.467770 -23.034367 12.834854
27.484130 -69.242792 21.970010
27.500980 -83.240538 12.462961
27.517330 -54.591480 8.257784
27.533450 -2.548382 -0.380671
27.549800 1.827294 -1.559778
27.566890 3.568430 -1.225702
27.582280 1.807749 3.253786
27.599610 -5.849901 12.222411
27.615480 -7.887940 7.635312
27.631840 -4.911214 1.679738
27.648680 5.070598 2.045239
27.666020 -9.271311 -4.929454
27.682370 -14.948901 -6.912539
27.697020 -21.845520 -13.519972
27.711670 -9.396594 -7.749127
27.747310 6.597713 0.757443
27.763180 -2.751054 -1.156732
27.780520 -0.212841 3.938594
27.796140 -2.282464 3.264088
27.812260 6.287867 12.601464
27.829590 1.826576 2.183864
27.845700 -12.842004 -18.515819
27.861820 -6.933378 -11.778382
27.878660 8.994131 12.869019
27.894040 20.874399 31.635643
27.909420 5.937117 7.722569
27.925290 -12.059203 -15.077776
27.941650 -14.950224 -16.873960
27.958250 -6.555901 3.122485
27.974610 6.163225 13.703815
27.990970 9.380678 8.238646
28.008300 6.054386 1.767279
28.026120 0.139840 -5.575062
28.040530 0.760179 2.476662
28.058840 -5.923772 -6.456404
28.075680 -9.155328 -0.845292
28.091550 -11.184347 3.827236
28.106450 -5.102202 5.634439
28.140630 3.279148 4.498127
28.157710 -2.267455 -5.472187
28.173830 -0.166265 1.845772
28.190430 -1.522210 1.119778
28.207030 4.627679 13.136763
28.223630 6.012461 5.291788
28.239750 3.427569 -8.460368
28.254150 -7.714493 -18.981023
28.272950 -9.226173 -14.609088
28.288570 -1.003264 3.960828
28.305660 4.441264 -0.118660
28.321530 1.576120 -0.502284
28.339840 -12.312715 -3.097345
28.354000 0.352152 0.962864
28.370610 12.281375 5.646489
28.387450 13.636861 2.525501
28.404300 8.749386 -2.068938
28.436770 2.860385 -6.698589
28.453860 11.109306 0.293389
28.471680 7.851005 9.737843
28.486820 1.935265 11.589623
28.502440 -1.073883 3.079246
28.519290 -4.662497 -0.102404
28.535890 -6.318148 6.636826
28.552000 7.645084 3.705339
28.568120 26.178569 1.182321
28.584720 29.518091 -4.080716
28.601810 15.127861 5.367917
28.617680 -5.985128 4.350334
28.634030 -6.431222 -5.069449
28.650150 -6.104213 -15.038390
28.667720 -5.978248 -20.528022
28.683110 -4.987730 -12.523683
28.699710 -4.554073 -6.084313
28.716310 2.805077 6.834898
28.732420 0.949430 9.565054
28.749020 17.186154 2.181856
28.765380 25.827824 -11.365234
28.781250 27.983987 -6.213959
28.797850 22.253547 7.278651
28.831050 0.036482 22.785806
28.847660 2.443361 9.003189
28.880860 2.681455 -13.719929
28.896730 3.072923 0.052596
28.913570 -2.706179 10.317190
28.931150 -10.212029 18.466345
28.945800 -1.593169 -0.612107
28.962400 2.800389 -6.783200
28.978520 -1.386226 7.524285
28.995360 0.043362 -0.110603
29.011720 -2.403401 -7.300034
29.027590 -1.827370 -13.808460
29.044680 -11.099628 -3.361364
29.062260 -5.030752 5.213580
29.078860 2.968885 0.252347
29.095700 2.278948 2.541615
29.128170 4.703969 0.844819
29.144780 5.140952 -1.298713
29.175290 32.897137 -15.535430
29.191650 40.377090 -2.281849
29.224370 33.593733 10.188963
29.241210 13.560233 9.342931
29.273680 6.437611 1.251599
29.290530 17.366246 -8.386744
29.322510 18.616260 0.213526
29.340820 3.977590 1.831169
29.357180 -15.441740 5.356386
29.372800 -11.558756 10.287159
29.389400 -12.384201 -5.429964
29.405760 -20.249347 -15.329049
29.421390 -28.661044 -10.432894
29.437990 -21.085597 5.080460
29.454830 -0.426287 14.717984
29.471920 6.565617 4.983846
29.488280 5.176148 -7.046768
29.504640 3.137418 -16.006078
29.521480 3.154279 -7.719096
29.537840 2.514547 6.702960
29.570800 -6.847449 18.753407
29.586670 6.610831 6.358632
29.603270 24.602719 -16.714291
29.620120 27.137018 -23.308003
29.636470 10.721060 -4.744117
29.668700 -8.223037 15.398134
29.685300 3.923264 9.773260
29.702390 15.811303 -0.815024
29.718260 -1.243059 3.706828
29.734860 -44.463030 3.510362
29.770510 -60.193242 -6.064986
29.784180 -59.872462 1.686495
29.801030 -41.104149 13.868638
29.817140 -26.705158 16.001967
29.833980 -19.632231 0.545381
29.850340 5.726659 -13.329395
29.866700 5.477413 -4.343270
29.883060 4.821012 -9.095455
29.899170 -0.845807 -5.647836
29.915280 -8.426122 1.167979
29.930910 -0.436116 -1.433487
29.948240 2.693364 3.854999
29.963620 2.518781 7.765713
29.980710 -4.763927 1.510183
29.997800 -16.342131 7.793830
30.012700 -14.317397 24.320944
30.030270 -15.472852 23.049091
30.062500 -6.368504 9.186280
30.079590 -7.990919 -17.968299
30.112060 -11.790985 -16.839111
30.128660 -5.824799 -2.527604
30.146000 9.312971 -0.721788
30.161870 22.773124 4.468828
30.178960 21.628540 6.188394
30.198490 8.476515 4.781969
30.211670 -11.813214 8.947263
30.226810 -19.223364 -9.634637
30.259520 -10.318296 -11.297210
30.277100 7.546377 -4.619905
30.309080 15.240136 0.674981
30.325440 -0.686686 -0.731405
30.341800 -8.725947 -6.822210
30.358640 -1.152895 8.284625
30.375000 -0.274803 7.685946
30.391360 2.018095 8.818138
30.408450 -7.335088 5.139246
30.423830 9.932808 -3.478180
30.440190 24.543107 -10.568799
30.456540 22.405962 -10.984218
30.472660 9.095181 -8.179529
30.490480 -3.376041 9.933715
30.506840 2.577379 21.557266
30.523440 10.590447 14.414306
30.538820 5.836821 -1.211927
30.555660 -6.007887 -14.583051
30.572270 2.635371 -3.248729
30.588870 -10.341659 1.545649
30.605470 -13.936793 -8.690667
30.621340 -41.677990 -7.471643
30.639400 -28.747754 19.908970
30.655030 -8.112497 17.436984
30.670410 2.535869 6.033821
30.703610 13.314888 2.537646
30.719480 2.235964 -14.395452
30.752690 10.555818 -6.989235
30.769290 -5.313266 -14.705675
30.802250 -9.509969 -2.770051
30.818600 2.883748 27.434551
30.835450 11.960800 14.078518
30.853030 12.898218 6.787949
30.867920 -2.547702 -9.564747
30.884770 -11.425195 -13.857912
30.900390 -0.875824 3.437800
30.916990 -5.955074 -2.557493
30.933590 0.257980 2.449608
30.949460 -4.159960 7.493711
30.966310 22.258915 -5.453048
30.982910 44.391984 -13.728931
30.999270 40.236122 -13.684039
31.015870 24.942506 8.126272
31.032960 -6.833310 12.242022
31.048340 -8.221298 -9.242112
31.065430 -4.209635 4.606674
31.081050 1.742801 5.709009
31.097900 5.910880 -1.152550
31.114750 2.574543 1.191820
31.131350 4.410529 4.706809
31.146970 8.244775 15.278298
31.163820 6.481880 -8.721595
31.180180 4.137163 -6.578300
31.195800 -1.896061 22.076231
31.212650 18.372359 8.195832
31.228760 25.260784 3.066676
31.245120 16.456939 -11.221910
31.261720 1.876592 -7.842858
31.295170 -7.814713 -8.229762
31.311520 1.012223 -21.054245
31.327640 -0.098292 12.067676
31.343990 0.797001 13.446090
31.361330 2.858230 13.978552
31.393550 5.752971 4.700453
31.409910 5.989098 -7.303366
31.443120 4.814812 3.124564
31.459470 15.143360 -12.838091
31.476320 25.073144 -16.480197
31.491460 26.092310 -18.708422
31.509520 18.671111 -11.517181
31.523680 -7.076922 18.907734
31.541260 -15.394373 33.812731
31.557370 -10.988636 14.190652
31.574950 8.394706 -18.239342
31.592040 26.884366 -35.514597
31.609130 10.975556 -14.510067
31.625730 -7.362686 9.378443
31.639650 -11.316169 8.512656
31.656250 -6.342608 16.524875
31.673340 -1.998248 14.284712
31.688960 -1.289559 4.549305
31.706050 -5.574571 -9.130472
31.740720 6.851381 -22.750557
31.755370 -41.244322 15.219491
31.771970 -88.665825 35.903018
31.787840 -92.637538 19.513986
31.804690 -51.408621 -3.339768
31.838620 8.186329 -14.597605
31.853520 4.937337 2.340636
31.870120 3.615459 -0.447278
31.885990 3.161197 -9.214302
31.902830 3.618143 -2.297515
31.919430 -5.699061 13.658829
31.935300 -10.886225 20.635285
31.951900 -11.341800 14.754323
31.969240 -6.886350 -3.334381
31.984860 -6.221785 -17.904105
32.002200 3.334570 -8.821942
32.018310 14.283072 3.913360
32.034180 16.769266 11.465461
32.051760 5.020204 4.153538
32.066890 -10.711382 -2.454995
32.083500 -19.756221 1.329476
32.100590 12.959195 -13.138440
32.116700 51.063333 -7.711488
32.132570 55.679666 1.501512
32.151370 28.516047 18.183040
32.168950 -2.988921 -2.961839
32.185060 2.896299 -45.068305
32.200680 11.585597 -4.187349
32.215090 14.070315 27.378230
32.231200 13.755828 36.928734
32.248780 -0.620906 -6.370966
32.264650 -15.855872 -27.219284
32.282710 -12.710787 2.310723
32.297610 -7.786851 -10.389514
32.313720 3.268600 1.369195
32.330320 6.671015 -2.292222
32.346680 0.093264 61.445806
32.363280 -11.962425 44.217949
32.380370 -15.452401 -18.564726
32.401370 -18.057201 -46.376208
32.413570 -13.505531 -50.101235
32.428470 -10.618724 2.345314
32.445560 -6.430239 -11.799529
32.461670 2.432851 6.021440
32.478270 -1.341805 23.515152
32.495610 8.278005 17.493664
32.510740 2.927451 -9.934235
32.526860 8.595787 -2.707058
32.543460 22.784238 -2.945346
32.576170 -7.760614 8.493825
32.592770 -37.417223 8.157390
32.625980 -47.574168 5.209846
32.643070 -21.649633 6.663573
32.658690 -1.594455 -16.827085
32.675780 -14.049863 -13.427590
32.691650 -4.264036 7.192433
32.708250 9.545127 19.817914
32.727050 12.686215 11.580479
32.741210 -1.683447 -2.256237
32.757320 -10.786309 -17.728040
32.773190 -5.622507 -12.289560
32.790280 -1.903925 -6.476322
32.806880 -3.187925 2.488571
32.824460 -6.758835 6.272745
32.839110 -1.140079 2.701742
32.871580 -0.145737 -3.695321
32.889160 5.194635 10.517457
32.906980 12.440037 13.590736
32.923100 22.011997 16.259759
32.943360 1.380631 -11.782422
32.954830 -23.267523 -22.548486
32.971190 -28.614286 -9.011317
32.987790 -8.329985 5.249139
33.003910 14.221415 17.452105
33.021240 12.410664 3.337358
33.038330 -8.023166 -5.024982
33.059080 2.757140 4.938008
33.070800 27.967280 27.577457
33.085940 25.821057 6.188417
33.102290 18.220620 -4.639776
33.118410 5.728662 -1.298902
33.135250 9.342043 8.052081
33.151860 0.724718 5.703409
33.167480 -10.752286 -17.569080
33.184570 3.032094 5.336137
33.200200 11.057741 14.845169
33.217530 7.914516 4.422140
33.233640 -4.593428 -8.627604
33.249760 -18.009494 -32.380512
33.267090 -25.647404 -36.670003
33.283200 11.127490 -29.653679
33.299560 38.858812 12.506695
33.315920 32.162738 41.489633
33.332760 9.642283 20.696571
33.348390 -4.156708 -4.171188
33.364990 14.399733 -15.111232
33.381590 12.271055 -5.969222
33.397460 6.332816 -1.004851
33.414060 1.105941 -6.181754
33.430420 2.484908 -2.878385
33.448730 3.160781 13.309761
33.465580 7.598320 22.135886
33.485110 -1.923092 16.255199
33.497560 -9.698536 -8.773789
33.513180 -18.839293 -31.793731
33.530030 15.236053 -18.908443
33.546390 50.139003 1.644579
33.562260 50.397954 10.027233
33.578370 24.627667 -0.970969
33.595700 -8.040215 3.123430
33.611080 -5.266993 18.816087
33.627440 8.419204 1.842724
33.644530 10.110978 -2.988609
33.660890 9.573744 -13.169439
33.677730 2.203754 -3.497815
33.709720 -4.210013 1.179699
33.726810 -2.922990 -10.682069
33.743160 -9.054617 0.954453
33.759030 -6.951222 -9.386477
33.776370 3.717267 17.361757
33.792720 16.346063 18.158161
33.810300 14.434172 4.427739
33.824950 12.043968 -19.307043
33.841800 3.731254 -20.311654
33.857670 4.149790 10.470722
33.874760 -1.629197 8.556769
33.892090 -5.655057 2.501164
33.908200 -2.031365 -8.940222
33.929200 2.087127 -5.519490
33.940920 0.988860 -0.839857
33.956300 -4.576113 4.591056
33.973140 -2.243071 -7.676519
33.989260 1.706735 -5.468666
34.005620 13.055140 -2.774942
34.022710 -9.324275 15.805580
34.038090 -38.665685 29.951720
34.055180 -48.484599 28.685750
34.071530 -19.012049 1.417302
34.087890 19.512058 -33.814952
34.104490 23.803917 -36.124783
34.121090 1.651049 -3.962506
34.138670 -21.309307 21.399563
34.153810 -23.085890 10.815895
34.170170 -3.442729 -0.632970
34.186280 18.319776 -10.178473
34.203130 18.968161 -3.975312
34.218990 6.705909 -4.015716
34.235350 -8.317737 -8.677790
34.250980 -7.975646 -9.153060
34.268550 -1.347060 -15.841186
34.284910 3.996152 0.516792
34.301030 3.937328 17.026849
34.317380 -5.295157 28.009148
34.333500 -5.645795 17.663540
34.350830 1.897914 -2.319158
34.366940 11.299346 -11.698144
34.383300 -9.365028 -11.882555
34.400150 -22.291386 -3.707584
34.415770 -53.549744 17.581012
34.432620 -62.289684 36.065657
34.448970 -37.669200 26.256078
34.464840 -27.637406 19.948284
34.481690 3.079161 -1.237871
34.498050 -3.251702 -2.576916
34.514400 5.181214 -7.802785
34.531490 2.054804 -6.835370
34.547360 -14.130157 4.736414
34.563480 0.416080 2.900855
34.580320 -0.796207 -12.681844
34.596680 -6.550117 -20.977673
34.613770 -13.041985 -21.057270
34.628910 -8.869339 -5.461460
34.646000 3.700595 8.755454
34.663570 2.799028 3.299128
34.680180 6.092531 3.309477
34.695800 7.493564 0.820553
34.712650 3.613417 10.400430
34.729250 4.736632 18.060419
34.745360 15.565243 20.530338
34.761960 -2.661759 1.826609
34.778810 -22.488368 -11.468202
34.794430 -27.856453 -12.462181
34.811040 -1.452611 -0.109539
34.843990 13.997581 6.243872
34.862060 1.536614 -6.222158
34.893800 -4.847551 -8.338331
34.914310 -10.389783 -8.384098
34.927000 3.336536 9.353634
34.942140 17.569473 3.082365
34.958980 32.528767 1.402959
34.992680 28.177557 -0.736130
35.011470 17.044243 17.931418
35.027590 -1.972238 20.045884
35.041750 -10.723139 -3.940792
35.059570 -11.714054 -4.073557
35.091310 -10.801695 -18.905584
35.108400 4.021141 -8.316239
35.140870 -8.603726 -6.529320
35.155030 -11.836463 7.481141
35.189210 -16.512622 15.173607
35.205570 -20.045973 -5.601289
35.237300 -7.617903 -9.246838
35.254640 -0.179648 -2.769862
35.287600 11.072939 10.066384
35.304690 9.786166 9.760832
35.320310 -6.572119 -0.949349
35.337400 -19.720461 -8.856769
35.352780 3.336384 4.438018
35.369380 23.395593 9.475482
35.386230 22.628270 1.791427
35.401860 10.633695 2.872549
35.420650 3.352035 8.850366
35.436040 16.134291 18.174842
35.455320 1.680725 4.262202
35.470210 -9.415988 -9.356635
35.484380 -13.384182 -9.258132
35.500490 -9.386727 -17.719275
35.533690 -4.853788 -22.432484
35.550290 4.002163 -10.361917
35.565670 16.213035 -6.395799
35.582520 11.835934 -13.185955
35.599120 12.532127 -8.159209
35.615720 6.140618 16.031736
35.633300 5.678420 35.882987
35.648440 4.809443 27.604767
35.664790 -4.138562 -1.394382
35.681150 -7.048380 -16.877788
35.696780 -7.867676 -14.445612
35.713870 0.678029 -3.183351
35.729490 8.557303 10.584417
35.746340 4.080456 -0.160812
35.763430 3.944473 -14.727270
35.780030 -1.909217 -25.051981
35.796390 23.629693 2.508111
35.812740 31.451616 19.188203
35.829100 21.864383 15.533328
35.846190 3.358273 -0.052052
35.862060 -16.084505 -13.387944
35.878420 -2.637904 1.996376
35.894530 -6.450729 -9.946970
35.912110 -1.788356 -11.897653
35.927980 1.383807 -11.042837
35.944820 8.321858 5.325292
35.960690 -2.614768 13.788849
35.977290 -16.289737 5.321937
35.993650 -16.744996 -0.206320
36.010010 -5.867103 3.794062
36.025880 9.008421 15.057953
36.043210 -0.823426 12.488620
36.059080 1.146052 9.214869
36.075930 6.824124 6.373565
36.092770 5.157473 0.813701
36.109620 -5.489926 -10.737381
36.124760 -13.937020 -9.505442
36.142090 -7.139261 -17.651584
36.157960 -11.776960 0.627276
36.174320 -15.485894 18.523781
36.190670 -21.638028 21.585758
36.207030 -21.194314 10.383300
36.222900 -17.440301 -9.634944
36.240720 -7.701375 -7.131285
36.256590 3.076666 -9.146302
36.272950 0.764073 -11.671539
36.289550 -7.285640 -0.350876
36.305910 -7.794827 9.294376
36.322270 1.265024 8.646152
36.338130 0.883687 0.871235
36.354980 11.620641 3.498737
36.371830 1.047004 -5.927732
36.387700 -5.408911 -0.337124
36.420170 -12.108915 9.339718
36.436280 -10.825512 1.801304
36.470210 29.621659 20.283492
36.485600 6.382000 -9.557871
36.518800 -9.174948 1.626079
36.535160 -9.227080 8.109756
36.568360 7.264092 7.951829
36.584960 33.643020 22.494620
36.601560 -2.214226 -6.908286
36.617920 -11.183213 -4.941575
36.634030 -17.751303 -14.975684
36.650880 -13.114832 -13.207172
36.666750 3.131596 -1.609279
36.683110 -4.336961 1.851797
36.699460 -9.047775 2.677287
36.715820 -16.609511 -3.282068
36.732180 5.085455 -5.069119
36.749760 17.660804 0.134491
36.767580 11.510367 1.772832
36.782470 -4.911403 15.600924
36.798340 -11.945981 28.843725
36.814700 1.070102 28.646297
36.831300 -1.152706 5.803047
36.845950 -1.273946 -9.854043
36.862300 -10.002178 -1.025006
36.880130 3.660144 5.829463
36.896730 8.774639 2.359633
36.913570 4.575244 -9.654981
36.929690 -4.272769 -9.340190
36.946780 -15.539574 -4.657143
36.962650 -17.836056 7.440312
36.979250 3.150083 -13.820463
36.995360 31.273362 -26.566886
37.012210 35.638128 -27.021309
37.028810 16.255601 -7.635737
37.044680 -3.184296 12.134187
37.062010 0.959712 -0.564166
37.077880 10.757389 12.801587
37.094970 -5.548788 -6.496359
37.110840 -27.783538 -32.529409
37.126950 -15.280170 -18.076957
37.143800 5.131199 -0.706005
37.160160 21.691253 12.979051
37.176760 1.885627 0.221536
37.192870 -7.694532 -3.656784
37.208980 -0.673908 5.056738
37.225590 10.136761 9.239348
37.242190 12.525474 11.013138
37.258540 5.596082 12.105290
37.274900 -6.168631 -4.793783
37.291500 -11.772272 -9.083807
37.307130 -1.738453 3.824377
37.323730 1.610862 17.303635
37.340580 4.905014 0.739273
37.357180 0.674513 -26.005417
37.373290 1.839694 -18.299755
37.390380 7.168900 -0.060795
37.406490 11.291748 17.222667
37.423100 4.925995 5.796904
37.438960 -10.079525 -10.103266
37.455810 -18.797560 -13.973803
37.472170 -7.447065 -12.518981
37.488530 9.776337 6.366548
37.504390 6.359469 24.053954
37.521730 23.288767 6.032592
37.537840 39.137655 -1.454705
37.555660 39.690500 1.660552
37.570560 22.108995 4.605847
37.587160 -2.082212 5.077790
37.603270 2.868324 -3.133023
37.620120 7.717707 15.620912
37.636470 -2.327527 4.234770
37.652340 -13.528516 -20.268017
37.668950 -4.176594 -8.378545
37.685550 4.186914 -4.479343
37.701660 10.206358 1.069001
37.718750 -0.311776 -14.334777
37.734860 -12.809077 -8.452429
37.750730 1.739512 8.353665
37.766600 -31.729353 17.899923
37.784180 -61.962988 18.363239
37.799800 -62.987379 4.303220
37.817140 -34.670704 7.021675
37.833500 42.597243 49.950253
37.852290 -48.980903 -76.013768
37.868160 -131.879067 -202.656629
