0.000000 255.706827 193.680449
0.016360 117.259953 78.905293
0.049560 -47.237396 -47.995787
0.065550 2.098014 5.720610
0.081910 -14.353764 -12.791994
0.098390 -8.257401 -0.865210
0.114620 -42.264713 -71.402412
0.133060 -65.713298 -128.159914
0.148800 -59.337432 -119.322286
0.165280 -32.006484 -62.454575
0.182620 9.978626 12.029352
0.197880 4.138751 -9.168276
0.214720 0.935139 0.271486
0.230470 -1.736298 10.819841
0.246700 -3.567069 9.615499
0.263180 -0.720295 5.850516
0.279540 2.183831 1.391736
0.295650 0.055989 3.703331
0.312380 6.970918 7.494467
0.329100 2.376031 12.324788
0.345210 -1.123483 18.958295
0.361820 -16.051125 -6.431689
0.379150 -27.310291 -36.120342
0.395390 -21.686112 -44.267927
0.413570 -12.192990 -21.165524
0.428710 2.175968 2.325963
0.445800 -0.385117 0.005127
0.459720 0.410938 -2.335414
0.476320 4.169297 -1.366478
0.493040 8.351761 6.520365
0.509280 3.528054 6.943775
0.525760 -4.856283 11.954713
0.541750 -7.053105 15.109200
0.558720 -4.968034 8.983035
0.575320 1.061974 1.134805
0.592160 1.769264 -3.221014
0.609130 6.827413 -1.298240
0.628170 3.118856 0.103089
0.640500 -4.348038 2.885426
0.657230 -6.091775 2.834460
0.673710 11.839034 9.026935
0.690920 25.101570 3.692060
0.706540 32.413863 26.780195
0.723390 27.052234 43.997298
0.740970 15.796559 35.442880
0.756470 3.084454 14.008629
0.772580 -8.797776 -12.304351
0.789790 -0.239947 0.232996
0.806400 5.190816 -0.487375
0.822880 7.513865 -2.185400
0.838990 2.634048 -3.462704
0.854740 1.215764 1.515759
0.871090 -3.053416 5.511338
0.887330 -2.654009 1.255828
0.903930 36.270447 9.698101
0.920170 -87.066464 -47.368901
0.936160 -192.611116 -87.743951
