0.000000 151.138072 207.464928
0.019350 71.401151 92.694322
0.032710 -29.260267 -49.791525
0.047420 -7.099869 -13.477113
0.063420 2.077486 -15.440450
0.079960 1.536614 -9.486729
0.096250 5.296934 3.790802
0.112550 1.672975 7.104042
0.128300 22.487839 10.052065
0.144530 3.637348 -11.078964
0.161070 -23.471043 -26.295012
0.178470 -14.812545 -13.877806
0.195680 7.786624 7.281415
0.211120 36.922262 19.559797
0.227600 2.267607 6.651664
0.243900 -5.496807 2.314173
0.260310 15.359481 8.840868
0.277400 8.112762 -5.508904
0.293880 -0.462239 -8.009126
0.310060 -9.686552 16.480575
0.326660 -2.562559 -31.907998
0.343020 -13.147835 -102.496825
0.358760 -26.438405 -123.663733
0.376590 -22.891026 -74.991101
0.392580 -4.220371 1.464818
0.408330 10.453672 5.492388
0.425480 7.821895 13.112616
0.441890 -4.312879 19.703847
0.457400 -20.720017 6.682971
0.474730 -8.008838 0.256789
0.490540 6.092531 -8.416586
0.507080 7.203983 -6.043461
0.523620 6.982978 -6.502526
0.539430 10.609084 9.280601
0.558350 1.697435 3.854715
0.573360 -21.857087 2.886702
0.604860 -31.464694 -1.257198
0.621460 -10.896205 -0.233799
0.655210 11.192550 9.356352
0.671510 7.688068 -3.404627
0.687930 1.804990 0.279118
0.704350 1.882225 -2.116525
0.721250 -1.897347 -7.897745
0.737000 -5.833759 2.091432
0.753420 -7.882609 -22.795280
0.770320 -11.141439 -54.078063
0.801570 -8.079759 -54.427325
0.818420 -1.067002 -31.831316
0.851320 4.213075 4.051063
0.867860 0.117270 5.227449
0.883910 26.476583 -5.290323
1.326290 40.320098 -12.664194
1.687380 58.592491 -5.827360
1.753300 49.286226 9.240009
2.131350 30.821110 23.252294
2.150020 13.600607 -1.736516
2.164430 -15.350483 -21.741973
2.264710 -4.104916 -8.696597
2.281370 4.636260 12.743062
2.298580 2.596773 12.972861
2.316960 4.561218 4.663971
2.330630 12.265914 -2.474417
2.347600 49.433331 -5.663903
2.363770 -29.463170 -9.355548
2.380190 -107.432335 -8.824801
3.022520 -110.944770 5.825801
3.038700 -54.741782 2.048003
3.055420 29.743030 -1.178305
3.073300 6.195889 2.806839
3.234190 11.131232 10.003062
3.251100 12.351766 -1.937023
3.266780 2.860045 -14.883255
3.284120 -2.979092 -13.498259
3.363890 7.206364 -0.810842
3.380190 31.647559 13.068835
3.462160 23.288919 5.114721
3.478700 5.206997 0.818238
3.495300 -1.420439 -4.135887
3.514160 9.027852 -4.737974
3.530330 11.208957 2.111090
3.546510 -3.953584 -0.166696
3.562810 -0.905349 5.415196
3.578800 2.707843 11.452371
3.595460 6.029435 13.628445
3.612000 5.651919 11.678013
3.627810 1.090933 2.579538
3.644780 -3.390937 -7.414771
3.661130 -5.734673 -12.331073
3.677980 -1.518354 -17.717479
3.693850 2.057677 -9.663487
3.710630 -4.841653 4.870290
3.728330 12.047521 6.654972
3.742800 25.664339 4.366638
3.758910 26.074884 -1.149218
3.775820 12.359289 7.476463
3.792540 -6.884195 10.073070
3.808960 -7.425857 0.053139
3.825260 1.553701 -13.858124
3.841060 8.965059 -11.688716
3.858400 5.596422 -2.490768
3.907040 -3.987003 3.778137
3.924070 -7.124971 1.695876
3.957520 1.513477 -9.633196
3.972600 3.771516 -5.803591
3.990300 7.427558 -4.875276
4.005490 4.621970 0.224820
4.023190 20.765342 8.024933
4.039060 31.127424 15.731250
4.072270 19.529334 15.295026
4.087650 8.474209 3.905161
4.104680 -1.536462 -7.553087
4.121340 5.552304 -10.252592
4.137940 4.102307 -9.744931
4.153750 -0.987688 -10.949745
4.170290 -4.920892 -5.203845
4.187260 -6.860265 4.408199
4.203800 -14.815796 8.644498
4.220950 16.593331 10.008213
4.237920 40.630379 8.008039
4.253230 33.831474 6.428547
4.269650 15.019744 1.922184
4.285830 -7.471789 -4.046432
4.302490 1.545800 -4.213718
4.319210 2.183302 -3.365262
4.335450 -5.734333 1.283827
4.351680 -9.953751 8.305347
4.368470 -13.844931 1.671208
4.384580 -13.952708 -7.122613
4.401060 -10.800448 -11.243009
4.417970 -10.147384 -3.511708
4.450440 -3.990973 7.296301
4.467290 1.560846 5.744852
4.483340 2.211126 6.162096
4.502010 0.971886 6.183503
4.516780 -5.349747 3.713538
4.533020 -5.527088 3.106607
4.549130 -4.877076 0.465731
4.566220 15.875719 -0.098269
4.581970 21.794451 -0.124165
4.598020 12.662058 2.395949
4.614380 1.792438 10.600602
4.647030 -8.746702 12.779968
4.662900 9.825822 1.671113
4.679320 9.225681 -16.202086
4.695430 8.911302 -25.104121
4.711910 3.648916 -19.503142
4.728940 -7.461846 -4.324651
4.745610 -1.838485 1.685078
4.761470 -5.755579 11.264817
4.777590 -63.848857 11.065661
4.793820 -91.259052 6.753382
4.811400 -103.642174 -5.869229
4.827210 -62.718487 -9.940851
4.844120 -18.179529 0.509183
4.860600 -12.955225 2.218148
4.877010 5.213083 2.043372
4.892880 -9.225228 -1.497330
4.909550 -2.091399 5.470344
4.926270 5.520246 9.024809
4.941960 7.303711 7.961918
4.959350 5.519679 12.289442
4.975220 0.135606 9.499157
4.991330 1.104958 1.864792
5.008480 6.615103 0.425280
5.041500 10.736748 3.533730
5.057980 6.472920 1.902644
5.074400 -12.902376 -13.648788
5.090450 -23.708848 -20.487102
5.107420 -13.520161 -16.044826
5.123290 5.611846 1.116470
5.139470 18.191664 15.247607
5.156070 7.134725 18.397687
5.172970 -8.132760 11.522025
5.188900 -2.764399 -4.601664
5.205870 17.351541 -6.570361
5.237980 25.936801 -10.159594
5.254580 22.669398 -9.281098
5.270810 -0.283687 -16.887947
5.287540 -12.911222 -17.539382
5.452270 -6.452317 -5.667164
5.468140 -0.618260 2.914063
5.484190 8.670942 4.674698
5.500430 -3.875706 -2.977221
5.517820 -8.122402 -0.677202
5.583440 -6.202467 2.145823
5.599000 10.586137 -0.164191
5.615720 3.506695 -2.976063
5.633180 -13.424367 -3.055429
5.648740 -21.593196 2.955577
5.665770 -10.809483 14.364807
5.682130 15.578209 23.565805
5.698000 8.150982 22.249007
5.714840 3.873060 8.379372
5.731260 -4.248649 -7.141870
5.747250 7.735059 -9.420122
5.763980 0.401714 -8.665763
5.780330 -14.198430 -4.412736
5.796260 -10.961871 -5.584206
5.812380 -10.575741 0.578461
5.828740 0.640375 16.772153
5.846070 -10.213352 8.082018
5.862730 -7.638544 -9.711474
5.878540 0.692281 -28.040332
5.895390 1.413672 -8.446238
5.911190 7.523808 14.729869
5.927730 5.248695 15.705851
5.944340 9.086600 -0.562346
5.961120 -1.673391 -16.737988
5.977050 -12.290940 -14.190227
5.994140 -14.284546 -10.370446
6.010380 11.717003 -2.845660
6.026120 39.333691 0.067883
6.043820 22.398477 3.422017
6.060180 3.191328 4.166698
6.076110 -5.338254 6.598124
6.093320 13.815936 14.769657
6.108280 15.396717 19.047035
6.125370 -0.041169 18.436363
6.141720 2.789766 3.257495
6.158690 1.040312 -14.004967
6.174560 3.685738 -20.186459
6.191590 -7.511106 -13.385297
6.208010 -13.160159 6.362602
6.223750 -14.176882 13.520776
6.240540 9.739780 19.319920
6.256290 40.059250 14.090497
6.273380 52.555595 3.486214
6.289550 37.739120 -4.548738
6.322270 5.993597 -9.416436
6.338810 3.169174 -4.749268
6.356690 1.012753 -0.087211
6.371890 3.718552 2.376338
6.388550 -5.371107 -2.289765
6.405030 -4.650210 -3.427428
6.421570 2.656239 1.655094
6.438170 8.489406 -2.080775
6.453980 9.776677 -2.307439
6.470090 1.935227 -3.320369
6.487490 4.203019 11.898740
6.502930 4.881688 14.609253
6.519900 5.523459 -0.459612
6.535890 5.529281 -5.888533
6.552670 6.425551 -10.889897
6.569150 25.733664 -3.496421
6.584900 -25.820944 -0.144154
6.601500 -90.660525 2.917796
6.618230 -101.891933 5.930614
6.634400 -56.927680 0.503725
6.651430 12.869638 9.009522
6.667720 12.079390 19.283393
6.684810 13.703168 15.091645
6.700990 8.639527 3.589255
6.716250 1.051465 -8.049742
6.733220 -0.030395 -1.844921
6.766170 -6.695815 -3.048813
6.782410 -5.808468 -1.120723
6.814820 -2.491108 0.531913
6.831540 4.890610 2.079216
6.863950 6.500290 1.871951
6.880860 -1.308499 -1.409599
6.913640 -5.257466 -4.551006
6.930730 13.348269 2.089518
6.963440 34.930552 1.809408
6.979310 37.550865 -1.486721
7.011960 18.794120 -7.428569
7.029170 -1.981349 -13.403419
7.045650 -6.170030 -7.341265
7.061650 -5.472763 -14.563889
7.078310 -3.272268 -11.668231
7.095150 0.671073 -1.994037
7.110900 0.938353 2.516971
7.127870 -3.117230 6.926621
7.160220 -5.647647 3.186399
7.177370 1.402218 1.842794
7.210140 -4.320025 -3.185265
7.225710 17.322622 0.738682
7.259160 33.675336 10.549637
7.277040 38.948346 4.929927
7.293460 21.198473 -3.023437
7.310000 -6.853573 -10.827709
7.326170 -3.739647 -7.886498
7.342960 -7.937274 -5.607669
7.358030 -4.063142 -2.875431
7.373900 -2.360833 3.508897
7.390560 3.050732 5.438351
7.406860 6.697441 3.668078
7.422970 -1.536160 3.066038
7.439580 -3.250341 -0.037001
7.455930 -2.545925 -3.763795
7.472530 4.993401 5.832842
7.489010 32.619858 24.985239
7.505620 39.097594 29.821150
7.521550 44.390926 17.209459
7.538700 29.881410 -15.319362
7.554990 19.844527 -35.743143
7.570560 0.364476 -24.170002
7.588070 -21.091759 0.390618
7.604610 -15.146536 21.628852
7.620670 -2.793206 18.536729
7.636840 -0.528927 2.449868
7.653440 -20.610166 -3.857267
7.671630 0.496490 -0.383199
7.686280 20.373073 10.241984
7.702510 33.001911 20.425981
7.719360 1.393182 7.998281
7.735410 -74.663716 -3.361860
7.751530 -95.924011 -7.855168
7.768430 -82.951485 -5.144681
7.785340 -33.750098 -2.543907
7.802610 -8.298192 -9.896194
7.817810 -6.633022 -8.451815
7.834290 7.138581 -5.950202
7.849910 5.655851 0.861453
7.866880 0.210232 -0.799642
7.882870 -7.954475 -0.552919
7.899230 -1.999609 1.874527
7.914920 -13.783198 7.392017
7.933040 -18.454579 10.014758
7.948610 -15.632305 0.583470
7.966130 -11.195385 1.279928
7.981690 0.218323 -3.443707
7.999390 -2.586376 -1.574688
8.014890 6.336408 -6.409597
8.031070 6.840531 -4.609485
8.047610 2.510426 9.799321
8.064030 -0.539550 10.466705
8.080930 -1.952920 7.904337
8.096740 2.907906 0.953579
8.113530 -3.712579 -1.551934
8.129760 0.436872 2.726457
8.145810 2.231881 0.795862
8.162960 11.036533 8.703426
8.178770 6.721031 6.808482
8.195130 -6.885216 -3.144270
8.211850 -8.879773 -14.351954
8.228270 -9.340455 -24.116160
8.245300 -3.044607 -15.897158
8.261960 0.960053 -8.655225
8.277280 3.925873 6.037128
8.294680 -0.404284 14.560652
8.310970 12.419737 10.148608
8.326480 21.420065 4.149615
8.344180 20.431968 -0.753142
8.360350 11.847086 5.299703
8.376220 1.858030 11.520324
8.392760 6.561458 7.765264
8.409670 1.264797 -2.135521
8.425480 -7.314485 -19.895645
8.441280 -5.332697 -23.765180
8.458010 -9.886838 -6.620003
8.474610 -2.320306 17.245443
8.491580 6.918710 29.700219
8.507510 16.223960 19.315785
8.524410 9.955415 6.584349
8.541140 -1.617402 -4.105124
8.556760 -6.226586 0.209439
8.590150 9.454359 -1.907653
8.606320 22.103854 -8.089673
8.638550 8.830930 -10.841886
8.656310 10.438323 -11.327241
8.672060 10.251987 -4.281246
8.688480 19.317377 -11.099661
8.704770 4.306490 -7.946820
8.721190 -10.455071 -2.728064
8.738100 -7.371040 7.981907
8.753970 -3.104830 7.000978
8.786380 2.858986 0.101199
8.803280 2.940947 5.443786
8.820560 -2.386351 10.716188
8.835750 -8.881814 13.977677
8.852780 -2.507062 5.831188
8.868770 6.147499 2.359444
8.885070 4.583636 7.389016
8.902770 11.647255 -2.521579
8.917910 19.731726 -10.560624
8.934270 22.005458 -9.042931
8.950500 15.301075 6.540354
8.968260 -1.931106 12.634211
8.983400 -4.104387 1.752087
9.000490 -4.110171 -5.519230
9.017030 -5.018125 -7.118384
9.033140 -4.266115 -3.824755
9.050170 -0.276391 -0.932361
9.066160 6.971712 0.202516
9.082580 12.250149 1.725363
9.099610 -0.069372 -0.364438
9.115420 -6.512728 0.630300
9.131840 0.121278 7.743338
9.148380 -1.414542 3.443754
9.164670 0.408972 -3.628832
9.180910 15.399098 1.509687
9.197390 28.899365 11.738405
9.230650 24.295552 14.384560
9.246830 3.749136 -2.341250
9.262940 -7.192452 -18.836099
9.279850 0.753752 -15.669277
9.296080 -5.970687 -15.195746
9.314510 -16.347575 -2.372085
9.329830 -25.545420 7.623073
9.345760 2.374292 12.662186
9.362000 19.685456 -8.397187
9.378540 10.971700 -34.373182
9.395080 -0.611795 -28.046214
9.410770 -5.807409 -8.479010
9.428470 10.953554 10.076402
9.443660 -1.451023 -1.490501
9.460140 -7.190675 -4.429346
9.475830 -3.007634 -2.088218
9.492920 -1.028820 -2.123826
9.510440 5.974845 1.534922
9.525630 7.399847 -0.130521
9.542480 5.196790 1.712392
9.559140 -0.917182 -4.338024
9.575440 -9.381170 -11.457806
9.592100 7.752411 -2.702475
9.608700 21.451062 0.940323
9.625060 17.341258 1.302989
9.641170 12.564865 8.979396
9.657900 3.195184 16.237762
9.674260 6.931450 23.197223
9.690430 1.611807 7.573502
9.707460 -9.083008 -4.597293
9.723080 -8.098396 -7.851529
9.739870 -10.000401 -4.092459
9.755740 -2.639719 4.452053
9.772160 5.933298 5.082138
9.789370 1.022998 2.486869
9.805970 -3.328483 -9.937236
9.821530 -6.855577 -16.839725
9.839230 -2.019569 -3.790565
9.855590 2.492205 1.759860
9.870730 1.221208 1.972607
9.887940 -0.410711 -3.039622
9.904240 -3.015687 -4.966314
9.920410 -10.374548 3.537250
9.937010 9.620508 1.968235
9.953490 34.755103 6.438211
9.971250 35.530561 5.539361
9.985470 14.942966 1.339187
10.018980 -7.856789 -2.427114
10.035830 6.457836 1.304218
10.051450 -31.651414 0.398250
10.069460 -48.975537 -6.041381
10.084840 -101.446941 0.524967
10.100890 -114.312327 -0.446002
10.117800 -68.770169 9.342104
10.134090 -22.866682 11.127376
10.167050 29.619165 4.456589
10.183410 -0.550476 2.422460
10.215880 -8.721033 -2.615760
10.232730 -7.769007 2.559006
10.248780 -4.255341 4.949160
10.264830 -6.509553 7.267475
10.281310 5.240340 2.917300
10.297730 12.876027 -4.893871
10.314270 12.606298 -12.076323
10.347230 6.711693 -10.848643
10.363040 -6.126026 -9.630219
10.380190 -3.399405 -6.749578
10.396300 33.855172 7.144398
10.413270 61.127235 19.042665
10.428890 57.587642 9.692454
10.445740 21.271014 -7.417133
10.462520 -7.381058 -9.634212
10.478390 -2.949302 -8.731164
10.495970 6.429596 -0.726065
10.510930 14.151970 -4.594127
10.527950 7.295356 -0.194506
10.560970 -1.989515 3.027099
10.577210 -3.968933 5.844940
10.593260 6.296411 3.041323
10.610050 5.928270 -10.508384
10.626770 1.173839 -4.634578
10.643620 6.723526 -5.816397
10.659360 13.852567 -6.652397
10.675480 13.674135 -7.633918
10.692630 4.657507 -1.986760
10.708130 -4.945162 8.393950
10.725460 -1.215197 4.842126
10.742310 -0.738630 3.899041
10.758610 -0.683927 7.443549
10.775270 -1.359196 -6.577213
10.792110 -4.401872 -22.208039
10.807920 -8.148865 -28.688183
10.825260 -2.423740 -4.900534
10.840880 8.668296 19.821789
10.857180 14.890381 30.149098
10.872070 2.514547 32.967785
10.889650 -13.901144 7.242359
10.905880 -16.309470 -9.175151
10.922670 -7.923211 -28.342016
10.939450 -1.772969 -28.279482
10.954770 -5.964222 -19.105511
10.971310 -3.318578 -15.478726
10.988590 2.491259 -1.573317
11.004460 3.499360 0.797823
11.020390 8.635822 -0.451271
11.036620 -0.674589 -7.157795
11.054440 5.470192 -0.043381
11.070680 4.678337 7.706597
11.218570 22.980501 10.255877
11.234190 36.509955 3.541952
11.251340 20.170077 -5.373020
11.268070 12.125586 2.481766
11.283690 -3.644795 8.538717
11.300480 3.763010 14.047590
11.316650 -9.137106 5.172302
11.333130 -3.198435 -4.341923
11.349550 16.347348 -10.028769
11.365480 2.349416 1.254836
11.382200 -21.157420 6.971207
11.398990 -15.058114 1.273998
11.414860 20.201944 -4.294762
11.448490 38.175532 -5.167104
11.464600 10.616078 -0.281409
11.481570 -4.543450 -0.697309
11.497010 -81.592492 0.812827
11.513980 -139.245840 2.743800
11.548340 -124.368666 -0.102546
11.564880 -40.955019 1.907889
11.580930 32.594345 4.309576
11.600650 9.234981 -1.395186
11.617550 -0.191973 -5.126393
11.629210 -7.439013 -3.987150
11.645570 -9.254753 -2.623321
11.662170 6.937348 -5.755792
11.678530 23.211162 -9.466409
11.842770 23.465373 -5.223031
11.859130 16.514134 0.427761
11.876160 10.326613 -1.400904
11.891780 0.327994 7.482251
11.908450 -4.135538 10.411204
11.940730 1.177317 10.736365
11.958010 5.446754 -3.411809
11.974060 -1.083750 -11.556096
11.990300 -21.218092 -7.903203
12.007570 -6.427328 2.160095
12.022830 6.772672 7.204507
12.039120 0.185357 7.159780
12.055660 20.815920 9.137300
12.071840 42.693536 10.974625
12.087520 46.916078 12.956534
12.105770 20.777438 2.257465
12.121770 -2.477272 -5.952304
12.138310 7.677142 -11.859542
12.153750 8.511333 -6.711017
12.170840 -2.868626 2.676271
12.187260 -16.861618 2.310203
12.203740 -8.680809 -5.301735
12.236210 11.821077 -25.833711
12.253480 -13.322109 8.107914
12.269350 -42.979770 42.176081
12.285030 -48.233687 47.241317
12.301570 -15.217454 28.476745
12.318540 22.612394 1.553824
12.335450 17.002924 11.525120
12.351560 4.941155 4.833029
12.367550 -8.922189 1.411111
12.384340 -11.809736 1.159402
12.401060 -3.699347 -6.738402
12.417480 1.933790 3.251588
12.433590 1.280108 3.378754
12.450200 6.774675 -1.545318
12.482240 6.431864 -8.807860
12.499080 9.534655 -12.126720
12.515990 15.696835 -6.281771
12.532780 21.941384 -14.200268
12.548830 10.569579 -3.536400
12.565430 -7.089851 -5.181375
12.582520 -10.549770 -8.847460
12.597900 -3.199720 -6.713356
12.614990 7.729426 8.860573
12.630130 12.452891 26.377651
12.647890 3.055306 18.737459
12.663640 -18.985928 1.630521
12.679500 -30.133865 -11.032725
12.696040 -19.636049 -7.701777
12.713810 -3.598220 -0.266122
12.729060 -0.432789 4.717110
12.745730 -1.396660 1.063449
12.762880 -3.776734 -3.899655
12.778260 -5.565233 -6.889667
12.795230 -8.272599 0.283512
12.812320 -6.870888 7.475069
12.827820 -6.517983 6.084077
12.844970 1.980177 -4.898029
12.861330 7.118280 -7.553678
12.877380 2.764739 3.444889
12.893800 1.194972 -0.667255
12.909850 -1.375830 -4.775259
12.926210 0.737156 -2.352828
12.943600 6.125118 -3.211846
12.958920 14.444190 8.861873
12.975400 17.855487 15.762745
12.991820 11.128813 6.700101
13.006410 -4.263242 -12.429528
13.023250 -6.986002 -14.561881
13.039610 -1.136790 2.108845
13.072630 4.867889 5.587680
13.088680 3.400010 -1.513916
13.121700 -3.816315 -12.983257
13.138000 -6.685986 -7.846449
13.154850 7.160054 -7.940818
13.172730 9.803442 -2.063102
13.189450 22.239788 -0.772990
13.205630 30.519028 -18.403995
13.221860 24.107418 -26.686239
13.238160 11.045493 2.051051
13.255310 -10.919719 32.828550
13.271730 -9.334633 43.757278
13.286190 -4.510560 33.399212
13.302860 3.474334 8.408859
13.318540 7.612157 -0.287387
13.335390 -2.309608 -15.537368
13.351680 -3.944813 -13.887516
13.368160 -4.046924 -3.843326
13.384770 17.007309 -12.705802
13.401120 28.263928 -3.612056
13.417180 12.261604 -4.343388
13.434080 8.658505 5.521214
13.467040 8.369680 4.852616
13.483400 7.317434 -10.159429
13.516420 -11.193798 -6.413165
13.534670 -17.404956 -4.940087
13.551030 2.286055 4.991052
13.567930 15.659939 1.210415
13.583130 7.699636 6.193710
13.599430 -0.410636 12.454100
13.615540 -1.242757 10.857645
13.633000 -2.319853 -0.869936
13.649230 -6.538511 -8.124807
13.665040 14.925614 -4.681338
13.681820 35.848876 -2.330358
13.715270 40.366773 1.895485
13.731450 9.653473 5.659012
13.748170 -16.324099 -2.820354
13.764220 -10.870612 -15.173229
13.781250 0.005104 -2.040372
13.797970 14.009905 7.258189
13.813600 11.905682 8.050853
13.830020 13.138800 -7.070089
13.847170 -2.470202 -9.194691
13.863040 -7.252977 1.897281
13.880000 -13.894113 1.229884
13.895630 -53.702165 5.401256
13.912480 -60.277073 8.053593
13.930420 -86.667517 5.190212
13.946110 -65.520765 4.763279
13.962590 -32.187647 7.332900
13.978880 -12.557493 7.079705
13.995420 8.571517 1.233689
14.011410 -18.437266 -10.164627
14.027400 -10.854318 -12.167903
14.044130 -3.268033 -8.569362
14.060790 -4.123629 -1.186598
14.076600 -8.567283 0.258490
14.109860 -8.230485 -6.159001
14.130070 -2.047507 -11.156627
14.141660 0.021776 -1.783465
14.157410 -0.877071 9.708308
14.175780 5.709420 9.308080
14.191160 5.598841 6.663384
14.207150 3.781875 8.748885
14.224850 2.600137 10.601972
14.240660 -0.063247 13.002300
14.257020 -1.405809 6.395468
14.273070 -8.991258 -6.291246
14.290650 -1.188923 -17.532979
14.306030 8.722696 -24.860333
14.323060 -3.365154 -19.032033
14.338440 -3.529037 -8.181112
14.356380 7.166896 9.440206
14.373230 12.648525 18.521324
14.389830 15.354604 9.869613
14.406310 10.065046 0.227230
14.422120 7.088982 -9.392974
14.439090 -2.972892 -5.032401
14.454590 -12.645274 -1.491872
14.470890 -12.587774 -6.222016
14.487490 -3.781535 -5.823675
14.503910 2.734533 -6.454774
14.520080 3.208869 6.383796
14.536800 -1.205822 18.697790
14.553280 -11.817296 19.704296
14.569400 0.933665 10.814572
14.585690 8.954361 -4.985334
14.602660 4.910684 -5.975153
14.619690 0.993737 -10.611990
14.635930 -2.644785 -9.418350
14.651550 1.534837 -5.456332
14.670350 -5.046441 -5.154155
14.685180 -1.837540 -0.326917
14.701230 -12.070620 -8.338047
14.718080 38.136037 8.164242
14.734310 75.487958 18.295337
14.750550 68.141620 14.593281
14.767400 25.950636 7.226103
14.783080 -17.876467 -0.712266
14.799500 1.188016 6.180738
14.815920 8.500974 6.700786
14.833860 3.413090 2.090746
14.848820 -8.744282 -3.028399
14.866150 -4.982891 -9.645813
14.882200 -4.758256 -1.966038
14.898010 -5.762044 9.221674
14.914550 0.032474 2.558628
14.931210 13.194900 -9.091911
14.947200 19.532547 -15.210135
14.964420 14.604097 -3.273562
14.979550 3.898578 12.153466
14.995610 4.492867 14.704588
15.012390 -1.084015 12.817890
15.028750 -8.861022 -3.660753
15.045840 -1.290353 -16.815130
15.062130 -18.288362 -19.471199
15.078130 -24.423242 -6.424507
15.094540 -17.198251 8.171425
15.110470 -10.275502 11.237291
15.127320 1.955679 4.053568
15.143190 -3.325723 -10.487639
15.159360 -2.311649 -5.510818
15.175720 3.261380 4.231250
15.193970 3.114282 15.349652
15.209170 7.651057 8.156681
15.225770 6.515904 1.305825
15.241460 -1.808241 -2.123944
15.258360 4.481828 1.103475
15.274840 5.995411 1.876937
15.292480 3.672204 -5.752767
15.308720 -0.738781 -0.393288
15.324710 4.800597 12.943020
15.341920 2.194227 9.542395
15.355960 12.158173 -7.507155
15.388550 14.669043 -27.345959
15.404850 32.288339 -13.692309
15.421020 47.168810 -5.183289
15.437620 31.143942 -10.639209
15.454100 19.383493 -3.148240
15.487060 -1.093541 5.407517
15.503360 -7.895954 18.471874
15.521670 -12.349346 12.581003
15.537840 -12.508878 9.599763
15.553770 4.364029 -0.351703
15.570740 -12.164486 -11.249270
15.587160 -22.105404 -19.699712
15.603270 -66.236498 -1.318040
15.619690 -92.549558 17.957974
15.637020 -76.577578 22.929947
15.655580 -33.970225 7.744637
15.670720 26.155398 -8.289705
15.686770 18.070583 3.677529
15.703670 6.661035 6.052510
15.736210 -3.092204 1.781527
15.752810 1.398550 -14.615679
15.769170 -9.091628 -4.087568
15.785220 -14.365219 16.036698
15.802060 -13.553126 14.600535
15.818480 -8.644782 6.407211
15.834530 0.802445 -0.286395
15.851500 -8.798040 1.032921
15.868840 -7.615332 4.324580
15.884460 -2.728560 5.561665
15.899840 2.582445 7.873149
15.916200 1.162233 2.374093
15.932500 -12.039696 -9.093164
15.949340 -1.834893 -2.940621
15.965580 10.401956 9.508750
15.981630 14.084151 17.830201
15.998960 8.718991 8.735890
16.014830 0.090278 -0.796807
16.031250 -0.422280 -6.271068
16.047790 2.521692 -3.523924
16.080440 6.482938 -1.991249
16.096440 14.294451 -6.459996
16.130310 9.923848 -7.774361
16.146670 7.427823 -11.184484
16.163510 13.674097 -9.560163
16.179930 19.291748 -9.887145
16.196900 0.244710 -3.017790
16.211490 -19.542375 5.867646
16.227600 -19.224573 8.793423
16.245240 -3.298428 2.269256
16.261290 -0.555844 -1.552076
16.279300 -16.414184 -3.433075
16.295650 -13.825008 5.253393
16.315980 -9.645345 12.348888
16.328190 -2.736801 12.589154
16.344240 -8.761068 2.067024
16.362370 -15.706966 -5.293111
16.378050 -12.484419 -1.978065
16.391850 -9.289003 -5.383228
16.427920 -0.650961 2.744603
16.441710 6.101075 15.366427
16.473630 7.982828 18.077642
16.490230 5.323700 4.021576
16.523620 32.971635 -14.286531
16.538390 56.767675 -23.442527
16.571290 52.884171 -6.876837
16.587650 20.808246 -8.624462
16.621030 -10.593433 -2.018752
16.637150 0.270871 -3.615317
16.670100 8.955419 -5.295119
16.686400 2.051325 -1.232554
16.721250 7.572160 -3.730692
16.737550 24.618784 10.022460
16.770630 33.927515 12.703723
16.786740 26.796141 4.762878
16.819820 0.915519 -6.679120
16.836360 -4.591122 0.200271
16.869260 -0.690807 3.856653
16.886050 0.997820 11.398643
16.902470 -2.432549 3.643221
16.918270 -6.188781 -6.078879
16.934750 -10.128104 -6.591579
16.950990 3.064266 -8.735866
16.968080 15.836555 3.718358
16.984380 10.586931 -6.158930
17.017210 -7.567699 -16.355802
17.033870 -0.080108 -3.321125
17.049620 40.115071 8.582381
17.065730 55.202093 19.449534
17.083190 33.727382 12.984509
17.099610 -0.229815 3.454552
17.115910 -5.545234 4.982168
17.131350 -4.995631 11.954335
17.148740 -4.982929 5.243398
17.165220 1.330351 -8.443474
17.180850 7.697254 -15.338004
17.198060 -36.978425 2.545112
17.214720 -65.777853 29.878863
17.230100 -81.362212 13.368877
17.244450 -55.324018 7.580708
17.261110 -23.027223 0.999488
17.277710 -13.029207 -5.811010
17.310790 10.150295 -21.808172
17.327450 4.290310 -14.311599
17.343380 8.576545 13.117790
17.359860 12.470167 25.971161
17.376460 -8.643345 -0.232712
17.409180 -41.503843 -31.622792
17.426090 -44.214330 -29.905937
17.458310 -30.447779 -19.704532
17.475220 6.244770 2.829333
17.508790 -8.410055 15.425920
17.524480 -15.081628 20.195248
17.557500 -9.175251 10.167132
17.573790 -0.128196 1.584304
17.590270 3.798660 -15.785285
17.606870 -18.093491 -21.215776
17.623170 -8.551216 3.270089
17.639470 19.207638 42.362679
17.655820 38.203387 63.597140
17.671940 36.724783 40.293067
17.688600 -3.155602 -9.153508
17.705020 -25.708565 -19.313139
17.721560 -13.000249 -14.682993
17.754580 12.142711 -0.513224
17.770940 10.597251 6.518025
17.787050 -12.685610 6.074768
17.803770 -7.689467 1.944749
17.819760 0.827169 10.375266
17.853270 0.237263 19.113425
17.869750 -16.440910 1.731554
17.886290 -8.093293 -22.159536
17.902220 0.358314 -47.935822
17.918700 -11.825802 -25.569441
17.935300 -3.591037 -1.243022
17.951480 11.788377 11.425365
17.968260 15.797429 1.440646
17.986450 11.223285 -19.224139
18.002810 -2.608038 -21.608038
18.019100 11.975656 -7.616362
18.035710 12.797925 6.947579
18.051760 0.995816 7.359836
18.068050 0.526923 8.048041
18.101750 -3.022681 6.056314
18.118100 3.395624 -0.877520
18.150330 -8.258422 -0.267209
18.166440 -11.728571 5.738165
18.200010 -11.276588 6.380630
18.216310 -11.902771 5.483811
18.248900 -5.009127 1.889223
18.265750 -1.521076 0.084635
18.297490 9.243487 2.656825
18.315670 5.447321 1.527573
18.348020 -5.258562 4.731287
18.364750 -3.013116 -8.137590
18.396970 4.334239 -8.587248
18.413700 10.928187 -4.509043
18.446470 6.123568 -6.644056
18.463560 -4.785097 -19.845037
18.495670 4.242260 32.571978
18.513120 7.689845 30.525520
18.545470 -5.497525 22.633633
18.808170 -0.609980 -8.311915
18.841740 -2.567512 -35.647969
19.086430 3.820474 -2.673081
19.105160 -7.627619 -19.722299
19.137150 -18.165580 5.079444
19.153630 8.647806 3.915415
19.186220 3.437739 -0.272832
19.202640 9.378524 -1.916561
19.235720 5.585156 -6.345353
19.251710 7.815960 -9.757052
19.267760 4.090928 -2.697654
19.285160 -16.486387 -2.738767
19.300960 -4.682080 -5.308162
19.316830 0.507076 -1.271564
19.332640 5.060239 6.914429
19.350040 -5.731989 10.398114
19.366030 -11.460617 6.467651
19.382200 -3.756017 1.012507
19.399840 0.049562 3.387922
19.416380 7.141719 0.616880
19.433040 5.503763 -7.251219
19.449830 -3.143202 -5.450732
19.466310 -8.302010 4.585078
19.482180 -5.759851 16.945904
19.498900 7.700581 7.667209
19.515010 9.306318 -5.671110
19.530700 -1.655699 -12.049199
19.547970 -9.775278 -9.569000
19.563840 -10.957259 -0.193939
19.579960 -4.372913 -1.381482
19.596980 -4.320327 -1.658685
19.612790 4.758369 -2.608672
19.629210 9.606407 -2.357672
19.646300 12.237901 5.789934
19.661680 5.692861 6.554790
19.677980 1.784273 5.858313
19.694700 -7.602517 -0.624275
19.711300 3.557580 0.773935
19.727970 18.148191 13.877924
19.744630 14.005633 10.037629
19.777590 -1.893982 3.543299
19.794250 -11.152780 -24.584343
19.809880 7.415876 -22.792138
19.827030 13.189532 -5.830408
19.843080 6.474621 -0.147273
19.859250 -7.052992 8.251594
19.876280 -4.139016 3.875366
19.893130 -14.654603 5.861526
19.908870 -25.294124 -4.235999
19.925420 -18.680902 -6.698991
19.942200 -2.871689 4.673470
19.973940 14.922552 11.570886
19.990910 6.609394 12.479760
20.007750 2.763983 6.721319
20.025630 11.597732 1.631891
20.041320 6.584065 -9.641324
20.072390 -1.064054 -14.259478
20.090030 -23.730432 -2.310416
20.105960 4.251976 14.114053
20.121950 36.919352 23.502536
20.138240 38.412691 9.086524
20.155210 17.254312 -7.562727
20.171750 -14.822638 -15.243236
20.188230 -7.018098 -5.338760
20.205570 -8.422304 -4.862233
20.222470 -13.493775 -2.514680
20.238220 -9.632794 2.904541
20.270390 2.486042 6.276620
20.286440 2.307528 4.543280
20.304440 -5.670821 1.104325
20.320310 -11.895928 9.901440
20.336730 -8.167767 1.083556
20.355770 -3.293438 -14.975921
20.369630 -6.733998 -27.754168
20.384400 -5.450156 -19.157489
20.400760 2.604522 0.496377
20.417540 8.004528 9.387516
20.434810 11.763464 22.742028
20.450810 4.889892 15.268871
20.467410 -4.194967 0.623637
20.484070 -0.034176 -12.743464
20.500490 -5.619898 -19.166963
20.516240 -13.777376 -10.005472
20.533200 -7.805526 -11.373834
20.549990 1.093806 0.054722
20.565060 10.528675 10.617306
20.582460 1.853833 15.697724
20.598570 5.035704 8.909671
20.614750 20.863702 1.395068
20.631590 6.012574 -1.146147
20.647340 -9.553368 -1.666152
20.664060 -16.288300 -0.983421
20.679990 -5.307179 2.901493
20.697330 19.454523 7.426348
20.714290 23.922838 8.219082
20.730710 26.846604 6.033773
20.746400 16.328182 -3.848359
20.763310 5.398704 -10.035148
20.778690 -1.533438 -14.310820
20.795230 -15.182373 -9.880104
20.812560 -12.244819 5.955683
20.829100 6.088183 16.597858
20.861880 14.999973 12.214519
20.877620 5.860260 -11.478858
20.910460 -12.602933 -21.271250
20.926760 -20.977711 -5.392088
20.959840 -4.926487 15.853377
20.975770 -3.748569 14.704871
21.008730 -7.222242 -0.762712
21.027100 -3.989234 -4.658584
21.043520 7.157370 1.456359
21.059450 20.146564 9.665991
21.075990 4.317529 6.050266
21.092590 -1.927250 -7.757089
21.109250 -6.893948 -17.620185
21.127380 33.630736 -12.061840
21.141910 52.738814 2.328846
21.158750 36.148179 8.981145
21.174870 10.619140 11.698971
21.191530 -7.057415 11.288066
21.207090 16.693811 8.677860
21.225650 15.089037 7.525939
21.240050 5.204010 3.059847
21.255680 7.632609 4.711392
21.272520 -26.595463 -2.883559
21.289550 -49.342566 -7.320260
21.305730 -45.435222 -7.505359
21.322270 -6.480556 -2.151187
21.338560 31.896758 9.449043
21.355160 19.134491 19.118340
21.371890 2.489369 0.472300
21.387940 -14.259785 -21.591878
21.404050 -8.711166 -28.625130
21.420720 -4.981455 -9.650421
21.437070 4.624201 3.181839
21.455080 7.191280 -5.508621
21.469180 -4.223585 -13.026140
21.485350 -3.053681 -1.695946
21.502140 -5.859768 19.497164
21.518920 31.951640 25.261654
21.535710 60.596301 13.645291
21.551330 50.150263 -6.041689
21.568540 23.414380 -0.907504
21.583980 -10.535102 1.575326
21.600400 -2.862578 5.385449
21.617370 3.091788 -2.789189
21.633360 0.000340 -12.149355
21.650330 -8.621494 -12.934821
21.667790 -4.128317 -14.358712
21.683230 2.440715 1.154180
21.699340 10.436206 16.616523
21.716130 10.832128 13.268721
21.749270 6.249760 4.074337
21.765260 8.538779 -13.910718
21.781310 6.846050 -9.302339
21.798100 2.790862 2.036875
21.815060 6.943586 -0.231058
21.830990 9.385328 7.866556
21.847470 16.190542 9.293715
21.863830 -3.997702 12.145504
21.880620 -23.798360 -0.383908
21.896610 -24.074494 -19.209726
21.913150 3.697873 0.935409
21.929630 -1.379988 15.783796
21.946290 -13.841491 15.834429
21.961850 -62.232338 7.446904
21.979000 -81.467781 -8.922572
21.995730 -55.275580 -22.484414
22.011290 -17.653319 18.196484
22.028630 21.165661 25.897947
22.044980 -2.731622 11.031827
22.060910 -20.060376 -3.278312
22.077640 -33.096894 2.947756
22.091250 -20.820721 31.351263
22.108280 -0.806679 10.779604
22.140630 6.132604 -8.784043
22.157900 -4.992796 -4.552589
22.191830 -14.502747 4.709266
22.208310 -10.722647 -14.696933
22.227170 2.655710 -11.907364
22.239260 -1.090820 -22.952226
22.256160 8.358944 27.898490
22.273130 6.265449 39.157280
22.289120 -5.349558 8.553603
22.306150 -7.422568 -38.826749
22.322270 16.092935 -14.853367
22.338560 44.886434 68.017008
22.357970 19.111809 20.331264
22.373840 -20.207879 -31.969986
22.389710 -38.037281 -68.064482
22.403870 -17.074636 -5.266270
22.439760 2.673403 29.575059
22.453060 9.557186 0.481279
22.486330 -10.168289 -2.641325
22.502560 -21.883586 -9.169859
22.535580 -11.611001 6.510654
22.551640 9.059456 16.415436
22.584960 24.895634 14.433987
22.600950 10.321396 -1.894185
22.634160 2.251804 -13.512270
22.650760 10.178610 -7.188700
22.667180 18.087329 3.606693
22.683590 12.819132 2.174082
22.700200 12.008810 -3.530942
22.716860 -2.107957 -3.003518
22.732970 -7.651549 1.818623
22.749270 -9.775391 -13.282448
22.765750 4.657129 -15.161912
22.781680 21.229961 -7.788538
22.800420 20.001669 8.839001
22.816100 10.496164 14.098341
22.832520 6.274598 2.372841
22.849670 -14.357242 -10.938475
22.866090 3.619201 -6.686090
22.882870 25.521265 2.338580
22.898930 54.531518 26.586779
22.915710 55.661568 42.844689
22.932680 25.483579 32.063676
22.948000 6.654344 16.669376
22.965210 -17.675547 -29.843286
22.980830 -7.016624 -49.574084
22.995240 0.203806 -24.515475
23.012450 19.060587 7.631508
23.028380 5.249338 10.190594
23.045230 -16.743900 -2.804713
23.077820 -31.994464 -4.313711
23.094850 -21.823369 6.095962
23.110170 0.847394 -3.170474
23.126650 0.751975 -19.323487
23.143490 -4.429847 21.072556
23.159610 -0.817945 29.529370
23.175540 7.774791 0.329587
23.192380 10.129238 -38.065244
23.224790 3.763275 -50.777424
23.242370 -5.488036 -16.390368
23.276370 -9.224245 -5.730959
23.293400 -1.032525 0.051887
23.310120 3.878995 13.179079
23.323490 2.143569 14.214657
23.340390 -4.954538 27.778549
23.357300 -0.482011 5.556396
23.373720 10.810844 -31.387761
23.389950 9.328887 -7.546590
23.406190 2.540859 16.340468
23.422730 -5.483348 38.797813
23.439210 -3.869053 5.119044
23.455570 1.162384 2.126708
23.471980 -3.349162 32.172060
23.488460 11.838920 32.950374
23.504940 58.804096 -20.469997
23.522890 71.522235 -58.844809
23.587040 51.220145 -58.201389
23.619510 12.582519 -39.758576
23.636470 -21.229924 14.719071
23.652770 -20.112164 34.016100
23.668760 -20.764321 47.225233
23.687740 -2.908737 19.234180
23.704100 2.462566 -13.247976
23.721070 -14.094925 -11.038773
23.737120 -10.914691 -11.711162
23.753360 -3.641279 4.449288
23.770140 14.065400 15.212734
23.786190 -15.728212 28.515419
23.802430 -76.691092 16.096592
23.818540 -97.646459 -10.372195
23.835450 -78.398215 11.989942
23.849670 -17.218702 8.136857
23.866090 4.091609 -8.079749
23.882870 17.440604 -0.972032
23.899110 -0.339033 -3.878390
23.915410 -28.912179 20.074660
23.932010 -5.047197 11.322515
23.966670 32.167916 15.974607
23.980900 29.288767 16.225665
23.997190 -17.694334 -26.453086
24.013610 -33.277337 -28.495810
24.030520 -12.041662 -11.755676
24.062990 -0.399975 12.779637
24.080020 -5.726583 26.156192
24.113650 -6.470349 27.500724
24.129390 -7.470844 22.128869
24.162170 -1.440741 7.827594
24.178590 -6.985511 0.150888
24.211610 -12.573106 1.598008
24.228090 -10.974875 -13.331900
24.243770 -2.174040 -23.905634
24.260440 4.937752 -28.368995
24.277220 -16.200900 -10.691969
24.293760 -2.804169 2.990452
24.309810 27.038059 4.049008
24.326720 25.833720 -2.032692
24.343140 15.366966 13.431583
24.359440 -0.376196 10.404305
24.375730 1.739890 -9.258982
24.408390 16.073920 -29.608487
24.427310 27.487683 -25.861896
24.459660 32.022321 19.730261
24.473750 10.134946 8.734165
24.506960 -18.348128 -11.105332
24.523380 -9.835273 -15.913862
24.539980 -1.743595 12.849125
24.556340 -0.674891 44.387227
24.572390 0.555617 23.294466
24.589230 11.880467 -16.338814
24.604920 17.154740 -6.601668
24.621340 5.310506 -2.333075
24.654540 -8.801480 0.239375
24.670470 -7.516852 -0.604546
24.703740 -3.933056 4.051748
24.720520 -14.398561 19.509332
24.753050 -17.272117 -10.155483
24.769350 -16.032488 -18.445625
24.802550 11.527152 -1.180738
24.818660 20.011536 7.548480
24.851500 17.644548 -4.715386
24.870540 -14.188261 -22.032027
24.886960 -48.732109 -5.383346
24.903020 -43.276432 12.713670
24.917050 -24.521334 4.292564
24.933530 -0.107630 1.213510
24.949950 -10.458208 -3.695132
24.966980 4.419300 8.634244
24.983280 21.011506 14.484620
24.999690 26.636967 14.179807
25.015930 10.125798 6.692564
25.032780 -6.911301 -3.614537
25.049440 -1.862415 -1.482680
25.065670 4.011047 -3.573354
25.098510 0.904442 16.719560
25.115360 13.545225 30.197857
25.147520 22.071081 19.550205
25.164310 1.700875 -11.104670
25.198430 -16.890045 -29.044366
25.215330 -38.483215 -27.226088
25.232120 17.790995 42.027984
25.247800 -47.824517 -74.551663
25.265200 -121.197684 -183.343697
