0.000000 242.823527 178.865189
0.018430 111.901122 93.881998
0.032960 -49.201053 -14.740974
0.049440 -4.778481 13.132557
0.066280 -8.878790 9.497101
0.082640 -5.499340 -2.330381
0.098630 5.341241 -7.210556
0.117430 -0.275635 -6.286071
0.133670 6.870207 -1.923886
0.149290 13.654175 3.196370
0.164310 13.324869 -7.186125
0.180420 -1.540129 -12.160058
0.197140 -17.642847 -4.929100
0.213750 -13.277841 3.814382
0.230590 -5.356287 2.960374
0.246580 -5.398553 -10.274448
0.262940 9.665117 -5.225559
0.279300 25.101948 -6.194750
0.295780 23.653054 -6.477008
0.311770 10.383243 -12.601936
0.328130 -4.559328 -2.033236
0.345090 -2.255811 16.935390
0.361330 -2.255396 4.731878
0.377930 1.333904 29.924788
0.394170 34.118274 93.210453
0.411010 -53.485737 -49.051060
0.675540 -133.902329 -200.085020
0.709350 -137.719877 -228.956512
0.724980 -63.488100 -98.602239
0.740970 21.988031 42.421563
0.759160 -0.537168 -5.423206
0.775880 4.549574 -5.602376
0.791260 7.866429 1.125354
0.805790 -5.886572 -6.642166
0.822510 -10.635396 8.093052
0.838620 -5.039296 21.259248
0.855470 4.120189 9.170757
0.871950 12.207923 -7.276879
0.888180 5.110784 -23.939583
0.904660 1.631957 -5.505738
0.920410 -3.918728 12.447745
0.953250 5.228243 11.173899
0.970460 6.032951 7.546330
0.986570 2.157254 -1.640468
1.004270 -5.164958 -7.112004
1.019290 -12.433838 -4.389273
1.035640 -13.076537 -1.706508
1.052250 -0.052435 -1.127528
1.070310 4.369700 -4.696082
1.084840 -1.825291 -8.264329
1.103150 -7.308134 -3.053326
1.118290 2.986577 4.495197
1.134400 21.816980 2.996501
1.150760 9.766697 0.141248
1.167720 -14.688399 -5.558665
1.183720 -2.642327 -4.788230
1.265010 20.867520 3.590389
1.298580 35.812630 12.250338
1.315310 15.826651 8.045513
1.331540 -13.039225 -3.929498
1.347900 -11.410300 -2.429997
1.379640 -1.108777 1.023565
1.397460 5.898858 4.700854
1.429930 2.275886 -9.253170
1.447390 3.093224 0.109185
1.479370 4.999374 4.963856
1.496220 0.432373 5.771315
1.528560 -0.344742 4.721529
1.545780 -4.453891 -6.000954
1.577270 -2.797705 4.074289
1.593630 0.211480 2.887623
1.627320 0.317938 4.057466
1.643800 6.964265 -0.851435
1.660030 -5.915530 -7.029827
1.676510 -9.322611 -9.159557
1.693240 -5.098838 -0.824995
1.709590 1.056833 7.623640
1.791140 10.973363 21.521709
1.808110 2.947411 21.278739
1.824100 -8.578057 13.201407
1.841060 -4.796590 1.521619
1.857420 4.296397 -4.370040
1.873780 16.833795 6.238981
1.890380 3.309467 7.840330
1.922240 -7.772712 10.624158
1.939330 -1.231340 5.073962
1.971920 -21.388992 -0.068757
1.989010 -16.106506 -4.906630
2.021480 -22.143659 -10.921085
2.038330 -3.169779 -1.820820
2.070560 19.431615 9.376884
2.087520 -6.448120 3.181201
2.104130 -5.139705 -7.034647
2.119380 -13.584352 -18.365933
2.136350 -5.780228 -21.451634
2.152950 0.205393 -20.779002
2.169070 -8.343708 -19.959435
2.185790 -2.174153 -11.000520
2.203000 4.543790 5.345777
2.218380 7.645765 21.486152
2.234620 6.626860 20.967420
2.251100 6.386083 6.770583
2.267820 -11.211414 4.901243
2.284300 -10.616607 7.468098
2.316410 -3.451235 10.873877
2.333250 11.339418 2.898138
2.349610 10.684201 -0.999890
2.365840 -5.681747 5.990983
2.382320 -8.977043 -1.963935
2.414310 -2.044521 -7.530901
2.431150 -5.914736 -2.149013
2.463990 -1.809791 7.721104
2.480960 7.589928 20.797832
2.513060 12.329499 -4.034500
2.529790 8.341932 -21.428552
2.562870 -2.139108 -4.858665
2.579220 8.859056 10.021491
2.611940 2.532882 13.427803
2.628300 -7.179977 7.035049
2.661500 -10.782680 8.584720
2.677610 -0.942625 8.649649
2.710450 2.537570 -11.093424
2.727290 -2.228365 -26.123093
2.743530 -5.928384 -22.993736
2.759770 33.849541 -24.011570
2.808960 57.685117 -9.984845
2.827880 54.170647 14.050898
2.844600 24.901909 21.900786
2.859990 -1.222191 9.121753
2.877320 1.941125 -6.053762
2.893430 3.899410 -25.363856
2.909910 1.649990 -18.932566
2.924320 -2.040929 -15.074563
2.973390 -1.502627 -0.309669
3.006470 -9.142172 1.958666
3.022710 -2.441168 -4.657639
3.055420 6.122208 5.965536
3.071780 3.477471 0.311464
3.105100 32.587617 -3.780358
3.121950 12.186715 19.247056
3.154540 -28.129779 39.719719
3.171260 -19.745788 16.283362
3.203610 -3.650012 -30.650939
3.221560 35.341280 -39.826864
3.272340 2.342876 -5.995213
3.303960 -10.244011 13.054209
3.319460 10.526671 0.975435
3.370000 -21.957337 1.688149
3.402470 -19.216975 0.927304
3.420170 -14.213476 -10.577471
3.449710 -38.839877 -4.772589
3.466550 -59.328781 6.538251
3.499020 -62.429382 17.669210
3.515750 -4.555321 4.990910
3.548460 14.532611 -8.710325
3.565060 -11.806825 -2.379457
3.597660 -11.924319 10.149718
3.614500 -9.133893 9.495731
3.630860 13.864475 11.363816
3.646850 26.741597 12.257923
3.663330 11.512862 16.802537
3.679810 -0.673228 8.320728
3.695920 2.328661 -2.521839
3.713010 4.202225 -3.638921
3.745480 -2.279402 1.739776
3.762210 -11.141401 2.233861
3.795040 -0.717119 -2.926161
3.811520 2.609513 2.026904
3.843870 4.231259 5.363593
3.860470 -0.205772 7.765642
3.893430 6.234789 -9.871905
3.910030 5.579221 -15.021095
3.942870 1.592224 -6.564809
3.959110 8.040669 4.097988
3.992190 4.243130 4.659080
4.009400 -2.259516 -15.371696
4.026250 -7.124896 -25.283342
4.042110 -18.868930 -25.808858
4.059330 -21.372208 -9.403040
4.156860 -11.093995 7.356363
4.172850 -1.567727 10.244228
4.189580 11.574520 6.412575
4.206050 4.466782 4.304236
4.222530 0.093378 6.865425
4.238530 -3.073301 11.435785
4.255370 6.196645 2.779029
4.271730 14.648819 2.553311
4.287960 16.019295 8.478679
4.305660 4.127712 10.271542
4.320800 2.953876 7.107184
4.337160 11.314468 -8.168637
4.354250 1.530262 -12.613655
4.386840 -7.443133 -6.856848
4.403200 -20.515359 -1.929131
4.435910 1.131119 14.330123
4.452390 14.100709 10.376093
4.485720 11.731293 -7.363900
4.504270 3.383451 -17.141769
4.518070 -14.186673 -20.584158
4.534420 -10.095441 -9.353256
4.551270 -8.723566 -8.614940
4.567500 1.443916 5.313006
4.583860 12.035349 27.011268
4.600830 7.674610 32.471721
4.616580 -2.319626 7.526530
4.632810 11.100989 -11.310938
4.649780 22.653673 -3.698416
4.682250 25.428012 8.142552
4.698970 5.639292 3.620090
4.731450 -6.406422 -19.303145
4.748170 -10.092114 -12.910060
4.780640 -17.298012 1.746014
4.797730 2.640172 16.580020
4.830200 9.989665 10.956148
4.847050 24.107002 -4.205165
4.879390 -4.545378 -3.243082
4.896000 -10.267298 -11.347655
4.928960 8.239747 -5.037930
4.945430 23.130533 -0.279236
4.978150 24.690567 3.521041
4.994870 7.937388 5.372926
5.027340 6.209423 -3.208538
5.044310 -2.106067 2.256402
5.076780 9.342837 -1.153259
5.093260 12.521240 2.337942
5.125980 20.608880 0.454130
5.142330 4.870649 -5.158172
5.175170 -11.766035 -0.285686
5.192020 2.803678 4.864430
5.224610 5.032680 8.013025
5.242680 7.567472 -0.777267
5.275390 -4.159997 -7.731217
5.290530 -0.374343 -6.597698
5.323240 5.401653 -7.454607
5.339970 -5.789641 -12.521273
5.373050 -12.708973 6.028835
5.392820 -23.043099 18.347315
5.421260 -9.918064 11.247451
5.437870 7.591591 -5.727698
5.471190 6.410958 -11.026393
5.487550 -8.475456 3.259078
5.520510 -12.975375 -0.038750
5.536870 -2.592047 -1.568261
5.570920 15.654458 -3.378801
5.586180 11.635347 4.320303
5.618650 3.741575 1.198932
5.635620 0.463600 -11.064078
5.667850 -7.254414 -0.936330
5.684810 -7.046376 -0.689607
5.717530 16.339712 5.858148
5.734010 32.632029 -9.269237
5.766850 24.402527 -10.580967
5.783200 3.417929 10.840515
5.815670 -7.454588 13.956956
5.832520 8.555601 5.406241
5.865360 0.201840 -3.185217
5.881960 -7.956895 -1.764184
5.914550 -4.376505 -0.805998
5.931400 3.261682 -0.144816
5.963990 12.284400 -7.505099
5.980710 -3.563137 0.831965
6.013310 4.207934 -0.196112
6.032100 -1.188242 1.260317
6.062620 -10.591921 -0.497653
6.079100 -10.267336 -7.676259
6.111820 -5.580166 -1.953633
6.128540 8.104899 1.495888
6.161130 0.249814 6.538534
6.177490 -6.717024 3.134205
6.210210 -10.327974 0.005245
6.226930 -3.561096 -34.948345
6.243530 12.260961 28.159092
6.259400 38.882925 40.808468
6.308840 39.668278 9.379483
6.654050 18.739722 -27.429590
6.670410 -5.031772 -41.839212
6.686770 -4.690813 23.465775
6.703000 9.496737 5.284912
6.720090 2.011441 4.606107
6.736210 -0.088728 11.327855
6.752200 0.135833 14.283790
6.768680 4.935371 16.434125
6.785160 0.707592 9.507143
6.801030 -1.464822 1.076421
6.817870 -14.179491 -19.166348
6.834230 -21.305564 -25.119997
6.850340 -13.892109 -23.822850
6.867310 -9.335313 -19.010958
6.884280 4.433212 2.722889
6.900020 -9.236153 0.884632
6.917110 -5.303625 5.372288
6.949710 -2.142624 4.559229
6.965940 1.290618 7.048469
6.982790 11.487420 10.352017
6.998900 7.793353 -1.233523
7.017330 -1.543796 5.282880
7.031860 -3.410482 8.193351
7.048220 0.586579 0.239139
7.064580 6.378900 -7.980773
7.097660 0.972642 6.126064
7.113890 -5.061562 14.926068
7.146480 -1.025266 19.061613
7.163570 -1.662314 -1.498842
7.195920 3.822742 -16.793228
7.212650 -10.135400 -15.109933
7.228760 -9.180090 -12.836508
7.245120 -2.260235 -2.370171
7.261720 -1.261168 0.254639
7.278200 -4.150697 0.965440
7.294680 -14.344313 -3.278879
7.311280 -5.148211 9.483657
7.327640 7.718878 14.815210
7.343630 -0.442883 2.776477
7.360600 -3.908937 -1.506568
7.393310 10.656566 -2.533416
7.409790 26.848040 6.260388
7.442140 29.797687 0.583233
7.458010 8.424761 -10.935710
7.490970 -3.105095 2.145374
7.508420 -5.351864 4.364157
7.540770 -5.867178 -0.273518
7.557860 -1.749076 -3.381731
7.573730 -1.334774 -14.750732
7.590090 -0.836318 -23.192522
7.606690 1.713615 -23.563372
7.623050 7.625124 -13.751589
7.674930 2.971833 8.705741
7.688110 -8.736155 20.118983
7.704830 -1.102085 12.263782
7.721310 0.107592 -5.760092
7.737920 9.170336 -4.691309
7.836550 7.449409 18.261078
7.853270 10.029019 20.719205
7.869380 10.978164 3.561351
7.885990 -8.302955 -11.325350
7.902830 -2.452547 0.864525
7.935420 -6.959501 2.450931
7.952030 -0.500460 -5.375171
7.984620 -4.739467 1.214266
8.001100 3.334381 13.314203
8.033810 3.899901 14.345102
8.050420 -4.030441 -0.058078
8.082890 10.755575 -4.208236
8.099490 19.350605 -6.896070
8.131710 25.592859 -4.041730
8.148320 0.976536 -4.030885
8.180790 -0.243538 0.605349
8.197750 23.481930 0.384853
8.230470 -70.344346 1.960036
8.246950 -148.968783 9.655760
8.280270 -146.549493 -2.054005
8.296880 -63.412473 5.449929
8.329470 22.051424 8.924013
8.345950 -1.564324 8.053901
8.378540 -1.356474 -0.639326
8.395390 -0.505526 -12.075071
8.411380 -0.392830 -4.883947
8.429570 6.371604 -7.802218
8.444460 1.628593 -16.091323
8.460690 -3.331810 -20.334690
8.476930 -5.148627 -10.747447
8.493530 1.759813 -2.784700
8.526000 2.986388 5.000598
8.543460 3.573684 -1.505670
8.575070 1.977644 -6.467415
8.591670 3.344815 0.255915
8.608030 10.924785 11.668515
8.624270 13.635991 21.590744
8.640990 5.618727 20.713227
8.657350 -11.032904 8.842262
8.673710 6.680958 4.530001
8.690190 35.208390 1.374346
8.722900 42.014189 -1.825617
8.739500 26.518087 -2.598724
8.756350 0.117649 -11.044491
8.772950 -4.617283 -11.559829
8.789060 0.267280 6.362980
8.805420 2.040929 23.500150
8.821900 4.893899 27.803307
8.838380 6.016998 5.981579
8.855100 -0.524806 -17.296547
8.871700 -4.156557 -17.486789
8.888670 -9.237590 -23.281637
8.904790 -6.193620 -12.714969
8.921020 5.319087 1.285599
8.937870 0.614215 11.303212
8.954350 -3.647252 14.964485
8.970340 9.634382 -0.842362
8.987430 28.572103 -0.642752
9.019040 43.299976 3.055075
9.035640 30.228020 3.990552
9.068480 5.016310 -1.730987
9.085210 0.406061 -9.457738
9.101440 1.727452 -16.598638
9.117550 2.375653 -23.604669
9.133910 9.268514 -25.938913
9.150760 6.449443 -12.085018
9.167240 -5.856631 12.762153
9.183470 13.846897 17.027959
9.201780 23.755381 12.944154
9.216430 24.434544 2.443725
9.232670 7.401170 -6.353836
9.265500 -0.437817 -8.822225
9.282230 16.852545 -4.945639
9.315060 0.244597 6.578891
9.331300 -10.134417 4.117056
9.364010 4.644275 1.981916
9.380490 3.041772 4.946537
9.413450 -64.033239 11.920028
9.430050 -114.308744 13.737390
9.462650 -100.564478 -2.385458
9.479490 -29.997224 -1.062338
9.511840 26.114839 -1.933975
9.529910 15.892503 3.415614
9.561400 12.305683 14.144508
9.578370 0.977367 5.148650
9.611080 -2.655710 -0.304730
9.627690 -6.308470 -2.778722
9.643800 5.797013 -6.473700
9.660160 29.040468 -3.116838
9.677000 5.769491 -6.190875
9.693480 -3.501440 -3.836403
9.710080 -6.342986 -0.308322
9.727660 19.109579 -5.817791
9.744260 26.426838 -1.418790
9.759400 5.945660 7.661680
9.774780 -2.027017 11.384537
9.790890 -3.369426 17.995044
9.807500 9.830963 19.096698
9.823970 5.757583 8.335614
9.840450 -5.840980 -5.593988
9.856690 -17.973430 -11.467422
9.873780 -6.659977 -3.992986
9.890010 -1.395526 0.827949
9.906370 -8.993337 -7.214147
9.922850 -1.597782 -8.526643
9.955570 -0.663134 -3.558610
9.971800 -1.028404 3.744703
10.004640 2.698845 3.822770
10.022220 9.563613 -3.601896
10.053830 10.629120 3.394230
10.070680 -4.237535 7.626711
10.103390 -5.462820 9.699070
10.119510 -3.800324 4.815662
10.152710 25.013949 1.974237
10.169070 42.663076 2.577979
10.201900 42.222121 1.544987
10.218630 15.136140 -1.173815
10.251220 -13.703811 -2.987073
10.267940 -5.142540 -2.006962
10.301150 0.500233 3.173805
10.317630 -2.062251 4.148198
10.350590 -5.954507 -2.448994
10.366940 2.570574 -8.885217
10.401370 0.600076 -9.500692
10.416140 2.727804 3.049333
10.448610 -3.384699 9.663888
10.465580 -13.179060 12.570843
10.498170 7.534431 -2.355214
10.515500 17.358723 -17.418815
10.547000 23.590116 -11.353184
10.566530 13.849127 2.222661
10.599120 -2.990433 14.438784
10.612670 10.597856 6.696628
10.645750 5.765635 1.895556
10.662350 -4.741471 -21.506281
10.695070 15.987918 56.238938
10.711430 -51.674518 59.414384
10.744140 -102.678972 15.553221
11.008060 -101.438112 -38.402865
11.025390 -50.738712 -67.233288
11.039920 14.168717 0.659694
11.056760 -7.007286 -9.454123
11.072750 -2.888058 -1.329004
11.089480 2.098317 4.142621
11.105830 -0.322210 -1.812740
11.122310 -3.747473 -7.011043
11.138550 1.127830 -0.321530
11.155270 7.055600 3.938594
11.187870 10.556574 7.339493
11.204350 5.046176 3.361057
11.237180 -0.612891 0.378993
11.253910 4.595583 2.410362
11.286250 -3.614060 0.629639
11.303340 -6.597108 -1.017634
11.335820 -3.695340 -2.276061
11.352420 3.731670 -2.552201
11.385130 12.331049 0.390193
11.401610 -2.135517 0.649392
11.434330 -17.449223 -2.038812
11.450810 5.900030 -5.807419
11.467530 35.134083 -11.485261
11.483640 44.530071 -15.088810
11.500000 19.471119 -15.568130
11.516720 -5.174939 -9.295227
11.532710 8.999877 3.950290
11.549440 16.225850 11.091226
11.582280 9.817165 7.636281
11.599000 -2.175439 -6.873789
11.631470 -13.843192 -7.315014
11.648070 -5.118836 -10.025154
11.680540 9.692563 -16.685348
11.697510 13.898574 -15.767919
11.746830 0.807813 -5.219392
11.779420 2.827570 13.302697
11.795900 2.094423 13.567109
11.828740 -7.278306 6.965961
11.845090 -3.178436 13.204313
11.861210 4.150282 18.069302
11.877440 24.349191 19.133980
11.894040 2.021989 13.115782
11.910280 -17.948708 4.693790
11.926510 -16.151189 -4.610596
11.943850 -7.784129 -4.528867
11.975830 -1.400970 -0.103231
11.992800 9.063199 -8.812892
12.008790 17.695468 -21.986548
12.025270 13.282188 -38.160651
12.042110 12.336947 -24.980656
12.058840 0.689635 -13.136078
12.074580 6.963471 -4.882836
12.173220 4.754400 0.279921
12.222780 7.232979 4.691096
12.239260 14.183952 12.068361
12.272090 10.908718 3.210358
12.288330 13.780552 -1.947088
12.321040 -0.121656 -8.315128
12.337650 -17.515566 -2.956050
12.370240 -26.842446 6.466848
12.386840 -15.661603 14.791819
12.403440 12.838715 25.658319
12.419680 18.845115 29.263244
12.436400 28.738304 18.247210
12.452760 30.588123 -1.014704
12.468750 22.287077 -12.978673
12.485110 14.908111 -20.374051
12.501950 0.876050 -13.142693
12.518310 2.336449 -8.888028
12.534790 -7.363290 -2.426098
12.567630 3.219114 6.591839
12.583980 16.990941 4.962392
12.616940 22.558490 7.260977
12.633180 34.119256 2.285465
12.666140 -11.405915 -4.309624
12.682740 -91.422978 1.254954
12.715330 -136.480470 6.411275
12.731570 -95.457331 2.260868
12.764530 -6.555447 1.280259
12.781250 20.685542 2.826167
12.814090 -0.937408 5.813822
12.830570 -7.004640 5.711584
12.863040 -2.483623 -0.072467
12.879760 1.634225 2.706869
12.911990 -6.411185 6.222016
12.929200 -5.177018 9.144577
12.961670 7.695062 9.769882
12.977910 12.090845 0.804959
13.010860 9.520251 -2.846062
13.030030 -4.351780 -1.295783
13.060790 -11.173686 3.306311
13.077640 -14.338454 -4.813158
13.110470 1.429286 -8.550035
13.126950 26.106107 -13.986585
13.159670 22.606270 -9.979269
13.176390 9.297358 -3.137158
13.208740 4.247062 -6.019219
13.225950 2.986577 0.186543
13.258670 -2.938792 4.482509
13.273930 -10.572906 10.842665
13.306640 14.103355 8.519508
13.323490 31.495423 5.175846
13.356320 27.665151 3.580607
13.373050 14.376711 0.533048
13.405760 2.585620 -3.301963
13.422360 2.215776 1.643043
13.438230 -4.457482 5.812475
13.454960 -8.612308 7.791208
13.471190 2.910023 3.652082
13.488040 12.909332 1.639995
13.504150 5.971632 3.666779
13.520510 -3.972297 -0.238170
13.553590 -12.958401 1.231420
13.569950 -10.302002 -8.334739
13.602420 10.716561 -2.534220
13.619260 4.080834 6.289592
13.652100 19.170743 4.777102
13.668820 19.103720 3.139970
13.701420 11.588357 -5.570620
13.718020 2.717710 -0.944742
13.750610 -18.179189 0.380718
13.767330 4.872880 7.169160
13.799680 11.003379 5.989022
13.816530 8.201224 0.614895
13.849370 5.446451 -9.115208
13.866090 7.564939 -18.462801
13.899900 13.235539 -9.137513
13.917110 7.738461 3.850935
13.947270 -3.756546 12.132367
13.963750 0.649562 11.941198
13.996580 1.765899 5.818713
14.013310 3.731217 7.644999
14.046390 0.148459 -0.544932
14.062740 -10.482857 -11.286412
14.095340 -1.026929 -11.491876
14.111690 5.454844 -7.162308
14.144410 8.578397 0.702673
14.161010 4.746650 -0.621133
14.193970 -6.898069 6.530997
14.210570 8.599681 -0.141792
14.243160 3.560944 3.749051
14.259640 10.515897 0.678431
14.292360 11.555694 5.148934
14.309200 7.213396 -2.193410
14.341670 12.920824 -22.661677
14.358400 22.402749 23.052658
14.391110 -54.280635 29.800455
14.407710 -127.480681 18.308213
14.687620 -118.226938 -13.258679
14.703980 -40.310272 -20.315269
14.735960 37.062405 11.739468
14.752200 -6.250856 -6.644127
14.768920 -22.183388 -20.736452
14.785520 -18.998705 -21.141992
14.802610 -8.968840 -5.919982
14.835330 3.886027 10.797395
14.852050 6.040550 14.491165
14.868650 13.188549 8.346648
14.884890 6.737022 2.157897
14.902830 0.006540 -0.321931
14.933720 -4.353935 -4.260076
14.950560 -4.491431 -4.445177
14.966920 -9.491369 1.086037
14.983030 -10.343360 -0.730058
15.001100 -0.617844 6.024228
15.031980 7.868395 13.786487
15.048460 4.069342 12.749985
15.064940 1.255573 3.910288
15.081050 0.774734 -3.043828
15.097780 -4.336734 -2.476591
15.130620 -5.363886 4.219719
15.147090 -7.507590 2.241517
15.179690 6.713659 2.940196
15.196170 6.897956 3.001841
15.228760 -3.542344 -8.952886
15.245480 11.544353 -13.956319
15.262080 26.476923 -21.063861
15.278440 33.023341 -24.005357
15.294800 12.475951 -24.022107
15.311650 -24.885239 -22.912227
15.327270 -15.283610 -9.217705
15.344480 4.492452 1.919113
15.377080 16.438756 11.432359
15.393430 5.953561 2.878054
15.426390 -16.428889 -4.674297
15.442750 -5.189569 -1.117013
15.459470 7.349000 14.435429
15.475460 8.943208 35.132080
15.492070 3.585631 31.206828
15.508300 -4.309250 17.679180
15.524900 -6.390809 -2.474417
15.541020 -4.624843 -1.910607
15.557860 4.251976 5.991928
15.574100 11.451696 9.482074
15.590580 -2.361778 1.341361
15.607060 -12.538251 -16.948573
15.623290 -9.079493 -24.514058
15.640010 -8.468349 -13.387424
15.656130 6.686288 4.003406
15.672730 14.039543 13.842719
15.689090 13.403235 13.005443
15.705690 9.793537 14.480722
15.721920 2.700320 17.966267
15.738280 7.830137 7.507817
15.755000 3.293174 1.223174
15.771000 -5.124280 2.397012
15.788820 -1.100082 -3.953929
15.804200 -3.855367 -12.312549
15.820430 -5.569618 -19.041200
15.836910 -11.585181 -8.442600
15.853640 -11.452074 5.985265
15.869750 -3.876500 4.970756
15.886350 -4.301198 10.319316
15.902830 -7.068643 3.197551
15.919070 -15.167630 -6.980421
15.935420 -5.286538 -12.240604
15.952150 4.992834 -8.111080
15.968260 4.370418 4.519534
15.984740 4.145367 0.810960
16.001460 -3.495051 -9.136662
16.017700 -6.862760 -18.199248
16.033940 -4.551238 -3.719965
16.050170 3.079426 8.186098
16.066410 8.817698 11.969031
16.083250 12.425067 5.205782
16.099610 13.607261 2.294349
16.116090 17.477310 9.220918
16.132570 2.257777 2.526541
16.165280 -13.205939 -3.610308
16.181880 -8.445175 -11.960053
16.198000 -9.190637 -10.314213
16.216190 -9.391717 -8.184515
16.231810 -7.319551 1.558054
16.248170 10.186511 9.778978
16.264400 22.453856 14.885736
16.281010 18.911874 4.838392
16.297490 11.066588 -2.315590
16.313960 1.017138 -2.964792
16.329710 -1.898178 -2.587643
16.362670 -4.878777 -2.713911
16.379030 0.586504 -4.429346
16.396730 6.743260 2.228828
16.412110 4.703893 0.805975
16.428710 2.809122 -7.669336
16.444950 -5.444523 -19.594504
16.461060 -13.785806 -19.333576
16.477910 -12.422270 5.861432
16.510500 6.919391 11.077806
16.528930 33.730519 1.499952
16.559810 40.333969 -9.529306
16.577760 22.126044 -0.287316
16.593630 -4.341384 20.243871
16.609990 -13.017185 13.667146
16.626830 -11.800436 14.192850
16.643800 1.093541 5.336090
16.658200 16.327199 7.889972
16.674680 6.967365 0.536143
16.707760 -6.805562 -8.176670
16.725460 -19.789449 -13.994831
16.741090 -12.258958 -21.496264
16.757080 -2.841180 -20.157116
16.773800 -5.026253 -18.260110
16.790040 -2.021989 -9.983782
16.806400 1.381122 -4.287295
16.822880 9.360037 -0.049099
16.857300 9.826729 -1.104963
16.872310 -2.054728 0.930589
16.904790 -14.345107 5.040293
16.921390 -6.566524 10.151207
16.937990 14.587577 21.306358
16.954100 20.655717 31.065606
16.970580 11.253641 30.830645
16.987300 2.022027 23.836577
17.003660 1.128549 11.555623
17.019900 10.720152 -4.444043
17.036620 7.878942 -18.038399
17.052610 -0.406137 -27.400816
17.069090 -0.068805 -13.822164
17.085570 5.336591 2.225639
17.102050 14.741777 10.223578
17.118410 5.409440 11.650227
17.134890 -3.643245 6.782113
17.151250 -1.807863 5.073324
17.167850 1.436242 -4.800021
17.184200 -5.833419 -12.219434
17.200560 -12.585506 -11.858290
17.216920 -16.500979 -10.504698
17.233150 -10.512192 0.800729
17.249760 -2.916638 11.048201
17.266110 4.046621 10.801554
17.282230 8.803560 -4.846402
17.299070 4.743890 -20.713133
17.315430 -3.102676 -14.240931
17.331910 -11.081671 1.615611
17.348140 -9.431034 13.929242
17.364500 -2.514963 12.397371
17.381470 10.405736 6.323427
17.397220 5.805141 5.119470
17.413820 2.957468 6.207225
17.446530 0.738933 5.864173
17.463130 -1.169038 -3.337712
17.479610 19.790281 -14.376928
17.495730 27.822056 -18.958153
17.512700 33.554122 -12.311344
17.528930 20.767307 -1.436771
17.545290 0.736551 4.328762
17.561890 -1.289786 6.911972
17.594850 -11.278478 -4.562608
17.611330 -8.175744 -12.294073
17.643920 5.712973 -13.505583
17.660280 15.488881 -7.678905
17.693120 9.507285 3.417669
17.709470 -5.842303 5.536643
17.742550 -20.985461 9.976079
17.758910 12.578777 4.486809
17.775510 37.836743 0.906086
17.791630 36.381489 3.048010
17.810790 7.742242 13.168187
17.826540 -16.037251 18.493091
17.842160 1.495368 11.015571
17.857670 9.070646 2.882402
17.890140 11.766526 -0.795507
17.906740 7.419354 -3.050940
17.939820 -1.642013 -9.961454
17.956300 -6.390090 -2.585989
17.989010 -15.338689 4.950129
18.005370 -16.395698 7.461435
18.037960 -8.397542 -0.225884
18.054570 -4.119698 -7.467531
18.087040 0.276353 -7.427719
18.104130 -5.465127 -9.052311
18.136350 0.788495 -13.839104
18.153320 4.324372 27.348440
18.186040 8.877580 24.978081
18.202760 12.116324 -3.260638
18.498660 10.604170 -28.040190
18.531010 7.871230 -24.098819
18.547610 -0.647596 17.412672
18.580440 -1.707226 12.627974
18.596560 -3.179948 2.675893
18.629390 -8.000634 -1.047642
18.647950 -11.576789 3.544339
18.680050 2.081229 -10.399886
18.696900 -0.875181 -9.590903
18.730100 -8.782654 -9.115610
18.744630 -15.118750 0.720985
18.777830 -12.513150 7.494349
18.794070 5.026631 -2.481246
18.826780 3.866293 -3.455356
18.843380 15.068623 -10.987667
18.876100 3.447681 -5.401941
18.894900 -4.931628 5.802055
18.927730 -6.862306 5.904411
18.941770 3.161122 5.715553
18.958620 21.153602 5.884233
18.975100 16.235754 5.817200
18.993900 13.500466 4.926028
19.010010 -2.200768 -0.833359
19.025760 -10.830426 0.627678
19.040530 -6.762086 1.662158
19.057250 7.159562 3.905397
19.073240 9.509666 5.251455
19.090210 -0.397858 -1.591204
19.122800 -9.249989 -4.240016
19.139280 -4.851180 -3.397751
19.171750 -1.036418 3.662100
19.187740 -3.421558 -2.402281
19.221070 -5.175695 -6.582057
19.237550 -1.666586 -3.038913
19.270260 1.812173 0.674745
19.286990 -4.024883 3.018050
19.319580 2.470089 -0.390713
19.336060 2.254829 3.656997
19.368410 0.578338 6.716712
19.385250 -2.752339 2.701837
19.418580 -8.503394 1.901250
19.435550 -3.955323 7.192150
19.467900 0.642417 0.410158
19.486690 5.808014 -9.357698
19.516720 8.223302 -17.225714
19.533200 7.381285 -12.725034
19.550170 2.136424 -6.718507
19.566410 6.196720 -2.035055
19.582890 4.847626 6.507606
19.615970 1.089270 13.167006
19.633060 -0.515393 11.139710
19.648930 -7.361249 3.522955
19.665040 -3.822780 -2.347677
19.682010 1.803818 -8.275836
19.698240 5.319428 -9.987869
19.714360 8.888543 -11.661450
19.730710 8.540744 -7.027393
19.747920 -47.958136 -1.058511
19.763670 -73.173112 5.410234
19.782590 -99.644328 3.007748
19.796630 -80.619633 -0.761483
19.813840 -38.370324 -0.488296
19.829710 -23.054024 10.937364
19.845700 13.779758 19.134902
19.862300 2.666749 12.827860
19.878780 3.265803 -4.425873
19.895390 -1.100498 -12.341185
19.911130 -8.311575 -6.454112
19.927980 -6.483543 -10.351048
19.944580 -2.545207 -11.468674
19.961300 4.067073 -10.558710
19.977540 1.234515 5.468241
19.993650 -5.962748 18.983953
20.009890 -9.030801 18.400168
20.026370 1.507088 16.218176
20.042970 7.677483 8.081427
20.059080 6.040512 0.297996
20.076050 -2.105273 -3.934318
20.108760 -2.299098 -5.130575
20.125240 3.085096 -3.089217
20.157960 -5.643110 4.855428
20.174320 0.712129 3.283344
20.207520 3.370976 -0.111949
20.224240 4.716936 3.106607
20.256350 -9.657367 1.295239
20.272580 -7.564901 9.540812
20.305420 10.662237 7.928461
20.322140 14.129742 8.570709
20.354610 13.406940 2.238870
20.371460 2.249120 -7.086652
20.404420 1.905323 -3.254022
20.423100 6.958556 -0.789081
20.455810 -11.822702 1.836037
20.470210 -20.986821 5.739040
20.502930 -24.440479 9.960131
20.519170 -7.432548 -5.881256
20.536990 7.729048 -27.543461
20.552730 -4.821843 -37.786274
20.569580 -7.461431 -15.696519
20.591060 -3.989234 7.682118
20.602050 8.005700 16.814610
20.619750 13.600418 22.447392
20.635380 14.869325 18.168793
20.651490 10.917829 11.445330
20.669190 -6.781253 -25.845783
20.684810 7.863442 20.843950
20.700930 -2.272672 64.255423
20.716670 -4.389623 14.315356
20.734990 -1.450116 -51.860461
21.046140 -10.491514 -78.598114
21.063230 2.650304 -11.794992
21.094240 -12.246104 13.035709
21.110960 -4.005112 -1.122094
21.129880 3.361335 9.021028
21.143800 1.987360 18.973888
21.160400 4.530521 6.160418
21.176640 6.992316 -1.307597
21.192750 -0.768874 9.416389
21.209720 -1.067721 8.998346
21.242070 -7.672568 2.612145
21.258420 4.296737 -8.589162
21.291140 17.465326 -5.332640
21.307740 10.850689 4.019567
21.340700 7.463850 3.199654
21.357060 3.118024 5.102103
21.390260 3.948783 -0.659032
21.406740 3.152275 -9.038418
21.439450 3.777603 -14.576435
21.455810 1.711990 -5.631604
21.472530 -11.246874 1.070892
21.488530 -24.189786 -0.388799
21.505130 -13.315682 -4.541910
21.521730 4.397259 0.084801
21.537960 4.877000 12.365309
21.555910 20.007793 20.468957
21.570800 28.448651 4.446429
21.587280 21.989468 -6.262632
21.604000 6.591059 -3.890511
21.636350 -7.476099 -3.161708
21.652830 3.479967 -7.343178
21.685790 4.282863 -15.199668
21.702150 1.943128 -7.024227
21.734740 -6.947555 5.833315
21.751460 -13.627032 3.585617
21.784180 -9.085541 8.976845
21.801150 5.612716 17.146282
21.833500 7.448048 13.519500
21.850460 -2.466346 3.846445
21.885380 8.784582 -14.192873
21.899410 16.973703 -13.973448
21.932370 23.605652 -6.580497
21.948970 9.956851 2.645956
21.981570 2.130186 2.531006
22.000120 8.790517 -2.196009
22.030880 6.555296 -2.166876
22.047360 6.306694 3.810720
22.079830 -0.464621 2.340660
22.096800 -4.426218 5.317400
22.113280 -0.151559 -8.017207
22.129150 4.057320 -22.327279
22.146240 7.916104 -21.538483
22.162480 0.930376 -7.464082
22.178710 2.982494 11.903631
22.195310 7.735210 4.930092
22.227660 3.300054 -1.095866
22.244630 -3.354682 -5.743056
22.277220 -14.443434 -3.361387
22.293700 2.960832 -4.821002
22.326900 16.223506 -4.903440
22.342900 14.661407 4.797067
22.358520 2.454513 9.269709
22.374880 -5.885249 16.161377
22.392460 -6.126253 8.189004
22.408690 0.132884 2.355781
22.425170 7.218235 6.383867
22.443360 6.184585 8.097305
22.474240 7.475116 -1.634585
22.491700 2.412172 -11.807609
22.523560 11.917628 -5.698849
22.540530 -7.516209 1.178517
22.572140 -28.223634 10.908893
22.588990 -26.183256 4.792223
22.621700 -8.082103 3.290244
22.638060 15.396150 1.944347
22.671020 9.356597 -4.306032
22.687620 -1.692558 -0.344260
22.720340 -7.287606 -3.823455
22.736820 -1.128586 -1.721961
22.769650 6.696912 -0.076626
22.786010 1.442026 2.096252
22.818730 -2.331723 1.457540
22.835450 10.068676 -4.048110
22.868040 16.229554 3.868230
22.884640 11.048328 6.090787
22.917240 -4.619475 7.211997
22.934200 -3.250001 3.465067
22.966800 2.241483 -0.451058
22.983030 -1.244723 1.142744
23.016110 -4.123100 -4.794279
23.032710 -9.535335 -6.682688
23.065190 -4.400927 -6.065411
23.081670 4.369435 -2.680028
23.114500 9.165421 0.992021
23.131350 8.231014 2.481648
23.163820 -2.334975 2.410551
23.180420 -12.569061 -1.868573
23.213260 -10.877076 13.133290
23.229610 5.010791 12.238714
23.262450 27.920523 -3.207121
23.559080 26.770665 -23.328983
23.575810 15.975746 -19.353658
23.607540 -2.412248 7.858618
23.623900 -3.569904 10.128666
23.656860 -1.768168 3.108946
23.673100 -3.331054 -2.575663
23.705930 0.365459 -0.281457
23.722900 0.535505 -6.613954
23.739010 5.683713 -15.045242
23.755000 0.033230 -20.598003
23.771970 3.405945 -25.783815
23.788210 0.286976 -23.365437
23.805660 -3.580830 -7.481921
23.821040 -4.227176 5.608850
23.837520 -1.038460 14.556777
23.853760 4.845396 13.620270
23.870240 -0.834805 28.734959
23.886840 -2.484001 26.621885
23.903080 8.926007 20.055051
23.919430 4.304184 2.261600
23.952270 -5.175279 -12.776164
23.968870 -9.817619 -17.449884
23.985600 -2.108033 -16.349186
24.001710 6.396441 1.459265
24.018190 7.300459 3.702031
24.034910 17.911585 -1.253111
24.051030 22.566844 -10.683133
24.067750 15.767716 -5.048917
24.084110 9.016133 -4.321154
24.100100 1.165824 8.232077
24.117070 1.043677 1.774061
24.149660 0.390032 -5.248431
24.166260 -2.546379 5.296702
24.182500 -2.632385 5.667802
24.198730 -8.597640 4.313404
24.215450 -4.140868 -4.481398
24.248170 -0.494146 -0.911403
24.264770 0.076782 5.812900
24.281130 7.489444 -0.861406
24.297240 10.579862 -6.326664
24.313960 -0.705286 -5.560578
24.346800 -11.538002 -12.710645
24.363040 -15.508085 -9.240198
24.379760 -10.640877 -1.037978
24.396000 -5.713767 7.074224
24.412480 15.786390 10.220553
24.444950 31.869733 10.445605
24.461910 27.766680 3.215485
24.494380 -2.170637 -7.628578
24.510990 -25.378986 -6.187968
24.543820 -6.064631 8.700000
24.560420 14.364538 8.413821
24.592900 12.424878 -6.342872
24.609620 -5.774708 -5.201529
24.643190 -2.870592 0.777267
24.659670 10.503649 8.229643
24.692380 2.613104 4.150679
24.708980 -9.744316 -6.498958
24.742680 -15.327537 -8.515798
24.757810 -5.580884 -12.739282
24.791020 -2.217364 -11.785163
24.807620 -2.244772 1.769193
24.841920 1.765597 8.515491
24.856690 -4.347924 18.418029
24.873170 5.837615 11.631727
24.889400 12.932543 5.747924
24.906130 8.932888 -2.591210
24.922360 -12.199530 0.854128
24.938840 -4.978770 10.828749
24.955810 20.459752 13.572330
24.987790 26.796330 11.287428
25.004520 10.683520 -6.893424
25.037230 -16.384546 -2.909007
25.054080 -19.814890 9.145617
25.086180 0.399370 12.403940
25.102660 4.434270 0.781449
25.135250 1.029462 -14.652183
25.152100 -8.012467 -9.490391
25.168330 -4.994875 -2.529282
25.184570 15.439321 -9.792375
25.201290 11.102539 -12.956841
25.217530 6.908843 -18.343204
25.234010 5.111162 -21.006710
25.250490 -3.542307 -9.699542
25.266850 -2.225038 -2.478576
25.282960 4.772697 8.916807
25.299800 9.444757 6.767228
25.316410 -43.312674 15.350691
25.332520 -74.178436 25.536319
25.349120 -97.912536 30.790862
25.365480 -83.103110 28.105228
25.381840 -46.030978 16.443694
25.398440 -26.771043 -9.718208
25.414550 7.437198 -23.175984
25.431150 -10.223861 -6.496760
25.447270 -4.811636 -8.129391
25.463750 3.564838 -3.881297
25.479860 8.800762 -7.257386
25.496950 3.869998 17.288443
25.512820 6.463166 23.888789
25.529420 0.916350 6.548080
25.546140 -8.610758 -1.029117
25.578860 -11.977017 -11.440416
25.595340 -7.756267 -0.242541
25.628170 6.561874 -4.377081
25.644780 -2.022027 11.006026
25.677120 -4.938017 10.465547
25.694090 -4.143401 -2.171601
25.726680 2.717786 -9.715207
25.743160 10.967617 -16.945951
25.775880 0.960393 4.794185
25.792480 -0.830496 13.648221
25.825200 0.748459 4.419800
25.842040 5.958022 -7.758861
25.874390 6.090716 -7.343391
25.891240 -4.111192 -5.884965
25.923950 -11.201623 5.631273
25.940430 -9.882982 4.216293
25.973270 3.920694 1.883151
25.989870 21.607749 -1.699325
26.022340 23.745552 -13.235572
26.039310 2.748974 -6.403194
26.071530 -11.792346 4.395487
26.088130 -8.015038 2.328916
26.120730 -0.812576 2.150336
26.137330 9.155101 -9.505843
26.170410 -4.034940 -10.315394
26.187010 0.768156 8.073393
26.219730 1.825707 5.193732
26.236330 -4.779956 8.621816
26.268920 -3.544159 -0.559629
26.285160 -7.833804 -0.551265
26.318120 6.035597 -1.448585
26.334840 -2.124591 -13.433308
26.350950 -11.018766 -11.784336
26.367550 -13.643060 -13.097731
26.383910 -5.047499 -15.718090
26.400510 2.946618 -7.567217
26.416500 0.254653 7.182179
26.433470 8.321858 16.987936
26.449830 24.102051 8.355674
26.465940 34.454094 -5.756501
26.482670 16.049197 -6.056952
26.499020 1.145485 9.542253
26.515010 5.864154 24.784236
26.531620 3.803386 18.596716
26.547850 -2.410887 0.950720
26.564090 -10.413108 -15.071515
26.580810 -0.122034 -1.202570
26.597290 13.449015 20.049097
26.613650 14.395234 23.788381
26.630490 5.868879 13.353897
26.647090 -8.598509 -13.929714
26.663330 -16.323381 -28.926127
26.680180 -4.442171 -31.773202
26.696780 2.263108 -12.693350
26.712890 -4.010896 11.405518
26.729370 1.738982 13.768625
26.745480 9.071780 11.163786
26.762080 13.842965 4.140353
26.777710 10.262988 8.829763
26.794070 -1.063411 4.854767
26.810550 -6.890244 -7.180501
26.827390 -3.991956 -9.046357
26.859990 -3.454751 -7.404516
26.876710 -4.219313 -3.280178
26.909670 -2.968204 6.060449
26.925780 -0.849814 7.531515
26.958500 13.691978 11.340685
26.974980 17.511332 -1.454374
27.008060 12.490165 -6.061607
27.024410 -3.733296 -4.468120
27.057130 -0.549871 -2.971030
27.073490 11.702638 8.971103
27.106450 22.421990 4.271559
27.122800 13.165678 -2.610798
27.155880 -15.236318 -11.719479
27.172120 -13.283852 -3.662809
27.204710 -3.906177 6.184353
27.221310 15.322434 1.256962
27.254520 4.924067 0.408575
27.270750 0.826715 -6.067207
27.303960 -2.656958 1.148202
27.319950 -0.375402 -5.585270
27.352540 2.358451 5.760777
27.369510 -1.455825 16.818485
27.402100 8.149508 15.756743
27.418820 2.065427 -20.842698
27.435300 -5.400934 -60.391915
27.747680 -7.618961 -51.238343
27.765630 -11.540232 -0.730152
27.780520 -4.562201 42.157894
27.798220 7.084747 34.643070
27.813350 2.930815 16.314597
27.829710 -4.115842 1.112902
27.845950 -13.047277 6.495721
27.862550 1.669233 6.644434
27.880250 7.587924 13.383502
27.896360 9.649164 0.314796
27.913820 5.483386 -0.810393
27.944580 3.540114 1.375669
27.961300 -4.727332 -0.749386
27.977660 -13.863644 -9.468039
27.994140 -5.606705 -23.900743
28.010500 0.109256 -6.672055
28.026860 2.920457 8.609647
28.043090 -10.440781 14.698681
28.059940 12.225048 4.701303
28.076540 23.115677 -1.634159
28.092650 16.896963 -0.957643
28.109250 3.712768 4.881112
28.125730 -5.680726 0.790333
28.141970 3.283874 -13.038592
28.158570 7.776190 -18.487231
28.175050 13.642002 -6.755083
28.191280 6.076124 -5.495933
28.207520 -0.996950 -3.354299
28.240230 -12.350027 3.308579
28.256840 5.133051 3.730834
28.289310 15.601004 5.227095
28.306400 15.662623 -9.465889
28.322510 21.004248 -3.747822
28.338990 15.450699 -1.576129
28.355350 8.511786 1.311992
28.372070 -7.074956 6.966008
28.388430 -6.114306 1.527904
28.405030 1.511398 -1.699774
28.437740 4.212886 -6.369312
28.456910 7.437652 1.961478
28.486940 -0.894235 9.124541
28.503540 -7.370246 -1.872211
28.536250 4.176631 -3.784398
28.552860 21.668874 -6.988455
28.585330 32.147581 0.919413
28.601810 5.892999 2.280597
28.618290 -10.427209 -5.844065
28.634160 -6.858412 -5.824572
28.650880 5.918328 -4.633491
28.668210 7.453416 -7.491041
28.683590 4.090815 -4.806211
28.700070 -0.200063 0.299745
28.733150 -6.718422 3.074450
28.749630 -7.233016 7.776818
28.782350 5.538619 0.401251
28.798830 22.950298 1.504867
28.831540 18.292332 5.395727
28.847900 9.182169 4.482651
28.864990 -4.230806 2.537008
28.880620 -2.050191 -0.642303
28.897090 -8.605201 0.878418
28.913570 -10.081000 4.707659
28.929930 -3.946855 0.179974
28.946530 15.499201 2.248298
28.962650 -8.453719 -3.820100
28.979490 -16.351053 -21.129990
28.995360 -88.091216 -6.692233
29.012210 -124.455814 17.207498
29.028690 -89.248878 26.189952
29.044920 -42.372457 14.215673
29.078000 23.684958 3.237601
29.094240 1.049839 4.943064
29.111330 2.229273 9.604158
29.127930 7.367903 12.445217
29.144290 0.552782 9.338111
29.161010 -0.748006 8.612412
29.176880 -6.856144 0.844134
29.194700 -8.921773 11.572871
29.225710 -7.880454 15.116052
29.242310 -10.417947 0.997881
29.259030 1.034679 -14.471484
29.275150 2.785872 -30.050562
29.291630 5.632714 -14.501325
29.308110 2.566982 8.810081
29.324220 0.506887 23.169652
29.340700 -5.249527 11.363934
29.357180 -4.849592 -2.169947
29.373410 1.852510 -0.218464
29.390140 7.160508 2.307580
29.424190 10.222992 1.807707
29.442140 -1.585117 -0.980137
29.472170 -9.417273 -2.400627
29.489620 -0.235335 -2.652478
29.522090 21.958130 -6.557437
29.539060 27.860611 1.848583
29.571290 19.689161 4.361510
29.588500 -1.167941 2.145445
29.621340 -10.307219 -5.330845
29.637940 -1.499754 -7.030181
29.654170 -0.991695 -6.691950
29.669800 1.156638 -20.120660
29.685420 -10.987199 -17.919533
29.702510 -12.280014 -10.976279
29.718260 -0.432487 2.922758
29.735230 7.167690 8.208355
29.753050 4.442587 0.823176
29.769530 -6.443243 -0.776062
29.785520 5.089273 4.600696
29.801510 11.451998 16.546328
29.817500 11.385728 19.079191
29.834230 3.012133 7.799005
29.851200 -9.779058 -11.333124
29.866940 -12.330634 -21.719103
29.883670 -9.859241 -22.183847
29.900150 13.403084 -1.557250
29.916630 31.337618 23.558387
29.933590 24.346053 10.481732
29.950810 8.295357 -6.273359
29.966310 -0.581854 -25.856982
29.982670 -1.836481 -5.027699
30.000240 2.575110 4.805030
30.014400 10.775006 3.209909
30.030880 3.161159 -3.761479
30.064090 -8.867789 -12.001590
30.080690 -4.044618 0.009593
30.113280 0.777456 -2.289859
30.129640 6.288132 6.074555
30.162720 11.493167 -2.070852
30.179690 19.134264 2.774776
30.213130 17.354640 5.103403
30.228270 -7.786473 -1.488020
30.261960 -16.694416 -2.349804
30.279170 -11.862963 -7.051730
30.294920 4.800408 5.786106
30.311520 15.192693 15.921706
30.328490 10.322416 21.360462
30.343140 4.057811 16.992448
30.359250 -0.460198 7.004285
30.375980 5.797051 -7.143429
30.392330 -5.560999 -9.266756
30.408690 -18.633649 -4.988878
30.425780 -13.311335 -3.924488
30.441650 -12.775356 6.320568
30.458130 1.679327 -4.272906
30.474610 -2.748067 -8.011347
30.507320 -6.226246 -13.885036
30.524540 2.711888 3.255156
30.540410 0.883990 21.815426
30.556520 9.427329 18.201280
30.573490 -2.351344 9.613987
30.590090 -0.681583 -2.851945
30.605960 3.508093 2.484625
30.622800 4.970113 -0.401345
30.655270 2.230255 -1.006765
30.672000 12.022722 -7.569272
30.688480 18.591424 -7.134923
30.704350 8.234567 3.068259
30.720950 0.157873 -1.538159
30.737670 -11.245400 2.867445
30.753660 -5.539866 11.799434
30.770020 -4.151378 10.745580
30.786870 -1.120458 -0.648069
30.802730 -0.899036 -18.345165
30.819700 -3.085096 -10.843256
30.852540 -0.151068 1.138397
30.868900 1.425656 2.452420
30.901730 -0.880398 4.895619
30.918330 -10.244880 5.007119
30.951050 -2.657789 7.327112
30.967900 26.606274 2.315212
31.000370 41.469641 -5.591673
31.016850 30.804063 -7.800139
31.033200 6.546450 -7.968321
31.049680 -0.686006 -8.100872
31.066280 2.261293 -10.511125
31.082400 1.096604 -10.279811
31.099000 -0.111373 -4.526953
31.115840 4.284148 -6.526555
31.131840 2.664783 -8.156090
31.148320 1.023489 -11.144270
31.165280 -9.935265 -7.206208
31.181030 -16.654383 3.911328
31.197390 -12.557682 6.527075
31.213750 -5.480967 11.763261
31.230220 4.750506 7.845292
31.246580 0.541667 1.373850
31.263060 4.702192 0.841251
31.295780 6.462826 4.130382
31.312500 3.025251 0.519013
31.328860 2.388771 28.477123
31.344970 0.646462 52.905831
31.361820 1.429588 65.230504
31.380620 3.173975 0.910339
31.675170 9.101570 -66.019528
31.693600 15.452401 -60.883836
31.707150 14.507472 -40.608048
31.723270 -12.860149 -2.321899
31.739380 -31.631797 -0.492644
31.755860 -26.576261 2.797223
31.772950 -13.634819 12.284858
31.788570 -0.262743 21.021547
31.805540 -12.378758 27.238278
31.823730 -4.327245 12.379084
31.839480 8.341667 -5.267286
31.855470 5.636608 -5.115004
31.887330 -0.877260 1.999141
31.904050 -12.573295 1.327492
31.937740 3.134356 -3.399098
31.954830 10.457074 -6.819469
31.986450 3.904627 -13.822400
32.002690 3.117079 -5.458104
32.019170 4.873560 -2.205531
32.035280 13.587603 -4.896328
32.052000 0.328372 -5.968277
32.068240 -10.076085 -0.732562
32.084590 0.647294 3.543488
32.101810 19.754520 -3.045529
32.134030 30.677365 -3.463980
32.150760 9.098962 -8.809088
32.166750 -15.693924 -7.942874
32.183230 -25.627862 -5.057139
32.199950 -4.871443 7.375667
32.216550 13.813856 17.028550
32.232670 20.048317 11.148948
32.249390 11.769739 14.142878
32.283810 -3.196998 3.642465
32.298710 0.695759 0.495125
32.332150 2.433645 -1.901132
32.348510 12.089521 3.714932
32.365110 2.875998 5.179177
32.384520 -8.998592 -4.568066
32.398560 -2.499539 -4.706005
32.413330 2.685425 -6.926101
32.429440 8.397920 -6.206445
32.446170 -6.891453 -2.089163
32.462400 -6.124362 0.996605
32.479000 7.176045 4.225508
32.495360 4.917943 5.034079
32.511840 -3.987268 6.926054
32.528320 -14.972112 7.513913
32.544560 -6.680429 -0.155283
32.561040 3.649256 -9.695691
32.577640 5.737546 -16.058104
32.594120 1.442442 -5.555097
32.610960 0.831705 6.835819
32.626590 1.271451 15.623700
32.643190 2.690566 8.311253
32.659550 -4.290688 -5.855123
32.675900 11.563141 -3.652224
32.692630 19.463861 5.278414
32.725590 22.005571 8.305252
32.741210 5.620352 4.760444
32.774170 -11.533919 -12.285732
32.790410 2.162850 -9.356824
32.823970 3.568089 -0.955682
32.840090 14.351345 -4.117670
32.856320 7.788779 3.655555
32.872680 1.435372 2.576136
32.889160 2.816229 -1.272391
32.905760 -3.292228 -8.171779
32.922120 0.602155 -16.528230
32.938720 3.764409 -9.822146
32.971440 -10.809181 5.244863
32.987920 3.956533 3.286132
33.020630 22.477255 1.793436
33.037230 17.774551 3.506038
33.053590 -0.718480 8.616499
33.069950 -22.998381 19.856354
33.086430 1.923205 6.880641
33.102780 12.723111 -3.522908
33.119260 -2.893464 -6.306557
33.135740 -1.945434 -5.448748
33.168580 13.975844 -1.720850
33.185060 -5.314513 -0.829319
33.201660 -85.047627 0.580280
33.218140 -125.772554 -7.068364
33.234500 -94.581955 6.931417
33.250490 -30.796579 10.064021
33.267090 -8.572954 7.924728
33.283690 -11.513845 0.926997
33.300290 3.403715 -4.352886
33.316410 8.239066 9.637213
33.333010 -0.179989 -2.824206
33.349490 -6.184736 -11.852690
33.366820 -2.574770 -17.548903
33.382080 -8.654233 1.411206
33.398680 -11.202644 21.996470
33.414790 -14.339588 19.272951
33.431640 -3.382808 0.705107
33.448000 7.830288 -18.848763
33.463990 3.113450 -13.295703
33.481450 8.003016 -2.147265
33.497190 7.576167 4.919153
33.513790 11.290613 5.673520
33.530150 1.948988 1.459572
33.546510 -20.349371 2.821040
33.562870 -4.042387 3.103866
33.579350 7.908278 -0.196585
33.612060 11.384972 4.301803
33.628540 11.096906 7.746291
33.661500 5.344681 14.474342
33.678100 13.821644 6.977539
33.710690 -12.110276 -2.377188
33.726810 -16.628072 -3.343407
33.759520 -2.997389 -7.199380
33.776490 -2.837211 -5.709836
33.809810 -5.684091 -3.891220
33.825320 -6.124325 -1.704760
33.858520 8.560818 -0.116108
33.875000 13.112261 -2.684305
33.891240 18.332289 3.896111
33.907840 15.205206 5.323969
33.924320 12.874931 1.577618
33.957150 -1.204952 -6.066025
33.973270 -7.782995 -11.966480
34.006470 -4.941608 1.760805
34.022830 8.272561 5.373162
34.055660 28.482784 5.427435
34.071900 19.680277 -0.375071
34.104860 0.883876 -5.461058
34.121460 -8.706176 1.586502
34.154300 2.462944 5.087218
34.170650 6.218004 2.370431
34.203490 -1.718379 -8.247600
34.219850 -0.725398 -3.684476
34.236570 11.301501 -7.248053
34.252690 15.267468 -13.109166
34.269170 17.070289 -17.455767
34.285770 12.496176 -8.734638
34.302000 13.245784 6.929693
34.318730 12.547211 -1.862996
34.352170 2.807005 -5.944129
34.367800 -1.501720 1.753410
34.400270 -5.404375 6.428500
34.417240 -5.769340 5.653625
34.433470 -4.598305 -0.416349
34.449950 -6.909940 1.004568
34.466190 -2.895959 5.333562
34.499270 0.778174 12.743346
34.515990 21.798873 1.371014
34.548580 36.751466 -4.347475
34.565190 29.630920 0.203744
34.597780 14.138852 5.250226
34.614260 1.816709 6.381598
34.646970 12.332146 -3.076151
34.663450 1.333564 -7.014493
34.680660 -13.281962 -6.300201
34.696290 -20.211168 -1.123440
34.713010 3.712844 -3.094250
34.729370 21.312482 -11.390893
34.745730 16.695550 -24.211653
34.762330 3.009865 -15.115438
34.778560 -10.917413 0.420129
34.794680 -6.573442 11.447197
34.811160 -3.661429 14.735374
34.827640 1.875117 20.754927
34.843870 3.977363 25.538115
34.860470 -3.091523 13.281031
34.878050 -2.376560 -6.661328
34.894040 -1.056644 -10.295358
34.910890 -2.045352 2.029881
34.942990 -2.638131 10.244724
34.960330 -4.343690 4.848387
34.975710 1.420553 -2.048594
34.993160 -0.000000 -0.000000
35.011720 -0.000000 -0.000000
35.026250 -0.000000 -0.000000
35.042360 -0.000000 -0.000000
35.058960 -0.000000 -0.000000
35.075560 -0.000000 -0.000000
35.092040 -0.000000 -0.000000
35.108520 -0.000000 -0.000000
35.128050 -0.000000 -0.000000
35.140870 -0.000000 -0.000000
35.157470 -0.000000 -0.000000
35.173950 -0.000000 -0.000000
35.190310 -0.000000 -0.000000
35.206670 -7.477006 1.054706
35.223020 18.355877 -2.394390
35.240360 26.889620 -6.357167
35.256230 24.595310 0.947624
35.288820 10.362337 5.983659
35.305660 -8.270368 7.741400
35.340580 2.291688 -1.008868
35.355590 -4.465610 -8.695487
35.371460 -0.678407 -19.487525
35.386600 0.281343 -33.393708
35.403560 -5.377533 -14.209436
35.419680 2.968431 5.291575
35.436280 5.876554 19.014478
35.453000 13.947491 17.198780
35.469240 15.460075 13.027865
35.485350 9.960745 15.632891
35.501950 0.756890 4.581226
35.518550 -5.510076 2.929681
35.534550 3.526618 -4.335425
35.551390 26.384729 -12.359591
35.583740 -37.848044 -8.427998
35.600710 -112.370175 1.035780
35.633420 -122.938561 17.798991
35.650630 -67.614139 10.697073
35.683960 6.005316 -2.592723
35.700070 2.561879 -15.318677
35.716550 0.702602 -25.067975
35.732670 -3.537203 -24.729095
35.749510 -10.668701 -16.620823
35.765750 -9.045847 -2.018846
35.781740 4.689111 3.157809
35.797360 -4.279195 4.585881
35.830080 -2.610874 1.581091
35.847050 3.633038 11.810374
35.879520 25.408659 19.226218
35.897340 -6.487399 10.029856
35.912350 -50.530396 0.513956
35.928220 -48.484448 -2.432879
35.945070 -13.514945 8.216294
35.961300 20.418473 13.178370
35.977660 5.560697 4.522818
35.994140 1.885060 3.592587
36.010380 3.095606 4.817080
36.026980 8.493905 -4.316688
36.045040 6.667991 -10.418079
36.077880 2.761450 2.051170
36.094120 25.784467 39.854689
36.126340 -52.644503 -34.092449
36.142580 -119.500703 -110.477899
