0.000000 151.962984 65.588744
0.016970 65.915311 23.567530
0.033020 -33.713737 -20.334690
0.049190 9.361285 1.173673
0.065800 -24.774106 -5.565588
0.081970 -57.762908 -7.884726
0.098820 -61.631567 -6.631557
0.115660 -25.557818 1.423492
0.131530 14.163576 6.249897
0.147890 2.453908 -4.210953
0.164370 -0.467645 -1.115927
0.198000 1.693428 5.056171
0.213990 3.431614 6.918564
0.247680 -0.914460 2.490083
0.263120 -1.167563 -3.114168
0.279790 -2.247570 -3.700448
0.295900 0.934799 -2.470944
0.312500 -7.759480 -3.996908
0.331360 -13.282869 -2.573277
0.345090 -8.117941 -8.631692
0.362000 -5.966755 -8.818374
0.394590 -2.803186 -1.263909
0.411320 -3.678517 2.143484
0.427550 3.217262 2.638065
0.443970 8.742279 -0.386743
0.460210 4.051536 3.130920
0.493040 -1.038800 1.951483
0.509400 -2.012160 1.087313
0.526490 -1.600163 -0.017036
0.542180 -1.779245 1.046933
0.558780 -3.746263 -5.536998
0.575070 -1.814970 -12.470450
0.591550 1.920521 -5.927164
0.607730 2.620854 2.589533
0.640690 2.092230 9.887240
0.656920 -3.138628 5.077932
0.673520 -2.074727 -5.502076
0.689880 0.390372 -7.695255
0.706420 1.952126 -5.612087
0.722600 2.894749 2.148210
0.739070 0.456720 5.606251
0.755740 -0.417819 -1.168523
0.771970 -13.678860 -1.848441
0.788330 16.132061 1.878544
0.805050 76.594873 4.042250
0.837890 106.008673 7.869203
0.856380 77.582464 -1.409764
0.889340 15.802759 -6.195813
0.904050 -5.215465 -4.154057
0.920230 -0.347993 1.003410
0.936710 1.560771 6.845507
0.952940 -11.126053 3.677577
0.985660 33.666454 -0.359925
1.002380 69.611919 0.471331
1.035280 65.188164 -5.403524
1.052000 22.795994 -5.157180
1.084290 -13.529234 5.416259
1.101380 2.213584 2.145185
1.281250 -1.799924 -4.393054
1.298030 -5.183558 -11.588654
1.315430 -2.287416 -3.679183
1.330810 5.498697 4.666807
1.347170 -2.941325 6.491090
1.363770 -2.937469 5.159377
1.380000 1.248276 2.260041
1.396360 4.580536 -0.512987
1.412960 5.766127 -1.191631
1.428890 2.311876 4.267070
1.445560 -4.977409 3.749618
1.478580 -13.537060 2.049752
1.494930 -12.770139 -4.672454
1.512330 3.269357 -3.618389
1.527950 15.913371 0.850442
1.544130 12.893227 2.737538
1.560550 -1.987624 0.884892
1.576970 -10.351639 -8.217475
1.593990 -6.231954 -7.737738
1.626530 -2.380227 -3.750776
1.643740 -0.405683 2.899839
1.675900 -1.866158 7.690199
1.692320 5.801549 0.985406
1.725160 6.460142 -3.671433
1.741580 0.128385 -3.691895
1.774410 -5.136945 3.375210
1.791140 -2.352214 10.732467
1.823490 1.175389 0.768335
1.842160 4.516269 -3.053775
1.872860 4.974120 -10.021775
1.889770 3.631148 -3.423883
1.922300 -1.110213 4.351894
1.938720 -6.163377 5.998899
1.971370 -1.331787 -2.267177
1.988340 0.395287 -10.316457
2.020690 0.519589 -2.287993
2.037170 -1.228769 5.533643
2.054080 -0.614517 8.585240
2.070250 1.572188 0.492856
2.089420 2.009740 4.619456
2.103390 0.468590 -0.971725
2.119260 -0.111373 -6.660808
2.135990 -4.686427 -3.330577
2.152160 -5.149383 5.826723
2.170410 -0.361527 12.940988
2.189820 3.763540 6.485301
2.217830 -0.395665 2.005804
2.234800 -4.282825 0.143989
2.267400 -0.632890 -1.295688
2.284120 0.439821 -4.717559
2.300290 3.200741 -4.420438
2.316590 3.150763 -4.859350
2.332950 6.933114 -0.882742
2.365780 4.236816 2.733687
2.382140 -5.249565 -0.167664
2.414610 -3.156698 0.730814
2.431400 -0.070506 1.540073
2.464780 4.123251 6.290182
2.481260 2.951683 0.152259
2.516050 1.546859 -0.500323
2.530460 1.720950 5.052792
2.563350 0.176170 8.877939
2.579960 -3.789927 1.080626
2.596250 -6.287867 -10.476203
2.612550 -2.206892 -10.919218
2.628970 7.577414 -8.000431
2.644780 -18.362039 3.356095
2.661130 -22.085256 1.935180
2.678410 -81.326796 16.371868
2.694760 -134.627049 26.496036
2.711180 -124.492753 24.681655
2.727660 -78.174181 12.251567
2.746220 3.179344 -2.441149
2.760130 -0.995325 4.882647
2.778380 0.856997 4.982452
2.793460 8.443398 2.831909
2.809510 7.771351 -0.606129
2.826290 0.673719 5.125542
2.842530 -1.868161 4.626143
2.859310 3.703128 -5.216368
2.875730 1.388419 8.696172
2.892090 -3.406058 7.751773
2.908510 -8.010993 10.656245
2.925290 -2.067771 1.791663
2.960020 4.336848 -4.230588
2.976070 2.434363 3.657067
2.990170 -3.725811 2.365445
3.006710 -3.953508 7.786033
3.023190 -1.147527 1.612989
3.055970 4.891215 -4.763634
3.072330 4.017285 -7.626333
3.105770 -1.302678 1.515121
3.121640 -3.371013 5.787831
3.154540 -5.362260 7.923239
3.171510 1.125108 5.818169
3.187320 4.820407 -2.684423
3.203920 3.642754 -7.903156
3.220030 0.900737 -6.035238
3.252810 -1.235876 -1.571309
3.269650 -1.709041 1.810944
3.285950 -7.209237 -3.499493
3.302430 6.658162 4.295447
3.318600 64.694414 2.715470
3.351200 94.328150 -6.023802
3.370300 68.187022 -6.599400
3.402650 14.014517 -0.736248
3.419560 -11.759759 11.918327
3.449830 1.073240 5.088659
3.467100 3.161537 -4.304189
3.483030 5.192102 -4.252657
3.499510 -11.515433 -4.544981
3.516240 41.906709 1.602569
3.532710 90.185266 9.781743
3.548830 93.897448 11.223044
3.565550 41.473269 5.307453
3.581970 -19.537537 -7.094284
3.597960 -8.598169 -4.700736
3.614870 -4.339191 1.475852
3.647030 0.599471 2.319182
3.663820 1.202533 -2.984474
3.696780 5.891827 -1.483814
3.713130 1.969894 -3.012686
3.745730 1.219961 -3.309784
3.762450 10.184696 -1.474316
3.795960 -21.880827 -0.155756
3.813420 -79.915891 11.194573
3.844970 -153.436782 32.724679
3.861450 -153.990280 44.956068
3.893680 -76.270831 33.006149
3.910220 -13.609567 4.828705
3.943910 20.218841 -10.163375
3.962040 7.066412 3.904239
3.992430 -10.650290 -12.152710
4.008910 -26.856961 -54.206669
4.025390 -100.329293 -95.725793
4.041630 77.565773 -101.441069
4.057740 264.847804 -39.182200
4.370240 285.998913 36.067263
4.386470 127.809279 84.015874
4.403320 -89.542175 101.213127
4.419620 -52.887988 65.943320
4.436040 -29.645586 27.802173
4.452640 -10.633090 5.546024
4.484800 10.781773 -24.550133
4.501890 35.953872 -30.253326
4.518130 53.429288 -54.165131
4.534550 51.609452 -65.348950
4.550900 87.233849 -77.876907
4.567440 -76.430265 -71.376635
4.583860 -214.855153 8.291264
4.780940 -223.399001 72.858815
4.797550 -100.213832 57.300506
4.830200 34.865543 -37.567278
4.846920 3.510135 -86.665007
4.863340 32.291249 -13.789393
5.109800 44.881068 60.504684
5.125550 25.494616 68.228103
5.142760 -5.383998 21.090889
5.174930 0.662794 -9.263873
5.191890 -0.967236 -1.475946
5.225400 -4.927848 -7.406477
5.242310 0.833218 -5.306154
5.275210 -0.122866 -4.412688
5.289860 1.616419 5.585506
5.322690 0.243614 3.427522
5.339110 -2.692834 2.869737
5.372070 3.342357 1.907677
5.388370 -0.118442 -3.543866
5.421330 1.593132 -8.568417
5.437680 -0.808040 23.311831
5.470210 -4.759126 61.069657
5.486820 -19.930791 14.869528
5.505740 -22.722282 -46.129632
5.766660 -46.041143 -82.371242
5.783450 -57.376635 -42.389369
5.818120 -43.836837 1.055746
5.831790 -18.933761 -2.247754
5.864870 13.308159 1.022761
5.881590 4.102005 -0.290979
5.914310 3.307539 -3.858874
5.930730 -5.212592 0.525203
5.963440 -6.459235 -1.487524
5.979800 2.584297 -5.191653
6.014470 0.359108 4.809259
6.029170 -20.570096 4.421785
6.061890 28.175931 2.364193
6.078250 79.110297 -3.665077
6.804020 93.629219 -16.550274
6.820190 41.099387 -8.326092
6.852660 -66.352387 9.607631
6.868590 -84.084614 11.717754
6.901310 -71.229683 9.210900
6.916260 -21.983193 0.619597
6.949460 13.060924 -0.052052
6.965700 -0.867885 -0.741305
6.998410 -2.005355 -6.618113
7.014890 0.455661 0.081989
7.031190 2.789350 5.930732
7.047490 7.576167 3.560571
7.064270 4.180336 1.660410
7.080380 -2.699526 -2.523020
7.096740 -5.436887 6.178116
7.113220 0.392074 2.665568
7.146300 6.856333 -3.797512
7.162900 3.775675 -7.813394
7.179080 -2.431641 -4.432300
7.195190 -4.043294 6.711632
7.212160 -1.145334 5.000243
7.228330 -3.877672 1.173532
7.244870 -3.901376 -3.590224
7.261660 2.085841 0.539829
7.293880 6.828509 3.725352
7.310360 2.193698 6.405722
7.327820 -2.360984 -4.040265
7.343630 -3.204786 -7.245619
7.360530 -2.825416 -2.648508
7.392700 2.532542 2.753180
7.409420 -2.941212 6.148061
7.441710 -7.732186 3.543582
7.458500 -6.866389 -0.956768
7.475100 5.444788 -2.904730
7.491270 16.572162 -0.095174
7.507750 6.132906 3.543961
7.524350 -6.681412 -1.041664
7.540590 -9.859317 -11.782942
7.557740 -3.854158 -6.969529
7.573300 -0.012513 1.914907
7.589660 -1.962106 8.418027
7.606080 -2.887793 0.181061
7.622860 0.577317 -2.481270
7.639280 5.941993 -7.207295
7.655520 6.301099 -7.426514
7.688350 -0.443564 -5.337673
7.704900 -2.456782 0.030953
7.738950 -1.722462 5.533643
7.755490 0.995400 3.301774
7.789730 -0.563859 4.130595
7.804020 -3.622944 5.703834
7.820430 35.534870 7.511455
7.836550 50.395574 3.131700
7.853640 71.710508 5.469918
7.869810 61.712222 6.936946
7.886110 34.864333 9.211916
7.902400 18.299249 2.608459
7.918270 -11.793783 -4.829107
7.935060 1.996509 -7.428049
7.951900 -3.777112 -0.535954
7.984620 -5.504179 8.424477
8.000980 -7.151094 4.495859
8.033870 -7.849266 0.502142
8.050290 0.556109 -8.736859
8.083010 -3.814387 -8.784374
8.099490 0.748573 -5.231206
8.132260 -2.728409 5.785279
8.149110 -2.730261 8.400637
8.181460 -0.114851 1.620266
8.198300 -4.004545 -1.873558
8.230650 -1.093390 -4.507507
8.246890 -10.693349 -0.847796
8.279970 14.919036 -0.952326
8.297000 64.382583 6.988786
8.329280 86.035714 11.099047
8.346010 58.884076 4.486856
8.379030 9.303936 -3.236490
8.395630 -9.996961 -4.715740
8.427920 -3.234236 -4.256815
8.443910 1.360065 -2.871674
8.476810 1.811038 -6.801228
8.493590 2.029626 -11.396516
8.526430 -3.502990 -1.802461
8.543400 -2.583049 9.489635
8.575620 11.907912 17.618200
8.591920 -18.127438 2.016389
8.608640 -70.832774 -12.072944
8.624820 -85.456071 -10.682731
8.641480 -49.793971 -7.735895
8.674500 0.858547 -3.092690
8.691350 5.056194 0.207926
8.723630 -3.464845 5.233781
8.741580 -1.820830 3.150981
8.778200 1.631768 2.835878
8.790650 -0.423036 0.187299
8.821960 -0.533010 1.214030
8.838930 -2.439391 -1.654361
8.871220 -3.882020 0.395840
8.888240 -1.256253 11.629766
8.920960 1.720345 6.853068
8.937930 5.231645 3.076411
8.970580 6.281024 -4.705509
8.986820 7.206591 -8.517003
9.019410 -2.858608 -3.672449
9.036320 -5.256029 -3.954307
9.068970 -3.455961 3.279706
9.085210 -2.196231 10.614802
9.118100 2.336865 3.749783
9.134890 -2.853316 -2.568126
9.167110 2.851085 -10.314591
9.185060 0.086649 -6.991125
9.216130 -3.105965 3.087445
9.232670 1.046550 2.540670
9.265440 2.378753 4.429724
9.282170 3.386967 -0.619195
9.314880 -3.937403 3.023886
9.331120 -5.514537 4.961754
9.363890 1.863889 0.398746
9.380740 1.913792 -3.086547
9.415040 1.927893 -3.613403
9.430360 0.203352 1.695001
9.463070 0.125474 -0.648541
9.479490 3.825577 -3.503840
9.512270 0.458497 0.327744
9.529480 4.884788 4.903629
9.561280 0.809627 1.906732
9.578310 -3.185203 -7.472800
9.611760 -3.149894 -12.993535
9.629330 -2.541691 -9.704220
9.648190 1.455333 -0.193608
9.661130 0.763203 2.834413
9.676820 -1.270732 2.360389
9.693050 -2.123306 4.216695
9.709470 -1.359498 -1.629032
9.725890 -0.513843 -4.642234
9.758790 0.875143 -5.398822
9.775570 -0.004499 -2.009490
9.807800 -0.015235 2.324971
9.824650 0.872459 2.412961
9.857240 1.459227 6.079304
9.874080 3.072016 1.386751
9.906250 2.861368 -4.054773
9.923280 2.099905 -5.236499
9.955750 -1.317006 -1.476277
9.972600 -7.972999 2.006796
10.005250 0.948258 -2.564227
10.021850 5.758717 -0.037569
10.054810 7.081421 0.911568
10.071900 -2.456668 -1.637255
10.103640 -6.769761 -5.950462
10.119870 1.857689 -3.388867
10.152950 1.271413 3.682987
10.171510 0.466095 8.575458
10.202390 -2.666863 -2.076475
10.219180 3.393394 -5.229765
10.251830 3.197036 1.782165
10.268310 -3.439175 5.801582
10.300780 -3.247279 2.764734
10.317810 0.553084 -1.371416
10.350160 2.885109 3.603054
10.366820 -2.608152 7.309060
10.399600 -3.980879 1.040553
10.416560 4.264603 -4.194603
10.448240 4.467085 0.469937
10.464660 0.797417 -3.416511
10.498840 -5.981197 1.414490
10.514100 -0.572327 2.412040
10.546390 3.091788 3.039764
10.563290 -11.801759 1.516137
10.596190 39.432370 -8.770410
10.612550 85.228009 -4.321343
10.645390 89.002764 4.580139
10.663390 37.974277 2.961154
10.695680 -21.141392 -1.382947
10.712220 -5.970460 -6.303981
10.743900 0.047936 0.300690
10.760560 3.435811 6.512284
10.793090 3.971844 -1.465030
10.809810 1.745371 -7.632925
10.842410 -2.019683 -2.725465
10.859380 -5.448530 0.973851
10.891910 -1.146128 3.411857
10.908630 9.499951 1.581800
10.942200 8.050725 2.667458
10.957700 -1.132102 -1.055722
10.990720 -6.883703 -3.581836
11.007200 -4.109566 -2.742099
11.039860 1.714485 2.095259
11.058530 -2.537230 4.746882
11.089480 0.627484 1.074129
11.105770 -2.161753 -1.330776
11.138730 -0.332871 -1.810377
11.158390 0.191406 2.433754
11.187990 -0.367349 -4.372474
11.204410 2.302878 -0.113225
11.237180 2.136084 -2.263774
11.253540 1.843929 5.129252
11.286070 0.037238 2.242462
11.302730 0.805885 -9.805370
11.335450 0.793031 -3.186919
11.352050 -1.181211 -0.276707
11.384400 0.797681 6.982312
11.401430 2.879174 8.250389
11.434140 1.088702 1.297035
11.450320 -1.621221 -3.568604
11.483090 -5.853228 -4.314845
11.499510 -2.325523 -3.604708
11.532410 3.258733 2.564842
11.548770 4.291444 1.569371
11.581850 1.747904 1.144162
11.598450 -5.324720 -1.077507
11.631290 -6.342268 -1.981065
11.649290 -2.578740 -1.946167
11.682430 2.175590 -1.009435
11.698300 4.835907 0.163388
11.732300 3.186526 -1.595079
11.746400 1.617478 3.497413
11.762700 -0.757117 5.229906
11.779360 0.363153 5.860534
11.796140 0.327087 4.243820
11.812740 1.949517 3.226637
11.828430 4.424403 5.212162
11.844730 2.255207 2.884717
11.861390 -4.877189 -2.710083
11.877560 -0.951509 -5.275107
11.894230 -2.725498 0.235807
11.929690 -54.872474 8.442836
11.945310 -86.401939 15.160187
11.976260 -72.821922 13.019099
11.992860 -17.998569 3.898970
12.009460 17.293589 -0.766799
12.025510 1.659781 -2.439023
12.042540 3.200817 0.378308
12.058650 -0.435625 -1.954838
12.074950 -4.122155 -5.687082
12.091550 0.381450 -5.075640
12.107600 16.803931 -8.443190
12.124330 -14.472845 8.024626
12.141600 -79.292185 30.760742
12.173710 -102.834528 38.241318
12.190190 -62.349711 23.081292
12.206600 -3.332831 2.147028
12.222960 5.110935 2.625447
12.239440 -0.651263 3.256125
12.256040 1.239959 -3.333506
12.272160 1.662088 -7.129560
12.288640 1.019633 -5.505762
12.305480 2.337394 -4.055151
12.321290 -1.718568 -1.250583
12.337950 -7.298002 1.676382
12.370420 -7.206289 7.212281
12.387570 -3.568165 7.555521
12.420100 1.490189 2.317835
12.436770 1.225140 -4.750237
12.469850 2.438295 0.883238
12.486150 -1.370121 4.438608
12.518310 -6.235205 2.435738
12.535340 -0.160103 3.959481
12.567990 5.980289 1.483649
12.584780 5.586139 3.639866
12.616700 1.973561 -1.901321
12.633180 1.580921 -0.029842
12.665890 5.534385 9.300212
12.682370 1.851830 -0.062945
12.699280 -3.380238 -5.795628
12.716130 -3.664756 -3.958276
12.732300 0.116666 1.637491
12.748720 0.629488 6.033726
12.764830 -0.958125 -3.605346
12.781070 0.149329 -6.489672
12.815920 0.073908 -4.993982
12.832820 1.351786 0.849970
12.863280 0.130313 5.786059
12.879940 1.687341 1.918569
12.896060 -1.072749 1.762058
12.912350 -5.536539 2.927106
12.929200 -3.092884 4.892477
12.945620 2.728371 2.897193
12.961610 5.988493 -1.386420
12.978390 2.983477 -3.220140
12.994930 -3.024004 -4.924989
13.011540 -6.680920 -4.066610
13.027770 -1.896288 -3.092927
13.044190 1.766051 -4.721033
13.060610 1.953827 -6.419238
13.076660 0.509155 -7.350196
13.093570 -2.594580 -5.436414
13.109800 -0.884821 -2.468109
13.126590 -4.433741 2.087486
13.142880 0.552971 9.468630
13.159000 7.441848 12.818906
13.175480 7.994283 3.977699
13.191770 4.377525 -4.750875
13.208190 -2.666295 -8.082065
13.224610 -2.695140 -3.867663
13.257570 -0.094852 1.057140
13.274170 2.625958 1.157843
13.306760 1.213005 2.773807
13.322880 -3.638520 2.002614
13.356200 -6.268360 2.757528
13.372310 -0.768458 4.248734
13.388670 3.747510 3.893630
13.405520 5.194143 2.408165
13.422060 0.395778 4.064578
13.455140 -3.673451 3.157620
13.471250 -0.390221 -1.690063
13.504090 1.347136 -2.898587
13.520510 3.627065 -1.624803
13.553160 3.739761 0.886735
13.569520 -1.519828 -0.778283
13.586120 -7.588907 -0.963148
13.602660 -5.638007 -1.204673
13.618900 0.847281 -2.650091
13.651730 6.729990 -2.279014
13.670040 3.934908 1.143784
13.702330 2.028643 5.021863
13.718080 -1.593888 1.828878
13.734310 -8.543391 -0.958800
13.750430 -5.366759 -3.936940
13.767330 2.233431 -0.526857
13.801030 8.478367 1.874290
13.816470 3.698705 2.041033
13.849180 -1.786201 -0.073389
13.865480 -3.560491 -0.575247
13.898010 -3.942545 1.912497
13.914980 0.515128 0.014295
13.931210 6.162318 -0.292231
13.947810 8.073219 0.409331
13.964230 4.988335 -2.662472
13.980530 -3.231287 -5.342824
13.996950 -6.984339 -8.507127
14.013180 -4.064843 2.410338
14.029660 -0.654514 5.156093
14.046200 0.502728 -2.768397
14.062680 -1.817579 -5.733014
14.079470 -0.023741 -2.973133
14.095400 3.827165 8.822178
14.111940 3.175185 -0.530094
14.128660 -0.901644 -7.190047
14.144290 -2.699337 -6.514245
14.161320 -4.697391 2.274903
14.177550 -1.693012 10.615771
14.195190 2.131056 7.682307
14.211980 4.325620 6.895645
14.229370 1.889483 1.397478
14.244320 -2.288135 -2.442732
14.260010 -1.564891 -7.788231
14.292660 -0.415097 -10.721433
14.309390 -1.854400 -1.573175
14.325990 -4.356582 6.814129
14.341740 -3.613455 10.141236
14.358340 -1.481721 -0.332115
14.375000 3.928897 -7.523742
14.391480 7.713208 -4.693459
14.407840 4.878702 1.721252
14.440550 -1.601184 4.986516
14.457150 -3.896272 3.254896
14.473690 -1.503497 3.093612
14.489990 1.132329 0.990013
14.506650 -0.469347 -2.368068
14.523070 1.681633 -6.777530
14.539250 -12.934131 -5.696557
14.556460 34.649047 -6.240966
14.572080 85.245941 -4.951003
14.589290 92.270182 -4.231250
14.604920 46.256468 0.026936
14.623840 -16.843699 2.472527
14.639770 -11.157922 1.968566
14.655940 -1.611467 -0.373724
14.670650 4.503944 -0.293980
14.686650 3.618256 1.830508
14.703060 0.676592 4.260265
14.719600 -1.350387 4.310451
14.735840 0.261382 0.733484
14.752380 1.400857 0.528251
14.768860 2.977126 1.335383
14.785280 3.811892 6.656083
14.801760 2.421396 6.394806
14.834530 0.846147 5.565611
14.851200 -0.678823 -6.412551
14.867610 -3.366968 -12.551350
14.884280 -4.324977 -8.636039
14.900570 -1.258333 -1.023447
14.917600 1.157129 0.577846
14.933290 -0.214126 -8.059170
14.949650 0.392074 -9.650326
14.965700 2.021460 -3.013938
14.984560 4.393970 5.108979
15.004640 0.005746 3.891386
15.015560 -4.051611 -1.301501
15.032170 -3.677988 -8.361462
15.048830 -1.622960 0.386507
15.065190 1.835233 5.410589
15.081480 1.747678 3.827212
15.098940 1.797655 4.953129
15.114380 0.634932 0.044137
15.130740 -0.666801 -0.960076
15.147220 0.340583 0.494345
15.164120 0.664533 1.604530
15.179930 0.856468 5.082232
15.196900 -0.224825 0.131254
15.216310 -1.541415 5.049106
15.229190 -1.759662 8.128919
15.246280 -2.151546 6.586617
15.278630 0.798967 2.554776
15.295040 1.412689 -0.956320
15.327700 0.386365 -1.191135
15.344300 -1.375830 -3.004936
15.361270 1.133804 -1.319529
15.377380 1.542549 0.288356
15.393680 -1.086321 -1.767516
15.427800 -2.854109 -4.841369
15.445130 -1.057816 -5.312273
15.459230 2.119979 -4.444681
15.475520 -0.727251 0.240746
15.492070 2.050267 1.251599
15.508730 4.306717 -2.149604
15.525020 -0.341642 -0.207596
15.541930 -3.995660 4.556063
15.574340 -3.602038 6.844113
15.590760 1.032335 6.117841
15.607300 1.651238 1.113895
15.623410 -2.955275 3.118067
15.642090 2.562370 0.495503
15.656740 3.284856 -3.011221
15.672550 0.551685 -5.086485
15.689270 -2.162320 -0.926879
15.706790 -2.587775 1.234303
15.723390 1.202722 -0.544909
15.738400 0.912683 -1.608641
15.756590 1.272131 -0.483098
15.771180 -9.320305 2.480632
15.787960 13.928552 1.817134
15.804630 64.686482 7.625388
15.820740 83.360335 12.059760
15.837280 63.790607 5.309792
15.853640 17.680536 -5.953391
15.870120 3.647139 -11.811673
15.886470 5.814857 -3.664817
15.903440 -1.625379 3.790896
15.920290 0.624082 2.443890
15.937010 0.800932 1.759057
15.954350 -2.767045 0.814244
15.969360 -3.949236 -0.977278
15.986210 0.830118 1.320616
16.017760 1.420326 -1.377134
16.034420 1.308348 -0.609319
16.066890 -4.156519 -3.716232
16.083370 -4.542732 -4.903558
16.116330 2.976975 3.403587
16.133060 5.340296 3.946155
16.165710 2.861368 4.729799
16.182190 -3.223575 -2.678776
16.214720 -3.237941 -0.764389
16.231200 -0.275748 4.009100
16.264100 -2.718277 -4.479650
16.280580 -5.887819 -5.315865
16.313480 -0.184185 -0.218819
16.330260 5.348197 5.458837
16.363830 6.611549 6.822351
16.380370 -1.972049 -8.368905
16.413270 -3.228149 -5.359009
16.430730 -4.712739 -2.671357
16.461060 -0.554521 0.376252
16.478030 6.588186 9.322942
16.510620 4.179429 3.882761
16.526980 -2.306394 3.556176
16.559750 -5.990345 -2.255552
16.576480 -0.381753 -1.581634
16.608890 3.647933 2.661551
16.625490 1.757129 -0.993297
16.642270 -1.677134 -0.646840
16.658390 2.563164 0.628505
16.675050 -1.608291 2.557115
16.691350 -3.561285 1.531094
16.707700 -2.948054 -2.638372
16.724370 0.007032 -0.492242
16.742550 1.460475 4.196564
16.757080 -1.279806 6.521924
16.773320 0.166568 2.801948
16.789250 0.478079 -2.587997
16.805660 5.213121 -2.625353
16.822510 3.976418 -6.507464
16.855220 1.032109 -10.804507
16.871520 -4.505948 -9.821886
16.887880 -4.597397 -1.791451
16.904600 0.768080 6.818973
16.921140 3.575499 -0.835108
16.937620 2.694460 -3.249722
16.954650 -2.733890 -0.878961
16.970090 0.342852 0.094110
16.986570 -3.620146 9.788736
17.002930 7.369528 -13.644889
17.019650 14.508947 -66.283446
17.035950 82.995470 -104.619878
17.052430 -44.023676 -38.914100
17.216370 -197.469474 36.303295
19.189330 -226.973903 46.223161
19.321900 -122.909385 3.578954
19.338440 36.298415 -19.389972
19.355590 3.727663 10.566815
19.371400 -0.750728 4.483029
19.387510 -6.649013 9.253619
19.404050 -5.364907 3.809893
19.419430 -0.035499 -0.337928
19.436890 3.998307 -3.795669
19.451540 4.522468 -4.802124
19.468750 -1.935605 4.015976
19.483700 2.217855 3.779673
19.518740 -0.889018 7.435492
19.534730 6.391678 5.203136
19.567080 2.145951 -5.828660
19.584170 2.029966 -12.093902
19.615720 4.608361 -12.478035
19.632450 0.311436 1.223907
19.648440 -0.119917 8.112167
19.664860 -10.685599 5.924447
19.681820 -3.071676 -1.303675
19.699890 4.092667 -6.398209
19.713680 5.976169 -2.024068
19.730160 2.023577 3.020200
19.763310 -8.518629 6.125260
19.782350 -7.236305 2.717455
19.814760 -2.416708 -0.651613
19.828860 1.824459 3.648680
19.845400 3.458834 2.035882
19.861390 0.153525 -4.837518
19.878970 -1.939045 -7.003506
19.894960 -0.908185 -2.200640
19.911380 1.568861 9.333031
19.927610 -0.182824 -2.920112
19.943970 3.626195 -5.176437
19.961120 3.991653 -8.607474
19.977840 11.730007 33.723390
20.010800 6.843555 31.517951
20.027590 -6.535071 -13.737626
20.058650 -4.350193 -32.639683
20.075130 -6.138652 -32.930059
20.108030 -4.471999 5.386417
20.124760 -6.486719 3.303664
20.141170 2.581235 0.413325
20.157170 6.498098 6.030276
20.174380 -1.161174 1.745093
20.206670 -6.718800 -1.882560
20.223450 -5.301584 5.560555
20.240230 1.064129 3.305106
20.255980 -0.380165 0.985784
20.272580 -2.529669 -3.165394
20.289060 0.607107 -6.430366
20.305360 3.693261 -4.304638
20.322020 5.667570 -2.570134
20.338750 4.802790 4.691120
20.354800 2.603502 7.538934
20.371640 -4.153571 5.127834
20.387570 -3.110085 -1.503024
20.403870 2.904238 -4.324296
20.420470 6.570267 -7.022384
20.436830 6.767266 -1.546169
20.453370 2.030495 3.016467
20.469970 -3.814311 9.092455
20.486390 -6.773012 8.141110
20.502380 -4.860329 0.125323
20.519100 -1.032600 -0.072443
20.552060 -2.372174 -0.911096
20.568420 -5.079898 -1.303746
20.601320 2.093364 -3.960545
20.617920 5.251153 -5.612418
20.633970 3.526958 -2.847834
20.650570 -0.807284 -0.849403
20.666810 0.590738 1.559282
20.684270 0.230571 0.502544
20.699710 -2.185835 3.299411
20.716190 -4.470071 4.452691
20.748840 -3.762821 1.809526
20.765690 -0.858282 -1.378079
20.798280 -0.793674 -2.000960
20.814760 2.207119 1.952145
20.847660 -0.696402 -4.212418
20.864140 -0.051717 -5.177689
20.896610 1.395375 -3.096967
20.913210 -2.111586 8.397920
20.929500 5.212894 6.726045
20.945920 -1.885627 1.220811
20.962340 -0.541629 0.598143
20.995540 0.865957 2.687873
21.012020 0.994871 -0.442930
21.028500 3.832042 -12.040575
21.044490 -3.865121 -4.163745
21.060970 -0.526205 8.291950
21.094240 3.344664 16.240385
21.110840 2.584146 3.738088
21.127260 -3.308673 -13.534220
21.143250 -6.892474 -16.713133
21.159970 -4.444251 -11.803002
21.176330 -0.376044 0.547177
21.192810 0.614706 5.809923
21.209230 0.469989 3.951070
21.225340 1.152366 0.748700
21.241880 3.337103 -4.711581
21.258610 1.950803 -5.704708
21.290950 -1.326079 -6.586782
21.307800 -4.720943 1.015957
21.323970 -1.990724 6.755272
21.340210 -1.309823 9.207025
21.357120 -1.467809 4.669949
21.389590 0.180026 -1.090219
21.406130 1.388608 -3.888172
21.422910 5.287407 -1.934636
21.439030 3.707967 3.885857
21.455440 5.019373 7.847985
21.472230 2.086371 2.589013
21.488460 -2.163001 -9.394675
21.504760 2.685992 -2.234617
21.521480 2.430129 12.149426
21.537720 3.871661 13.683401
21.554750 -1.354394 -2.294632
21.586790 -5.751194 -13.918421
21.603210 0.214580 -4.610478
21.619750 -1.922260 0.385207
21.636350 -2.576131 -5.838513
21.652770 -3.067593 -2.184526
21.685610 -2.282086 2.760907
21.701900 1.802305 4.607312
21.734920 -0.200290 -3.085082
21.751160 3.641544 -6.221095
21.767820 -6.527963 15.361347
21.783940 6.501236 27.785920
21.800230 22.250864 26.554176
22.030270 13.951234 8.034124
22.047490 -7.642703 -17.503280
22.063900 -27.406188 -24.003726
22.080200 -7.790631 -20.166472
22.096800 3.905005 1.096528
22.128970 0.522273 7.808007
22.145870 -1.209262 3.496327
22.178470 -1.959233 -2.360342
22.195250 2.088866 -3.878485
22.227660 2.384612 -1.182652
22.244510 0.685023 -5.400949
22.276730 1.205595 1.486555
22.293700 -2.156272 0.899565
22.326290 0.284557 0.980751
22.342530 -0.812690 3.156415
22.375430 -1.114107 4.656647
22.392210 2.278494 6.134475
22.424990 2.820879 0.377079
22.441220 3.933434 -6.160891
22.457890 -0.015954 -11.086123
22.474120 -11.476193 -5.958802
22.490540 -3.618672 4.334835
22.524540 9.833459 11.148097
22.541990 6.089771 2.482309
22.559690 -5.363735 -6.660407
22.572630 -14.353386 -5.821383
22.589050 -2.028340 -1.652731
22.605530 9.335011 6.370564
22.621890 7.718954 4.974843
22.638850 3.208604 0.765193
22.671140 -3.971881 -3.372138
22.687740 -3.899939 2.248085
22.703980 2.775702 4.385753
22.720090 7.160205 -1.297201
22.736940 3.177189 -6.923289
22.753230 1.294171 -3.344990
22.769710 0.000265 5.583190
22.786320 -9.295619 3.870640
22.819150 -4.919871 -0.871377
22.835330 -4.391324 -2.012065
22.867920 -3.839451 3.667818
22.884890 0.925688 5.019713
22.901250 -0.014366 0.652180
22.917300 7.062821 -8.899771
22.934330 0.329469 -3.831678
22.967040 -2.834602 4.970094
22.983400 7.238498 9.487130
23.016170 -2.495418 7.675503
23.032900 24.132291 -6.260175
23.049260 73.272022 -19.651562
23.065370 89.423649 -26.994259
23.082090 58.944637 -17.560646
23.098450 3.151141 -3.927867
23.114620 -13.622495 -0.934818
23.131410 -7.521577 -4.664609
23.164060 -6.003615 -2.902698
23.180730 3.690841 -1.036867
23.196590 7.633441 -0.954595
23.213130 -3.284252 8.324320
23.229860 -8.016210 9.244238
23.262760 -7.892400 2.568457
23.279240 3.541021 2.404998
23.295720 2.339360 1.167507
23.311710 -2.364500 9.082153
23.328370 -3.465147 5.776631
23.361080 -4.116749 5.533477
23.377690 3.464391 5.676898
23.412230 6.845710 -3.501123
23.426820 5.210210 -6.141044
23.443180 -2.606715 -7.989090
23.459840 -6.180351 -1.751236
23.476200 -1.194480 -1.345898
23.508910 1.625379 -0.619030
23.525270 1.753575 -6.401588
23.558290 -0.989881 1.294885
23.574770 -0.820024 9.766408
23.607730 -1.868993 6.396909
23.624080 -2.741943 6.106689
23.656560 -3.207168 -4.396740
23.673220 -1.458887 -0.986989
23.706180 1.285665 -1.272226
23.722530 6.541233 3.207688
23.741030 6.021383 0.146517
23.756040 2.288437 -13.824456
23.772160 -2.707314 -9.750790
23.788570 -6.197665 -1.094472
23.804690 -2.423362 7.220669
23.821170 -2.020326 -0.151904
23.837830 2.469522 -0.488131
23.856020 4.256966 7.308729
23.871400 1.696755 -0.816229
23.887450 -2.034351 1.552217
23.903080 -2.014844 2.876140
23.920040 1.348005 3.638449
23.953610 0.920736 -2.385245
23.969600 0.214164 -11.197857
24.001770 2.725195 -1.001756
24.018010 4.360173 1.619321
24.034970 -0.675231 6.423538
24.051640 -4.386447 7.667706
24.068600 -5.750929 6.557342
24.084530 -2.080851 1.111177
24.100340 -0.476114 -4.860414
24.116880 1.773271 -6.730628
24.149660 2.712682 -5.927802
24.166320 0.363947 -3.756470
24.199830 1.999911 -1.543026
24.216000 -3.080976 1.332194
24.232790 -3.080257 0.754607
24.248900 0.875030 -0.243368
24.265500 5.177925 0.861808
24.298340 4.288155 1.634254
24.313840 -0.636595 1.908504
24.346620 -0.001588 -0.664325
24.363040 -2.412059 0.948286
24.379760 -3.936799 -0.088865
24.395750 -3.893550 -0.060181
24.412410 2.850556 4.163201
24.445500 4.976389 4.265250
24.462100 0.918089 0.325381
24.494630 -0.130880 -7.248384
24.512390 -3.879978 1.906448
24.544070 1.762989 7.298758
24.560670 3.398082 5.041758
24.593200 4.951740 0.903960
24.609560 -0.467343 -6.292734
24.626100 -6.346880 -2.804996
24.642520 -3.512592 -1.690228
24.658940 -2.034805 -0.518682
24.675420 -0.030130 0.078965
24.692080 -0.938844 -2.786756
24.708620 -0.892609 1.355160
24.740780 4.502545 1.019690
24.757630 3.325194 -0.531181
24.790410 -1.526331 0.378899
24.807070 -2.250746 5.635904
24.824220 -0.685401 3.977699
24.839600 3.032586 -1.812905
24.856320 1.996017 -2.834082
24.872620 -0.711146 0.135625
24.888670 -1.620540 6.740812
24.905330 -1.060916 -0.625031
24.921940 -3.383602 -3.009236
24.940800 1.333262 0.690552
24.957820 1.310238 3.018617
24.987610 3.667554 3.864308
25.004090 -1.576271 -0.783504
25.036800 -6.426042 1.932982
25.053770 2.328964 4.189665
25.085820 3.967912 -1.238178
25.102720 1.391405 -4.098461
25.136660 -8.166671 -4.280892
25.152160 -2.124591 -2.825104
25.168460 5.331601 -6.520176
25.184450 3.221118 -12.618877
25.201480 1.836594 -6.701968
25.217900 3.740554 -0.378473
25.233950 0.176624 -0.342204
25.250670 -5.882451 -4.420013
25.283390 -7.114689 -5.631746
25.300110 -1.370424 4.329991
25.316220 3.108838 8.271134
25.332760 -1.587915 5.851768
25.349240 1.419683 4.100138
25.365720 3.280887 1.307857
25.382450 2.874789 0.206603
25.398560 1.210018 1.099056
25.415100 1.164312 0.394966
25.431270 4.061214 -0.546327
25.447630 1.302186 -0.771667
25.465270 -4.663215 -3.063959
25.481750 -2.289722 -0.808337
25.499150 3.737265 -4.078684
25.529970 7.137522 -0.100726
25.546450 -0.219117 2.167679
25.578860 -7.147276 2.660464
25.595340 -7.148070 -1.228963
25.628050 -6.254864 -4.606437
25.645080 1.530867 -1.812007
25.662290 4.240673 0.462967
25.678410 4.750128 4.990083
25.695190 0.047294 7.077272
25.712340 0.891172 6.848862
25.728820 0.826186 4.727341
25.744020 0.788570 1.860870
25.776180 2.483509 -1.094047
25.792850 0.394909 -0.786127
25.816830 -0.865881 -3.884321
25.826970 -5.434807 -0.756568
25.841800 0.160670 -0.692253
25.874690 5.707605 -1.450310
25.891110 3.765392 1.163017
25.924740 0.495507 4.017299
25.940860 -1.925700 2.750628
25.956850 1.533249 -2.319300
25.973080 -3.776847 -7.544156
25.989990 -12.212988 -3.009284
26.022950 -6.799853 -13.315904
26.040160 0.680864 6.084148
26.071840 3.751518 31.640061
26.088500 6.381698 25.559424
26.104860 -0.219797 8.488059
26.121950 -1.824913 -34.459145
26.140810 -10.356705 -31.015996
26.170530 -6.818529 -23.355892
26.187680 2.397390 -10.341526
26.219970 0.401260 2.679390
26.236940 3.699688 -3.635093
26.269230 2.884656 9.142144
26.318480 10.169008 54.722697
26.335820 5.661105 39.787464
26.598570 -3.135377 -4.081260
26.615110 -15.415354 -33.575392
26.630740 -8.399243 -24.638303
26.647030 41.279016 13.793102
26.663210 60.864829 0.616431
26.679630 63.912584 3.707844
26.696590 42.799807 1.993045
26.712460 21.902109 -1.355940
26.729980 15.299790 1.138208
26.745610 -2.902915 0.564875
26.761540 2.177404 -1.190213
26.778810 3.071638 -0.163553
26.797790 -0.048466 2.978166
26.810850 -1.976434 5.117863
26.827510 -2.535491 2.931193
26.843990 -1.945397 0.646084
26.860470 0.524050 2.166191
26.876950 -2.843978 1.465975
26.909420 -1.844798 0.039128
26.926390 -2.835925 1.062220
26.958980 -3.743730 1.769524
26.975590 0.886258 -1.532346
26.992190 2.458294 -5.246635
27.008420 3.023475 -7.751419
27.025150 6.764506 -0.645588
27.040590 3.507299 4.537775
27.057070 0.366971 2.277242
27.073610 -2.843751 -0.359878
27.089970 -7.618357 -2.096653
27.107120 6.169766 3.325331
27.126590 1.650179 -2.220700
27.155880 0.353399 -2.041364
27.172180 0.974343 3.241216
27.205260 -1.546367 1.319694
27.221860 3.165809 -2.248274
27.254580 -3.433127 -6.535179
27.271060 -0.413584 -0.363091
27.304140 0.020415 3.677931
27.320800 -3.041394 -1.358988
27.353520 -4.218557 1.367234
27.369750 0.167437 3.663731
27.402650 6.106821 3.028139
27.418950 5.306158 0.020249
27.434940 -2.557229 -1.078665
27.451540 -9.113705 2.083422
27.474000 -0.434150 3.355858
27.484860 3.276577 4.206417
27.501160 2.188859 3.698393
27.517700 -2.693137 -0.379962
27.534180 -8.308626 -1.020588
27.550420 -6.073818 -0.255749
27.568850 -3.750799 5.326214
27.583680 4.408752 4.569271
27.599670 10.227150 -1.973764
27.616700 3.106910 -6.498816
27.632750 -2.136764 -7.970542
27.649230 -0.650658 -2.622683
27.665830 1.438737 -2.820425
27.684940 1.237918 -3.586302
27.698000 -1.732480 -6.487546
27.714420 -1.658950 -0.230562
27.731510 0.148837 -0.434755
27.747680 3.401560 -1.844401
27.764470 4.904484 -4.362692
27.796810 3.578486 -5.734125
27.813540 -1.586062 1.116848
27.845760 -5.342262 1.153755
27.862490 -0.205772 7.842622
27.878720 1.340747 10.851856
27.896060 -0.281192 2.523894
27.911680 1.898670 -4.888696
27.944400 -0.859303 -4.398039
27.961430 -1.937873 0.925461
27.993590 -8.843481 0.945002
28.010190 0.908071 2.406227
28.026790 10.913482 2.487555
28.043210 9.015566 2.778297
28.060300 -3.537619 -1.293822
28.076600 -13.032723 -0.800942
28.092900 -8.188522 8.378380
28.110720 -3.205089 -0.305864
28.125670 5.844004 -5.291504
28.141780 5.056232 -6.688146
28.158870 5.493782 6.017990
28.174930 1.939121 12.923433
28.191160 -0.214504 7.063520
28.207820 -2.905978 -0.504481
28.224180 -4.476838 -0.653527
28.239930 0.516943 4.548951
28.256650 0.694209 -0.946443
28.289860 -1.601222 -2.087840
28.306760 -5.710667 -2.133915
28.340700 -5.784273 3.481465
28.354980 3.500154 -0.082958
28.371400 4.764305 -2.285913
28.388180 -0.045593 0.497133
28.404720 2.631704 6.609938
28.437010 -0.587373 3.878225
28.453920 4.788008 -3.531839
28.486570 -0.934913 -8.443545
28.503050 -1.824119 -5.816539
28.535950 4.900855 4.342490
28.552190 -1.701367 6.150755
28.585020 -2.074386 3.758242
28.601810 -8.101232 1.477458
28.618230 -1.669535 -6.321891
28.634460 3.800248 -13.057352
28.653750 7.104670 -10.025839
28.667540 3.219114 1.140854
28.683650 -3.945418 11.408850
28.700200 -6.622815 0.691001
28.716610 1.024737 -7.845481
28.732910 10.178459 -1.251882
28.749210 6.108182 1.037411
28.782350 -2.014882 -0.309503
28.799010 -6.177024 -4.328195
28.832890 0.217340 -2.055257
28.850590 -0.316351 1.259419
28.883910 0.563783 -0.506537
28.901000 1.357986 1.672059
28.930420 4.670285 -0.412852
28.947020 -0.485376 1.064134
28.979610 -5.371220 -0.839928
28.996950 -3.973658 0.527188
29.029170 1.213345 0.608563
29.045410 4.003108 -2.694063
29.078190 1.282452 -3.259527
29.096680 -1.452460 2.176256
29.111210 -9.567242 14.752929
29.127620 15.983571 -33.789557
29.144470 16.285616 -34.095095
29.310180 4.091609 -2.303351
29.324520 -11.952067 37.303470
29.341190 -15.301528 36.648177
29.357910 4.120113 -15.709253
29.374330 -3.103696 -7.521473
29.390690 -4.250955 -1.387011
29.406920 -0.890379 2.811400
29.423580 2.418145 3.658698
29.439880 3.062640 -3.574488
29.456240 0.366820 -0.996393
29.472780 -3.763577 6.557295
29.489140 -2.092381 6.649231
29.505980 2.743417 6.537518
29.521850 1.415941 -3.096825
29.541200 -0.914611 -3.094415
29.570680 -0.963947 -3.976163
29.587340 0.565862 -2.154164
29.603760 2.406199 3.863883
29.620180 -1.645113 -1.167294
29.638610 -2.073517 -4.751040
29.669560 -0.944742 -6.331838
29.685610 -2.361816 -3.709309
29.718690 4.988335 2.134340
29.735230 19.889436 -2.295412
29.767820 -20.177221 7.318157
29.784790 -79.347578 33.490350
29.817080 -148.408009 52.974222
29.833980 -131.257982 41.774516
29.866210 -56.187044 7.145083
29.883480 -5.782269 -7.826248
29.899600 15.162526 -2.278093
29.915710 -7.095408 4.028380
29.932620 -6.627956 2.899579
29.948970 -10.302494 -6.678671
29.965270 -9.327753 -14.368233
29.981750 -9.620886 -7.489080
29.998350 -7.921018 2.131576
30.014220 0.298771 6.545363
30.030700 5.289638 -2.375960
30.063480 9.017153 3.116814
30.080320 4.899872 13.398387
30.112980 -4.126616 9.795045
30.129700 -4.375371 -4.198738
30.163270 -4.818819 -5.764392
30.180540 -2.860990 -5.363002
30.213130 1.592149 -6.736370
30.228210 -1.435145 -4.960029
30.260990 0.731750 -2.121014
30.277710 4.135576 13.317038
30.310120 6.094119 5.934749
30.326600 3.199796 0.592070
30.359500 -2.133437 -6.281889
30.376160 -1.389175 -6.889171
30.410160 0.610661 6.534754
30.425480 1.445542 3.281738
30.458250 -5.819393 0.885743
30.474910 -0.487531 -6.239855
30.507260 3.136813 -0.820104
30.524780 8.583690 0.998850
30.556640 3.846067 0.840850
30.573180 -3.789852 1.804990
30.606140 1.615739 1.816307
30.626160 -3.343114 1.356341
30.638850 -1.854816 -3.159794
30.655150 -1.845214 1.876653
30.672120 1.261092 2.240122
30.704350 3.049749 3.029675
30.721500 -2.275999 2.164655
30.740230 1.069422 5.984958
30.754460 1.707907 6.032497
30.770690 2.885676 3.135126
30.786680 1.965773 -2.894475
30.803340 0.083889 -4.935243
30.819890 -0.837074 -0.449783
30.836120 -0.243123 6.320072
30.854920 5.769718 5.935222
30.868770 4.996765 -2.288205
30.901860 3.071827 -7.125000
30.918210 -4.206006 -4.749811
30.934880 -6.714113 13.757213
30.953670 -13.924545 10.762757
30.967530 11.952558 2.943929
30.984190 24.595196 -5.565729
31.247680 13.284419 -4.087781
31.264340 -12.710485 1.137972
31.296450 -32.406455 -8.387996
31.314820 -2.012311 -10.217505
31.330690 2.507591 -2.699497
31.346620 8.036813 -3.931435
31.361450 2.991643 -5.845247
31.395020 -0.113755 -2.462344
31.411250 1.554268 2.699521
31.427670 -6.498967 11.846500
31.443910 -6.722770 5.322551
31.460330 -2.112229 5.161267
31.477050 8.119756 1.528353
31.493160 11.666006 0.686157
31.509520 7.283599 -5.433484
31.526250 -5.866460 -9.348602
31.542050 -11.554749 -6.609583
31.559020 -9.896327 -4.479177
31.575130 1.845932 -4.471924
31.591800 5.717094 -6.027157
31.608580 -1.125297 1.892177
31.640930 -3.745847 10.043370
31.657900 -1.608102 5.404398
31.690310 4.926373 -5.279218
31.707210 0.249058 -10.162548
31.739560 -4.030781 -6.676710
31.756470 0.367954 -1.113351
31.772640 2.873050 4.637532
31.788940 1.820149 10.407636
31.805540 0.707819 7.433366
31.839360 2.939510 0.234744
31.854680 0.844181 -4.177378
31.871220 -1.079289 0.517288
31.887450 0.990032 5.186242
31.905090 -0.453090 -2.989696
31.921570 -1.596005 -5.358395
31.942870 -5.561264 -2.686857
31.954040 3.294950 3.895922
31.969910 7.262731 6.583096
31.985900 2.808177 1.709674
32.002690 0.151257 0.904905
32.019040 -3.961939 1.377205
32.035520 -0.251553 -1.027203
32.051880 0.614819 1.076137
32.083980 0.944402 5.191440
32.100710 -1.542549 2.414190
32.117130 -2.454438 -4.511902
32.134160 -1.324831 -11.098385
32.150570 4.885015 -8.592328
32.170290 0.565976 -1.635057
32.183290 -3.441595 -0.584462
32.200010 -2.770410 1.802556
32.232670 1.013168 3.225101
32.249330 5.627081 4.746480
32.270140 -1.477676 4.350949
32.281980 -1.939953 -1.464487
32.298160 -0.037351 -2.301910
32.314450 -2.276415 -1.979033
32.331120 -4.251636 1.897186
32.347410 -4.941155 1.444238
32.381290 -5.228092 -0.189402
32.396300 2.337281 1.722363
32.413270 3.662677 1.233759
32.429200 4.249330 4.768926
32.445800 4.319873 -2.633032
32.478580 -1.131611 -8.367180
32.495480 2.058622 -6.170602
32.528500 -4.021973 3.798221
32.545530 -3.015762 8.865582
32.577640 1.922449 1.764657
32.595760 0.791443 -5.470698
32.610600 1.662277 -6.328460
32.626590 -4.095125 0.422492
32.643070 2.371381 1.972158
32.659360 7.802804 2.931500
32.675960 7.933267 -0.889074
32.692200 4.957486 0.845481
32.708560 -2.963214 1.279645
32.725160 -8.716043 7.243682
32.741940 -10.625302 8.404961
32.774600 -6.699369 5.361608
32.790890 1.854703 -2.464328
32.807800 1.803213 -3.920566
32.823970 -2.805417 3.926851
32.840390 0.348182 2.220535
32.856930 0.438082 -5.556065
32.872920 -0.062264 -13.143898
32.889220 -1.470342 -4.933117
32.905940 1.707113 8.782838
32.922550 7.343103 15.698928
32.938840 1.909255 1.033867
32.955260 -0.187398 -10.541675
32.971680 -0.894877 -3.617136
32.988100 0.736626 4.005178
33.020750 1.433822 8.977175
33.037900 -0.151484 0.736697
33.070310 1.685300 1.256466
33.086850 -0.616785 0.886452
33.103330 -0.732317 -5.305894
33.119570 -2.120319 -4.008580
33.136350 -2.135592 -2.117021
33.168580 -2.054615 -0.223592
33.184750 2.532429 2.305099
33.201050 5.270735 1.083202
33.217590 4.343652 -0.858925
33.234500 -2.070871 -4.610690
33.250730 -3.602718 3.519009
33.266970 4.795569 3.627320
33.283810 1.732178 -2.921482
33.316220 -1.876252 -1.645713
33.332700 -6.553065 -1.747101
33.365600 -2.081796 4.305229
33.382140 1.759095 -8.998866
33.398990 -2.499085 -9.089383
33.414980 -3.181612 -2.680784
33.431400 2.390963 5.543283
33.447880 5.140083 11.661994
33.464170 -11.973615 7.744543
33.481260 29.028864 0.534513
33.497500 73.189050 -10.942633
33.513980 80.468752 -11.935717
33.530400 40.176371 -7.908897
33.563110 -11.272543 2.775839
33.579830 -4.209295 4.635807
33.612300 -7.707840 1.467936
33.629150 2.168671 -2.955719
33.645450 13.373522 -4.403970
33.661800 14.828195 -1.202027
33.678160 5.439041 -1.361516
33.694400 -6.825598 -0.150203
33.710510 -6.146213 0.431565
33.728640 -0.279302 -3.020483
33.745360 2.163114 -7.045398
33.761050 0.403944 -7.857838
33.778260 -2.964991 -0.856420
33.795100 -1.618234 12.408783
33.811160 2.773132 17.221344
33.826480 5.532759 9.345672
33.842650 12.285345 5.964993
34.155270 -0.214126 -6.006767
34.172000 -8.473491 -12.818268
34.204040 -9.129470 -15.662779
34.220520 0.912419 -11.402588
34.237060 2.116917 5.988337
34.252810 -10.531170 7.824003
34.269590 -6.520516 0.527613
34.286250 2.510994 -4.441727
34.302370 7.730560 -1.966251
34.319150 5.737357 4.976119
34.351440 -1.928687 1.735571
34.368410 0.194354 0.662883
34.400820 12.273285 5.349511
34.417480 6.087919 6.325341
34.452450 -2.776647 -2.597992
34.467100 -5.518318 -6.075996
34.499270 5.308124 5.334271
34.518430 11.171153 2.744580
34.533810 -7.356032 -6.037766
34.549870 -17.266107 -15.752136
34.570370 -8.900527 -1.019241
34.587340 5.291604 6.427484
34.598080 14.292220 2.712895
34.614620 7.567510 0.039435
34.647340 1.828807 -0.645611
34.664180 -7.773619 3.193794
34.680110 -6.996776 -7.487780
34.696470 0.895255 -11.426547
34.712950 3.771025 -1.425193
34.729740 1.395337 8.243088
34.746030 -8.000975 11.100134
34.762630 -6.045578 5.582222
34.794980 3.230077 -1.602947
34.811710 5.089462 -2.025132
34.844480 1.987738 -4.078873
34.861020 0.010169 0.790262
34.877320 0.050394 3.121257
34.893740 6.108749 3.111640
34.910520 1.312393 -1.669932
34.926820 -4.430641 -4.481280
34.942990 -3.770987 -1.811653
34.959720 -6.425589 4.064744
34.976200 -7.407522 10.935876
34.992610 -5.139289 2.478033
35.008730 1.822229 -5.645993
35.041750 8.256759 -1.199215
35.057920 6.724887 8.237960
35.091130 5.297652 11.167897
35.109440 1.021864 -0.666310
35.123600 -4.576075 -6.982855
35.140320 -6.155400 -3.480047
35.156860 -0.784223 -2.517113
35.189640 1.488866 -0.247905
35.206120 0.169365 1.371723
35.238830 -0.064268 0.044775
35.255310 4.179164 -4.449619
35.288150 6.347522 -8.288618
35.304570 -0.326596 -2.138924
35.338990 -4.414650 1.708682
35.354000 1.738907 2.137341
35.386720 0.804297 2.929256
35.403260 -1.250658 -4.106707
35.436040 -3.834612 -4.454699
35.452330 -2.098695 -5.313336
35.485050 4.292049 0.388066
35.501160 -0.117460 6.711348
35.534910 -0.412488 5.298640
35.552000 2.038132 -2.307391
35.567690 -0.405721 -9.659021
35.584110 -2.476591 -12.302673
35.600710 -4.183020 1.858412
35.617310 -3.489040 4.881253
35.633540 -2.282124 2.592368
35.650270 -1.393409 -0.262885
35.682500 3.314269 -1.510349
35.699460 1.485804 -2.803366
35.715820 2.131018 -2.133348
35.732060 2.192413 9.436118
35.749330 6.758230 8.325265
35.766540 4.912537 0.454674
35.782710 -2.344312 -9.360061
35.797300 0.628240 -6.119590
35.813780 2.069132 4.497489
35.830080 5.029013 9.799983
35.846500 -3.494521 12.251189
35.863220 -9.195551 9.891871
35.879210 -7.036433 5.905096
35.896000 -2.039908 -2.356325
35.912170 2.377392 -7.038333
35.928530 -1.324302 -4.802927
35.945070 -0.281910 2.250637
35.961610 0.980165 5.482559
35.977720 1.938743 -2.564605
35.994570 -0.974532 2.048759
36.010930 -0.287770 -0.366517
36.027100 1.440211 -3.669354
36.045040 4.389283 -3.755785
36.062380 4.347471 -5.566627
36.078370 0.231328 -3.371642
36.098020 2.304202 -1.783583
36.114750 0.305992 0.768595
36.125730 -0.216054 3.322378
36.142330 -4.693308 -1.234752
36.158750 -2.604144 -2.371754
36.175230 3.899863 0.274132
36.191650 1.379497 4.437214
36.209290 1.133841 4.804959
36.224300 1.573776 3.286959
36.240780 -1.502098 -4.457652
36.257750 -4.601102 -7.210296
36.273740 -6.544370 -1.186362
36.290530 -1.417642 0.086691
36.308410 3.466092 3.340004
36.323850 0.894726 3.130259
36.339720 1.135769 2.089187
36.356020 0.200290 1.331579
36.372310 -1.297725 0.615935
36.388550 1.071388 2.344038
36.405330 2.210786 0.619880
36.421570 3.250114 -2.182706
36.438170 -5.599371 -8.257760
36.454470 -4.646581 -2.718565
36.470890 3.272570 5.560862
36.487610 3.396380 4.515163
36.503780 3.415510 -3.839310
36.521000 -8.062293 -15.827600
36.539920 0.402848 -2.752920
36.569030 8.202698 10.816935
36.585750 3.803613 8.479152
36.601930 -2.042517 -3.832812
36.618900 -10.946938 -10.835081
36.635620 -6.727495 -0.706784
36.668330 1.188999 8.599535
36.684940 6.390998 7.587986
36.717650 9.448915 2.575238
36.735110 0.920131 -1.634537
36.756040 -7.167653 1.008372
36.771970 -8.945363 3.058619
36.783570 2.480410 8.807056
36.799190 6.740916 1.611784
36.815310 -11.237499 -9.663865
36.832030 12.995789 -7.359883
36.848510 64.958459 2.565432
36.864870 88.283735 15.047203
36.881290 57.151686 3.826858
36.914310 3.653490 -7.455788
36.931030 -3.451122 -5.210059
36.947510 1.517862 1.968188
36.964780 -2.279893 7.186834
36.981380 -6.333308 -1.001284
36.996770 -2.281367 -4.084001
37.013000 6.880641 1.488540
37.029970 4.702154 2.195347
37.062680 -1.486711 -1.007450
37.082520 -1.170701 -7.797067
37.095830 -0.298847 14.558171
37.111510 4.760638 20.772599
37.127620 -3.879071 -0.231460
37.457460 -4.047869 -21.385269
37.474060 -0.709445 -20.885910
37.505680 -6.578016 1.526439
37.522520 2.225152 -2.548349
37.555240 1.525007 -6.201744
37.571720 1.912506 1.168428
37.603880 -5.406718 9.166291
37.620910 -6.192070 9.057911
37.637330 1.643450 1.737744
37.653500 3.339862 0.621534
37.670290 3.078329 -4.496095
37.688050 -0.596673 -7.771857
37.704470 -2.470731 -6.164695
37.720950 -4.311254 -1.273124
37.739380 3.440347 -2.463218
37.757510 10.908227 -6.953438
37.770080 4.487726 -0.838841
37.801570 0.474299 6.757588
37.818180 -4.728655 9.892650
37.853700 -2.698354 3.802616
37.867130 -4.313144 -2.604253
37.883850 -3.171556 1.526912
37.900450 4.197084 1.957036
37.916870 1.744540 2.129118
37.949710 -3.071751 2.844668
37.966250 -0.263877 -2.448568
37.982850 1.307252 1.457918
37.998660 2.435989 -1.734413
38.014890 1.266082 -2.933320
38.047910 0.981828 0.627441
38.064390 4.312010 3.636228
38.097230 -3.031414 4.350334
38.113460 -5.949668 -1.268823
38.146300 -2.184209 -3.440659
38.162720 0.373889 1.758442
38.195620 5.072790 3.127069
38.212340 1.909671 0.373677
38.244810 -1.239544 -1.879063
38.261410 -1.225480 1.521808
38.278020 -1.851565 -1.280944
38.294190 2.165118 -7.340839
38.310300 -1.020427 -8.015080
38.327150 -1.672900 -3.488364
38.343380 0.841762 1.418578
38.360050 0.100296 1.055061
38.393070 -2.849384 3.501926
38.409480 -2.535491 3.354346
38.425660 -1.327780 4.660852
38.442260 0.141995 -3.419181
38.458620 0.016332 -2.036922
38.491820 2.362194 0.423130
38.508730 2.107806 4.058222
38.524230 -0.883990 2.585304
38.540770 -0.513994 -7.901762
38.557250 4.216175 -4.440782
38.573730 4.006208 -1.014775
38.589720 -0.536639 3.494625
38.608090 -4.520276 -1.060897
38.623050 -2.010648 -0.427690
38.639160 4.103215 5.696013
38.655330 3.329315 1.907346
38.672360 1.164047 -0.418192
38.690000 -2.372061 -1.006860
38.706730 -0.383530 -0.795153
38.725770 -1.339499 1.995195
38.744690 -4.193417 1.806880
38.755620 2.179937 0.474616
38.771060 2.077675 -0.251591
38.787290 -2.529102 -1.222938
38.804020 -2.567890 0.660237
38.820680 -3.065778 0.085770
38.838130 -1.110780 -2.932989
38.853520 0.721051 -2.892373
38.869930 1.711876 -0.417176
38.886050 2.313086 0.706288
38.902340 -1.591468 4.739462
38.918880 -2.233998 3.473927
38.936220 3.306859 -1.327350
38.951780 -0.162598 -3.227370
38.967960 -4.688015 -2.860073
38.984250 -6.771424 -1.038049
39.001100 -1.907856 3.900530
39.017270 5.255084 5.677253
39.034000 6.230139 2.093393
39.050230 5.557786 1.166112
39.067020 0.658446 0.841960
39.082950 -1.201512 4.194721
39.099300 -1.924301 0.329989
39.116210 -1.896439 -4.677864
39.132510 1.778564 -1.552879
39.149050 0.375893 -2.764427
39.181520 -0.954344 -4.835770
39.198790 1.325738 -2.179989
39.214600 1.013017 -0.133333
39.230770 1.213194 2.217440
39.247560 -2.279250 -2.469550
39.264160 -1.418549 -3.896678
39.279970 2.709809 -0.154882
39.296810 2.987711 -1.706414
39.313350 0.486170 -0.366399
39.329350 -3.962392 2.106223
39.346250 -1.397303 2.659968
39.362610 -0.951093 1.188512
39.378850 0.389692 -0.087447
39.395140 2.058508 0.349553
39.427800 3.213103 0.411741
39.444340 3.834726 -1.214715
39.460820 -1.505084 2.024281
39.476680 -3.186073 5.482937
39.493710 -1.197316 -1.172303
39.509890 -0.613080 -4.297313
39.527280 -1.685413 -4.448438
39.542790 0.051263 6.798747
39.559200 2.783036 7.562727
39.575130 1.111801 -2.266066
39.592160 -3.228036 -3.727573
39.624690 -5.338632 -0.057652
39.641360 -0.283725 1.741170
39.658080 1.583227 -0.897675
39.673950 6.090679 -3.062706
39.690310 2.309797 1.349111
39.724060 -2.514472 2.891002
39.740110 1.957040 -2.170255
39.757200 -15.938207 5.162898
39.773620 -89.527303 31.420952
39.789980 -151.501149 44.392069
39.827640 -134.680170 35.440872
39.841860 -46.277819 11.777366
39.873720 13.312885 -6.451111
39.888430 8.942188 1.825546
39.924800 1.069611 1.816426
39.937260 -6.852023 10.148442
39.953860 -5.784764 4.895879
39.970400 -8.674836 -4.454463
39.987000 -3.054474 -6.555357
40.003360 0.698444 -2.626345
40.019350 -1.339310 8.320350
40.035710 -3.848525 -1.080603
40.052550 0.469838 -1.742919
40.068790 5.612602 0.766870
40.084960 6.567809 6.050502
40.101930 1.769604 9.954578
40.117860 -4.745818 4.697712
40.134700 -3.977325 3.996955
40.150760 -4.241126 -5.566131
40.167110 -4.013769 -12.116986
40.183840 -2.776685 -8.565275
40.200320 1.114674 -2.422389
40.216430 3.433278 0.721694
40.232970 0.005444 -2.107499
40.249570 -1.719211 -1.680376
40.266050 0.363228 -1.475096
40.282290 -1.120799 4.641099
40.298950 -1.342977 5.135655
40.315060 0.965648 1.944915
40.332280 -2.504983 1.452507
40.348630 -0.734056 -4.916081
40.364560 1.962976 -5.107939
40.381350 5.745183 -7.408367
40.397280 2.668110 6.231751
40.413640 -7.219785 18.102119
40.430180 0.889471 13.692592
40.446590 0.079503 2.813951
40.462710 -6.362682 -5.820461
40.479250 -4.269215 -4.517313
40.496030 -0.364552 -5.530855
40.513120 3.664907 -5.804630
40.528500 0.724378 -4.916175
40.545100 1.880713 -0.574349
40.561340 8.164894 0.087731
40.577820 1.242454 4.736154
40.594480 -4.095087 8.155760
40.610960 -2.927375 2.123755
40.627440 2.030873 1.459903
40.660220 2.633178 -0.554667
40.676570 0.063361 -0.932384
40.708920 0.125928 -1.987799
40.725160 3.763388 -6.795345
40.758480 3.408516 3.438674
40.774900 -4.124159 9.586579
40.807920 -3.959822 8.224209
40.824100 0.314952 -0.190040
40.857060 6.335803 -7.250440
40.873660 2.223564 -0.255631
40.906560 -1.684355 6.741214
40.922790 3.613531 4.161689
40.956540 4.750582 -2.008238
40.973570 -0.587071 -2.536654
41.006160 -8.449447 0.719969
41.024230 -4.934350 1.654408
41.041320 8.385331 -0.293460
41.054140 13.128252 1.204413
41.071040 7.927634 -0.582666
41.087770 2.016772 4.163178
41.103700 -11.231980 -8.682397
41.123600 -30.118065 -44.148225
41.136470 -44.584980 -75.034270
41.152830 -47.967092 -92.809509
41.169620 -43.241400 -85.798237
41.186100 -16.307088 -41.026911
41.383300 18.046049 16.342146
41.399410 44.447990 70.448849
41.415950 52.476284 98.961921
41.432430 39.900632 79.754316
41.451780 25.419583 55.611185
41.465030 4.245738 19.667297
41.497680 -6.349110 4.441231
41.514590 -2.183302 2.311030
41.546880 -0.309999 -7.432562
41.563600 -5.678382 -8.208615
41.596560 -3.110312 0.590582
41.613040 2.907452 5.910625
41.645940 7.315128 0.358744
41.662350 6.733166 -1.588557
41.680050 0.164262 0.714534
41.694950 -1.587045 8.049742
41.711670 -4.936921 1.567434
41.727840 -7.506380 -5.877451
41.744020 -2.068375 -7.960878
41.760620 2.925107 -8.445128
41.793520 6.852212 -8.835788
41.809630 1.223930 -5.211051
41.826350 -4.280103 5.384126
41.842770 -4.262259 8.643081
41.859010 -0.123584 2.072080
41.891660 3.249433 -3.433193
41.908570 3.607709 -4.217735
41.924680 0.921681 1.394501
41.941220 -2.473302 3.818706
41.957760 -2.811995 2.499132
41.974490 -3.352376 0.481822
41.990540 0.492256 -4.927588
42.006770 1.103522 -2.062109
42.039670 -1.019557 5.161858
42.055970 -0.552593 1.821387
42.088990 1.002281 -2.938353
42.107790 3.487528 -6.807939
42.122380 1.894663 -1.709320
42.137880 1.174671 2.791623
42.155520 1.243362 3.252722
42.187990 -0.589830 7.655632
42.204830 -0.556676 1.110516
42.224180 -0.414530 -3.319542
42.237430 0.692924 -4.224374
42.253850 0.429878 0.474545
42.270140 -2.390699 2.953829
42.286990 -5.285819 -2.873068
42.303710 -0.280360 2.712020
42.320130 6.995605 7.031906
42.336000 7.935082 6.800685
42.352600 3.070995 0.225009
42.385010 0.751295 -7.522182
42.401790 -2.168861 -4.808220
42.417970 -5.311602 -5.014231
42.434270 -5.525425 -6.260199
42.451050 -2.798196 -7.491443
42.467410 0.043362 0.986422
42.483400 -2.899210 10.151703
42.500730 1.113918 3.368641
42.516970 1.462705 -2.531668
42.533140 -1.092521 -3.846209
42.549680 0.844294 -1.923366
42.582580 2.435119 3.092690
42.599550 1.782080 4.508689
42.631650 -1.486673 8.907946
42.648620 -3.134847 -1.572325
42.665100 -2.203679 -9.085792
42.681340 -0.637616 -5.812546
42.697880 -3.808414 2.189299
42.715820 2.918075 5.525775
42.730290 -5.596157 -0.463912
42.746830 36.185029 -4.223618
42.768860 77.650208 -3.705363
42.780210 78.199934 -0.552706
42.795410 39.379233 -0.902471
42.811830 -11.425195 2.982608
42.828430 -3.387837 3.306760
42.845090 0.378804 1.460328
42.861570 0.024233 -6.071247
42.879090 -2.806664 -12.054113
42.894590 -4.718410 -4.853869
42.910950 6.493297 6.518663
42.927120 17.831822 5.694643
42.943790 11.285207 0.312906
42.976440 5.012795 0.084754
42.992610 1.451061 -2.511939
43.025570 5.352129 -0.259388
43.042240 -1.977190 -4.270826
43.074650 -11.421112 0.789482
43.093570 -8.417200 1.005064
43.123900 3.806902 -5.012837
43.140500 -0.041623 18.401585
43.173580 3.849545 5.994433
43.190250 10.872578 7.279809
43.486390 11.900729 -3.500131
43.518980 7.713132 -1.187141
43.535220 -16.885622 -6.299941
43.551570 -16.167520 -27.190013
43.568180 -7.457726 -11.045696
43.584170 2.086371 0.303029
43.600650 1.965735 11.324571
43.617310 -4.671041 3.014600
43.633730 -1.473215 4.738919
43.649780 -0.561363 2.377117
43.666560 -1.008367 1.205807
43.682740 -3.420424 0.259955
43.699340 -1.130439 0.171563
43.715640 3.171442 0.116604
43.731810 -0.587146 1.964030
43.755130 2.958753 4.643320
43.770080 6.604291 5.783578
43.781370 7.154912 -0.032252
43.798030 0.181463 -7.616670
43.813840 -9.308964 -6.551459
43.830380 -4.891404 -2.476379
43.865780 -0.472636 3.892709
43.880190 1.425165 -4.037973
43.896360 3.390407 -0.327791
43.912900 3.319523 2.357695
43.929440 -3.870338 7.093717
43.962220 -12.306968 8.023161
43.978450 -5.919764 -1.444190
43.995240 7.611287 -0.114950
44.011350 14.194310 -3.453300
44.028080 5.618764 -4.363495
44.045530 -6.000250 -0.699318
44.061890 -0.812652 -5.041238
44.085880 -3.381674 0.963857
44.110170 2.106067 3.997499
44.126220 4.252052 -1.107421
44.159360 3.688233 -4.145551
44.175720 -1.543985 -5.564453
44.208500 -10.971208 3.008055
44.224980 -0.599017 1.195057
44.257690 7.138468 -3.393451
44.274480 6.977988 -3.540676
44.290950 -2.489823 0.879150
44.307920 -7.998177 1.712368
44.323670 -1.991821 1.974071
44.356080 2.826588 4.289091
44.373290 0.681961 2.947355
44.405700 -4.902216 -1.261310
44.422420 -0.673379 -4.951428
44.438660 3.394415 -0.366754
44.455260 -1.041711 6.282102
44.471800 0.705513 3.898214
44.488100 -0.225619 1.008750
44.504150 1.815991 -0.636964
44.520940 -4.468294 -2.415159
44.537170 -0.871174 -2.856647
44.553830 9.964790 -2.406085
44.570130 4.743361 -0.451602
44.586730 -5.789830 -0.283111
44.602720 -13.912448 -4.816418
44.619450 -3.879751 -1.642405
44.638060 9.933186 3.205986
44.651920 15.393806 4.808928
44.668520 2.187990 1.789301
44.685180 -6.717515 0.562063
44.701230 -9.120170 3.478251
44.718140 -4.826191 -0.069490
44.750790 0.861609 -6.047950
44.767270 -3.403336 -3.490136
44.783810 7.362686 1.426587
44.799990 0.458950 10.100904
44.816830 -1.696490 5.798251
44.850280 -4.147219 2.041175
44.865600 -1.886345 0.579429
44.898680 5.865174 -3.390024
44.915160 6.551553 -3.479952
44.931820 2.753322 -2.898303
44.947570 -4.629380 -1.648950
44.964170 -5.953108 -2.727686
44.997130 -3.508660 -2.702427
45.013670 4.062650 -6.579836
45.030090 -0.530363 -0.274675
45.046390 -2.163190 2.501873
45.063660 -2.741338 3.952488
45.095830 1.322412 1.086770
45.112430 3.378990 -3.013844
45.145020 1.865250 -0.333486
45.161620 -0.994077 -0.365974
45.180180 -2.181487 -1.052722
45.194340 0.584576 -1.767965
45.211180 0.444433 2.638490
45.227230 1.504857 12.078119
45.243530 0.743280 -5.779207
45.260380 4.425802 -37.534963
45.276490 6.085991 -78.176706
45.292720 5.036044 -76.757223
45.309450 2.274033 -46.777742
45.325870 -4.621630 -14.245940
45.342100 -4.228310 11.160431
45.358520 -10.668096 -11.340094
45.375120 -6.670600 -1.270548
45.391540 2.016318 28.388438
45.408260 3.581737 83.146576
45.424560 2.777290 97.403022
45.440920 -4.044504 45.964374
45.457460 0.446097 10.196122
45.489810 1.117169 -13.792039
45.506290 -2.293956 -7.780292
45.539120 0.581740 1.004332
45.555730 3.264102 4.965699
45.588440 4.272996 5.099197
45.605470 -4.047037 0.489359
45.637630 -5.873605 1.572514
45.654170 39.040941 4.516769
45.687190 62.661709 4.475279
45.703920 70.205771 -4.513840
45.720400 45.731193 -1.511955
45.736330 10.882256 0.618085
45.753170 7.337810 -4.459188
45.785640 -4.682609 0.004017
45.802310 3.662450 0.882813
45.835080 3.696625 7.161670
45.851810 -3.812383 -3.009166
45.867980 -2.524944 -10.204227
45.884030 0.540004 1.279527
45.901490 -0.139159 3.742931
45.939940 1.104391 3.071260
45.952450 -0.849171 -2.344983
45.982600 0.343230 1.386514
45.999630 3.106002 2.787961
46.032040 -0.722563 -5.496783
46.049070 0.606313 -9.605717
46.081300 2.585318 -7.806448
46.098020 0.349430 -0.468283
46.114560 -3.869468 6.365035
46.130680 -8.867184 7.701351
46.147580 -1.972881 6.570196
46.163570 5.663109 3.844130
46.179870 4.658149 3.504077
46.196110 6.043045 1.037529
46.212830 -4.668168 0.628410
46.229060 -10.232405 4.526480
46.245670 -4.651118 2.448545
46.277950 4.819500 -1.307668
46.294740 8.169922 -7.733769
46.311520 0.148573 -5.743529
46.328980 -1.485010 -1.086179
46.345460 1.956436 -2.199742
46.362060 -4.303995 10.565468
46.382810 3.793746 0.160103
46.399350 21.782657 -29.744915
46.411070 50.630076 -68.874624
46.426700 53.115866 -69.139561
46.442990 26.344019 -32.101946
46.476620 6.670978 -18.410894
46.493470 -11.271787 2.474347
46.524900 -19.487147 30.720983
46.541810 -42.781478 73.332122
46.558110 -49.484949 72.285585
46.574710 -31.048767 30.969269
46.593870 -11.338587 6.113470
46.607790 2.231049 -2.252031
46.623600 4.687070 4.060325
46.640320 2.996595 0.410017
46.656800 1.813193 -8.398392
46.673220 -3.247354 -8.259934
46.689510 -0.984815 1.470914
46.722110 0.570739 8.709947
46.739070 -1.857236 5.626547
46.771790 -3.186489 -4.544792
46.788330 -0.840854 -1.103262
46.804570 4.713495 6.216983
46.823490 4.256740 5.216060
46.837710 -1.805405 -2.377306
46.870000 -6.198686 -8.393171
46.887150 -4.562201 0.277204
46.903260 2.045163 4.850206
46.919740 0.317409 3.630817
46.936520 0.070997 0.114832
46.967900 -0.273934 -0.471000
46.985110 1.775313 3.974083
47.001160 2.751432 1.235508
47.018310 -2.708107 -2.297751
47.035890 -1.747791 -3.198000
47.050720 -0.542310 -2.929398
47.067200 3.102222 -2.792733
47.084780 -1.877726 0.720890
47.101070 -2.382268 2.097268
47.117490 -0.321038 -0.367274
47.134160 4.810767 -2.006111
47.150510 3.989309 -0.154125
47.165340 0.095684 3.505896
47.181760 1.994618 1.054825
47.214900 3.180969 -0.950082
47.231810 3.271171 -2.741461
47.247920 -2.407711 -3.648987
47.264470 -2.317017 -5.330656
47.281070 -6.473449 -2.411449
47.297360 -0.720900 7.222535
47.313540 8.339739 13.397867
47.330440 1.337723 4.492929
47.346860 -5.456583 -6.684200
47.363160 -9.610603 -10.214103
47.379460 -0.896994 -4.238196
47.396240 2.261029 2.539513
47.412350 -5.942334 0.741801
47.428710 1.400063 -0.474285
47.445250 6.531706 0.740265
47.461490 7.064635 2.737349
47.478090 1.040804 -0.638358
47.494450 -4.842107 -2.533204
47.510800 1.595627 -9.670268
47.543880 0.733753 -11.418395
47.560060 5.938326 -5.349180
47.576970 3.646496 3.722777
47.609620 -0.659921 13.539418
47.626280 1.328952 3.476007
47.642330 -2.602405 -1.878189
47.658690 -0.535429 0.788395
47.675290 -1.219016 1.151227
47.692140 -3.365910 4.928675
47.707820 -3.366099 6.326617
47.724610 -3.802441 1.569300
47.740910 -0.332077 -1.517319
47.757320 4.264716 -3.989961
47.773990 1.480284 4.761129
47.790530 -3.771479 7.258308
47.806640 -5.989740 -0.029937
47.823120 -4.620382 0.821404
47.839840 1.452687 -6.010925
47.855530 6.534163 -3.634857
47.872620 3.913360 -7.284345
47.905400 -3.078178 -0.868163
47.921940 -5.592679 6.340226
47.954650 -2.499425 6.658800
47.970890 2.034351 2.153833
48.003660 1.162044 -9.627289
48.023130 4.403346 -7.084171
48.037600 0.298053 3.110789
48.052670 -8.120701 12.317960
48.069460 -4.684310 4.130051
48.085570 1.341465 -0.631931
48.101810 8.371608 -1.251882
48.118770 2.610307 3.970067
48.134830 -2.632460 -2.750652
48.151610 -0.837981 -15.132496
48.167850 -0.463676 -12.233870
48.184750 6.254523 0.089290
48.200810 11.549305 11.186634
48.217410 5.916097 5.574283
48.234070 1.233268 -0.574113
48.250060 -9.185571 -8.696243
48.266600 -52.664718 -37.302337
48.299620 -65.049797 -41.472060
48.316100 -85.117205 -58.916449
48.332580 -75.123951 -52.751741
48.348820 -52.222822 -37.606608
48.367860 -26.111285 -15.519718
48.383970 15.775617 15.949539
48.399840 6.764771 7.919435
48.414550 1.904756 -0.732492
48.447140 -1.137886 -11.912349
48.464110 1.722046 -9.557753
48.480410 -7.069777 -2.903383
48.496460 -2.057374 8.248262
48.512940 2.438182 1.607672
48.545900 3.706001 0.231271
48.563230 26.749686 7.117864
48.594850 -61.999481 -30.291172
48.611820 -127.475894 -60.475524
