0.049070 520.679600 973.305375 0.213810 743.228263 0.098270
0.361150 672.736400 245.798000 0.098690 209.877437 0.067470
0.527310 625.776000 41.241750 0.408850 170.512474 0.295500
1.231660 793.245600 73.311000 0.016570 137.152965 0.098660
1.346890 662.104800 33.148500 0.016570 31.931820 0.032870
1.396330 643.742400 7.024500 0.016540 61.945208 0.082220
1.495090 662.968320 65.910600 0.114590 123.723359 0.049960
1.659640 757.814400 145.356750 0.032380 71.811960 0.016420
1.708440 765.735600 73.983000 0.082090 30.402526 0.033230
1.823760 756.571200 102.971400 0.098240 79.900468 0.033260
1.955260 739.401600 24.937500 0.016480 57.967546 0.016020
1.987760 700.946400 68.313000 0.049320 151.724651 0.969210
3.006290 852.258400 79.495500 0.065640 61.697165 0.016510
3.088440 913.852800 83.055000 0.016510 105.634911 0.065460
3.170410 846.585600 1.606500 0.016450 73.259179 0.016780
3.203640 823.810400 71.235500 0.049350 170.314520 0.131260
3.384250 989.023200 29.862000 0.246120 78.267257 0.115510
3.745880 944.798400 94.437000 0.015840 116.053766 0.065830
3.827550 830.457600 74.571000 0.032680 40.101943 0.016880
3.877110 869.870400 67.168500 0.016410 58.286386 0.016000
3.909520 856.858800 10.353000 0.098750 82.452505 0.016690
4.024960 884.499000 88.034625 0.066990 108.382960 0.130310
4.222260 780.294900 117.840187 0.180540 24.028290 0.016330
4.419130 757.411200 110.512500 0.049310 198.023537 0.213410
4.681850 943.551000 42.945525 0.427560 88.355549 0.016410
5.125820 1023.288000 81.007500 0.016000 82.359118 0.016840
5.158660 1085.742000 27.318375 0.229550 275.238757 0.772620
6.160830 810.503400 27.024375 0.065430 62.943911 0.016720
6.242980 753.463200 0.409500 0.032690 208.095329 0.164450
6.440120 960.338400 22.911000 0.016270 103.008995 0.049100
6.505490 959.431200 125.916000 0.016180 98.275197 0.049280
6.570950 952.435680 27.890100 0.148010 111.003138 0.082280
6.801240 1061.141200 50.358000 0.114930 191.933006 0.082210
6.998380 869.271200 45.440500 0.049500 85.073595 0.180700
7.228580 949.015200 15.802500 0.032740 28.267296 0.016180
7.277500 925.764000 31.878000 0.032830 28.417034 0.016850
7.327180 953.324400 24.953250 0.033450 50.015705 0.016840
7.377470 922.773600 64.554000 0.017030 80.738861 0.015260
7.409760 1001.340200 45.951500 0.197170 101.328301 0.048560
7.655490 1098.430200 16.952250 0.147520 457.694887 0.164640
7.967650 645.481200 82.692750 0.032660 59.880019 0.049650
8.049960 602.617680 40.879650 0.246400 106.015317 0.065790
8.362150 708.321600 32.760000 0.032500 56.122952 0.016820
8.411470 704.256000 88.735500 0.049220 148.144479 0.098850
8.559540 838.055782 25.139864 0.196960 70.873833 0.032410
8.788910 908.762400 30.005500 0.082340 28.433219 0.033110
8.904360 911.967467 58.257500 0.147730 141.506382 0.032540
9.084630 1053.416862 62.273077 0.246730 20.235298 0.016480
9.347840 1059.576000 81.548250 0.032780 325.144669 0.082270
9.462890 734.475000 86.877000 0.065490 75.975011 0.017640
9.546020 762.762000 16.364250 0.050230 78.445396 0.015260
9.611510 764.142400 94.797500 0.064390 143.046887 0.049590
9.725490 622.129200 77.631750 0.032930 34.554287 0.016090
9.774510 638.968400 47.458250 0.131590 67.529736 0.082330
9.988430 664.650000 109.914000 0.034180 48.454854 0.016150
10.038760 633.030720 73.197600 0.081050 68.186506 0.016360
10.136170 670.538400 16.254000 0.049350 110.648517 0.032960
10.218480 727.496700 111.116250 0.133720 64.301688 0.030670
10.382870 773.662400 66.356500 0.049200 69.178318 0.016290
10.448360 831.444320 104.394500 0.262940 23.483261 0.016510
10.727810 827.685600 127.575000 0.032810 67.606495 0.018460
10.779080 882.200308 87.590192 0.228460 66.102111 0.032960
11.040500 929.544000 41.459250 0.032740 93.775601 0.032410
11.105650 907.817400 132.683250 0.098510 124.275201 0.065650
11.269810 784.993440 151.620000 0.115020 161.395013 0.099580
11.484410 922.509000 67.134375 0.163970 36.147509 0.017670
11.666050 946.192800 39.826500 0.015160 158.940710 0.067660
11.748870 808.096800 118.513500 0.031250 73.975880 0.015050
11.795170 874.876800 150.339000 0.017060 82.043397 0.049040
11.861270 825.400800 84.892500 0.032800 78.856230 0.033360
11.927430 881.455680 140.355600 0.081600 133.961138 0.032870
12.041900 829.416000 16.915500 0.049130 118.318609 0.032870
12.123900 878.270400 124.677000 0.065920 59.208983 0.016940
12.206760 876.355200 65.499000 0.048550 94.708022 0.033050
12.288360 865.539360 159.587400 0.115050 79.436622 0.032560
12.435970 878.640000 81.238500 0.049230 67.178958 0.016690
12.501890 869.461600 147.787500 0.050020 273.871607 0.097900
12.649810 595.736400 138.833625 0.098850 145.208238 0.065730
12.814390 719.544000 62.958000 0.015720 35.460690 0.016810
12.846920 707.901600 96.453000 0.032930 78.641561 0.016510
12.896360 631.392533 114.642500 0.214050 113.014619 0.048980
13.159390 701.492400 25.995375 0.163610 140.354964 0.053460
13.376460 799.856400 126.115500 0.034890 42.992952 0.014520
13.425870 774.984000 91.047600 0.111120 143.112689 0.066040
13.603030 633.872400 114.896250 0.032620 125.428259 0.065220
13.700870 701.450400 9.229500 0.016320 232.124529 0.033360
13.750550 538.501091 174.545318 0.246550 146.218339 0.098660
14.095760 669.715200 239.064000 0.016420 115.128472 0.049440
14.161620 713.949600 132.772500 0.017700 21.486504 0.047730
14.227050 700.308000 149.373000 0.016360 128.799813 0.049130
14.292540 817.921440 96.870900 0.181670 135.132595 0.050360
14.524570 924.701400 179.689125 0.064910 72.862445 0.018250
14.607730 953.131200 112.602000 0.018890 106.282019 0.026880
14.653500 923.185200 10.626000 0.065920 98.881665 0.016690
14.736110 869.100253 93.405237 0.344490 131.991454 0.065820
15.146420 996.179262 129.079731 0.246010 35.480045 0.016690
15.409120 1003.296884 94.320947 0.312220 77.882415 0.016420
15.737760 1080.256800 106.272600 0.082670 63.422509 0.032750
15.853180 1028.235600 69.993000 0.032560 78.144324 0.017580
15.903320 1059.199680 141.740900 0.278140 422.619898 0.098660
16.280120 636.580000 142.170000 0.049200 72.400032 0.034240
16.363560 700.369600 107.926000 0.048240 98.850107 0.065530
16.477330 727.977600 13.009500 0.016750 135.811938 0.049010
16.543090 673.583400 137.452875 0.082250 73.116129 0.017700
16.643040 600.776400 130.736550 0.327020 66.655038 0.016820
16.986880 654.486000 170.210250 0.114770 158.357413 0.048920
17.150570 732.463200 32.382000 0.032720 103.033152 0.033170
17.216460 738.645600 135.229500 0.033140 93.932321 0.049200
17.298800 766.304000 45.461500 0.048950 152.997410 0.033020
17.380770 908.224800 102.616500 0.016510 216.286871 0.131620
17.528900 692.630400 119.910000 0.033810 115.582575 0.031740
17.594450 660.500400 230.937000 0.032960 127.086657 0.050690
17.678100 785.668800 208.939500 0.015140 51.251936 0.016260
17.709500 799.293600 159.531750 0.049660 55.295959 0.015960
17.775120 757.817760 196.102200 0.081780 105.455531 0.066230
17.923130 653.083200 183.792000 0.032830 60.711717 0.016640
17.972600 663.398400 123.963000 0.032650 53.749402 0.016720
18.021970 705.692400 157.132500 0.032350 91.402828 0.049410
18.103730 795.362400 174.846000 0.049100 58.943228 0.017060
18.169890 756.257600 218.949500 0.065250 123.309508 0.049860
18.285000 775.185600 97.101375 0.082220 85.374698 0.016110
18.383330 784.072800 182.012250 0.032960 114.039333 0.033360
18.449650 898.086000 179.571000 0.048270 56.032495 0.016820
18.514740 857.220000 141.235500 0.048680 96.657929 0.049680
18.613100 951.959400 160.398000 0.082090 120.478125 0.032780
18.727970 925.811040 42.791700 0.164150 91.430447 0.033260
18.925380 917.851200 133.875000 0.016330 68.061962 0.016210
18.957920 897.738240 68.852700 0.082360 54.733941 0.016330
19.056610 851.312000 97.842500 0.050350 240.049022 0.295510
19.402470 1091.277600 104.170500 0.016200 139.834079 0.035130
19.453800 969.246600 172.449375 0.128230 85.452834 0.016910
19.598940 956.345600 87.976000 0.065370 100.751758 0.032710
19.697020 987.201600 183.886500 0.032900 79.211455 0.016850
19.746770 942.648000 118.392750 0.065240 207.159752 0.049900
19.861910 737.816800 149.366000 0.183650 204.630754 0.064240
20.109800 941.467200 169.372500 0.113010 143.485817 0.066190
20.289000 1065.498000 97.230000 0.032590 51.846127 0.016450
20.338040 1062.461400 148.987125 0.131080 67.313626 0.033380
20.502500 1049.764800 215.092500 0.017920 444.045424 0.080590
20.601010 607.751550 172.658719 0.262550 72.070988 0.016810
20.880370 548.083200 132.237000 0.016420 69.397461 0.016170
20.912960 604.571718 172.548971 0.295660 57.933577 0.016900
21.225520 642.045600 216.730500 0.016210 136.568672 0.033050
21.274780 745.416000 127.480500 0.017760 91.348300 0.047610
21.340150 762.389600 217.238000 0.098570 104.672358 0.033080
21.471800 854.105280 166.794600 0.082030 333.321325 0.410650
21.964480 520.942800 177.083812 0.180880 41.892710 0.016350
22.161710 551.636400 205.595250 0.032780 133.133603 0.066010
22.260500 671.731200 263.056500 0.016230 88.510085 0.033390
22.310120 671.974800 174.546750 0.048520 91.469279 0.033080
22.391720 670.689600 266.007000 0.016120 193.100196 0.066040
22.473880 854.882215 208.034885 0.246240 111.962266 0.082340
22.802460 961.598400 241.905300 0.081700 38.893500 0.016840
22.901000 991.536000 217.077000 0.016540 299.449009 0.049130
22.966670 692.126400 221.935000 0.049260 90.318253 0.032680
23.048610 652.041600 140.999250 0.032960 59.674180 0.016390
23.097960 698.426400 178.542000 0.032960 35.487604 0.016660
23.147580 663.616800 171.638250 0.032380 125.502127 0.033140
23.213100 758.578800 253.693125 0.065590 59.426024 0.016260
23.294950 776.384933 196.997500 0.295690 317.817836 0.084100
23.674740 994.963200 427.717500 0.015660 267.493953 0.234680
23.925080 846.081600 205.485000 0.010890 27.235410 0.033050
23.969020 870.009000 192.475500 0.082190 90.673569 0.016360
24.067570 958.097280 213.973200 0.245750 74.423714 0.032810
24.346130 902.227200 263.140500 0.016480 58.371744 0.016570
24.379180 910.702154 205.387269 0.213870 80.856859 0.033380
24.626430 988.353600 227.928000 0.114900 118.103682 0.098150
24.839480 1106.263200 234.696000 0.016170 52.613396 0.017370
24.873020 1059.374400 258.562500 0.031980 409.316522 0.083560
24.988560 650.328000 243.694500 0.016320 41.620585 0.017210
25.022090 618.780960 216.545700 0.080330 40.845748 0.016200
25.118620 649.723200 189.882000 0.016820 80.758770 0.032740
25.168180 624.682800 266.660625 0.065520 151.331024 0.052070
25.285770 775.047840 249.589200 0.177330 83.309278 0.033050
25.496150 855.052800 226.359000 0.016330 42.426563 0.016660
25.529140 873.163200 264.726000 0.016700 88.943653 0.015840
25.561680 879.396000 176.001000 0.016630 138.289104 0.033170
25.611480 864.837120 313.521600 0.082030 57.271592 0.032990
25.726500 873.532800 256.914000 0.016240 102.617378 0.033290
25.776030 970.065600 291.724125 0.065310 43.133452 0.016110
25.857450 952.100800 252.509833 0.148260 105.124370 0.033570
26.039280 1056.757800 262.411625 0.212860 474.736428 0.147850
26.399990 582.426600 242.800687 0.164460 211.480939 0.051090
26.615540 793.586640 254.446500 0.162260 37.461580 0.016450
26.794250 821.221333 229.154333 0.181120 48.922349 0.015930
26.991300 834.605100 276.210375 0.164190 113.626707 0.034570
27.190060 937.003200 226.959409 0.179290 33.268341 0.016450
27.385800 903.739200 226.422000 0.032780 132.408960 0.100340
27.518920 771.338400 224.952000 0.014100 143.512426 0.049900
27.582920 630.782880 253.934100 0.081810 21.373539 0.016700
27.681430 612.771600 242.426625 0.081910 58.399656 0.016660
27.780000 561.751680 214.010300 0.262790 45.403574 0.017820
28.060610 572.829600 258.041700 0.080900 130.711906 0.034000
28.175510 699.438600 225.549187 0.129850 44.018714 0.016840
28.322200 681.636480 265.807500 0.081880 18.584484 0.016450
28.420530 672.044800 249.889500 0.049410 63.404981 0.049500
28.519440 732.969853 232.330184 0.328220 79.051538 0.016410
28.864070 663.868800 193.935000 0.016580 129.004536 0.049190
28.929840 790.351200 219.319500 0.246670 126.175580 0.032600
29.209110 916.466400 215.416500 0.131410 163.120949 0.065850
29.406370 1065.960000 280.686000 0.016300 69.141866 0.033110
29.455780 1002.246000 253.832250 0.033910 69.296077 0.015350
29.505040 1048.857600 202.555500 0.015960 70.834426 0.033350
29.554350 1099.492800 252.089250 0.082030 544.485620 0.098480
29.734860 555.291164 234.506045 0.363560 46.776158 0.046940
30.145360 535.668000 192.045000 0.032980 105.732287 0.065800
30.244140 635.632200 226.490250 0.197170 84.046543 0.049260
30.490570 716.326800 202.991250 0.032750 58.888398 0.016540
30.539860 667.262400 170.425500 0.016660 88.167355 0.393800
30.950320 700.886836 251.929364 0.214080 66.303837 0.016140
31.180540 755.193600 213.890250 0.033050 57.055279 0.016700
31.230290 707.642400 245.421000 0.114890 165.583595 0.049290
31.394470 872.813297 233.737603 0.574800 125.734151 0.049500
32.018770 998.530400 235.808000 0.380310 84.323738 0.013820
32.412900 1080.189600 256.838167 0.148260 449.955499 0.130220
32.691380 631.125600 285.148500 0.017210 79.842330 0.016290
32.724880 561.859200 245.437500 0.016210 5.813195 0.016810
32.757900 562.216941 251.239676 0.279090 31.944729 0.016600
33.053590 533.383200 237.489000 0.016260 126.721878 0.049410
33.119260 655.149600 202.398000 0.016120 76.394731 0.016540
33.151920 630.268800 274.627500 0.016540 66.029254 0.049070
33.217530 617.065680 209.931750 0.164430 62.605113 0.016600
33.398560 631.904000 270.753000 0.049290 111.888514 0.032500
33.480350 740.414080 243.465600 0.262840 85.668049 0.016730
33.759920 825.589800 234.294375 0.065730 31.575516 0.016240
33.841890 839.449800 262.665375 0.082300 76.737526 0.032660
33.956850 914.810400 277.137000 0.016110 54.454880 0.016820
33.989780 935.911200 226.936500 0.016420 104.907186 0.032980
34.039180 922.404000 330.970500 0.032870 121.133929 0.081880
34.153930 1041.723200 310.081333 0.166440 432.526208 0.096590
34.416960 609.386400 322.880250 0.082190 2.407281 0.016020
34.515170 607.334560 321.621300 0.279260 68.581077 0.033210
34.827640 604.895760 390.159000 0.180570 68.106550 0.016540
35.024750 537.129600 383.358281 0.262790 104.231307 0.049370
35.336910 639.945600 366.240000 0.015900 48.359953 0.016730
35.369540 597.901920 342.344100 0.082610 48.017938 0.016660
35.468810 584.623200 388.489500 0.016050 103.096278 0.065830
35.550690 687.611867 393.198750 0.312230 76.193817 0.032470
35.895390 620.399242 357.310579 0.312650 96.808270 0.049440
36.257480 709.837800 394.359000 0.064910 78.510973 0.032990
36.355380 694.730400 317.315250 0.065580 121.055620 0.034970
36.455930 806.145415 364.656115 0.230350 67.293430 0.032500
36.718780 739.248533 371.950833 0.162170 39.376249 0.016510
36.897460 700.224000 377.202000 0.016420 156.558240 0.084080
36.997960 851.902800 338.420250 0.032800 51.921662 0.016570
37.047330 847.761600 390.176500 0.097600 139.097997 0.049860
37.194790 716.679600 343.638750 0.033300 43.183850 0.016200
37.244290 744.803242 376.409250 0.660530 144.517940 0.046410
37.951230 889.311733 378.061833 0.164610 37.727256 0.016030
38.131870 913.231200 407.237250 0.032860 59.422603 0.017000
38.181730 902.983200 348.705000 0.015570 116.897072 0.034020
38.231320 975.206400 440.622000 0.013610 73.808089 0.034120
38.279050 970.228000 366.982000 0.082490 63.640949 0.014280
38.375820 945.890400 425.785500 0.016580 61.622588 0.016540
38.408940 972.619200 370.261500 0.016570 105.211738 0.081810
38.507320 1074.695012 395.757353 0.361700 441.749059 0.082240
38.951260 633.057600 405.688500 0.116210 78.175811 0.032510
39.099980 558.190691 383.185091 0.196350 66.689592 0.016290
39.312620 563.236800 449.683500 0.016360 81.371748 0.033230
39.362210 492.592800 409.300500 0.016420 205.792478 0.065310
39.443940 695.961000 377.805750 0.082550 44.314751 0.017550
39.544040 717.704400 416.419500 0.047670 98.948768 0.050650
39.642360 619.270400 406.339500 0.047950 50.050094 0.016510
39.706820 569.293200 409.039750 0.131650 59.458346 0.016210
39.854680 627.480000 421.270500 0.018150 89.951867 0.030760
39.903590 539.091000 404.575500 0.065860 233.190305 0.049780
40.019230 767.155200 453.201000 0.016200 71.931294 0.016480
40.051910 716.556960 402.074400 0.082210 64.664926 0.016730
40.150850 748.062000 458.545500 0.033480 118.417863 0.048340
40.232670 860.862240 422.505300 0.180840 136.562212 0.033080
40.446590 996.661527 436.920273 0.180240 20.230109 0.018530
40.645360 1002.939840 456.151500 0.080130 47.159272 0.016640
40.742130 995.828400 409.531500 0.032470 51.842422 0.016570
40.791170 1047.211200 416.419500 0.016390 428.007241 0.065760
40.873320 621.516000 460.846909 0.181090 51.403552 0.049230
41.103640 571.159680 471.170000 0.492610 52.664125 0.016480
41.612730 520.422000 485.283750 0.033080 41.588273 0.016360
41.662170 560.679000 495.722062 0.131620 74.731542 0.032350
41.826140 635.109600 502.422000 0.114660 83.978877 0.033200
41.974000 551.534073 494.201114 0.377320 70.811911 0.016940
42.368260 622.335467 495.421500 0.164850 78.053767 0.033450
42.566560 550.872000 464.031000 0.130460 65.338389 0.049290
42.746310 567.532800 527.209500 0.148650 283.274012 0.245630
43.140590 826.627200 412.692000 0.016790 175.581928 0.032410
43.189790 679.375200 508.326000 0.016390 85.378850 0.032740
43.238920 758.007600 475.062000 0.049380 39.850365 0.016690
43.304990 733.700520 506.640750 0.377230 66.846012 0.017240
43.699460 725.440800 440.307000 0.015870 102.370911 0.032990
43.748320 810.086667 497.882000 0.151890 62.135533 0.013550
43.913760 786.618000 440.349000 0.034120 132.355158 0.049190
43.997070 905.261700 499.013812 0.131290 55.362362 0.033690
44.162050 876.304800 546.199500 0.015750 132.402959 0.030760
44.208560 1001.680400 503.637750 0.098570 30.326086 0.016200
44.323330 1009.021440 533.061900 0.098390 21.620851 0.016700
44.438420 1019.491200 514.145100 0.084010 36.400533 0.016630
44.539060 983.099600 514.951500 0.098270 375.935864 0.064330
44.701660 611.424000 571.387500 0.114560 45.594970 0.016540
44.832760 568.240615 586.019538 0.247410 124.133555 0.051360
45.131530 692.336400 589.081500 0.028930 44.924676 0.016910
45.177370 733.156200 570.320625 0.082150 83.532508 0.017090
45.276610 650.439300 581.965125 0.164490 208.467552 0.048520
45.489620 858.765600 589.638000 0.016090 27.289419 0.032960
45.538670 838.353600 607.750500 0.016690 71.136799 0.032770
45.588130 797.781600 549.318000 0.016060 42.963856 0.016900
45.621090 830.340000 577.350900 0.082100 103.252688 0.049190
45.752380 933.350880 584.413200 0.114870 30.186717 0.032990
45.900240 924.211680 555.643200 0.114840 47.557553 0.032770
46.047850 970.082400 568.197000 0.016850 128.572169 0.049070
46.113770 841.848000 577.510500 0.032810 51.627417 0.018580
46.165160 839.017200 629.060250 0.079870 253.170830 0.148010
46.393040 586.814400 606.942000 0.131340 34.973201 0.016610
46.540990 595.022400 640.938375 0.065550 51.498107 0.018580
46.625120 585.211200 590.383500 0.015380 75.823553 0.033690
46.674190 585.891600 666.204000 0.031560 83.566750 0.049380
46.755130 602.184800 584.241000 0.049220 60.287055 0.052520
46.856870 659.806000 601.970250 0.095460 85.555213 0.032500
46.984830 738.057600 636.559000 0.050780 53.854546 0.016850
47.052460 789.108600 619.409437 0.164180 209.170474 0.097600
47.314240 996.805600 594.625500 0.048640 67.133928 0.032630
47.395510 1019.155200 657.930000 0.033020 104.272654 0.032410
47.460940 935.373600 595.854000 0.033080 92.489692 0.032840
47.526860 1025.645040 615.988800 0.197230 60.948753 0.016510
47.740600 1086.461600 611.976750 0.099920 471.639972 0.146360
47.986880 616.009800 645.433687 0.131590 70.543928 0.016140
48.134610 560.302400 602.154000 0.147860 62.172189 0.032620
48.315090 518.431200 648.112500 0.016330 208.075273 0.083410
48.414830 725.900509 632.244136 0.217920 107.741135 0.044010
48.676760 831.255600 654.793125 0.131470 24.774730 0.017510
48.825740 835.111200 679.266000 0.015170 88.141162 0.034940
48.875850 749.042000 660.267125 0.214150 102.483146 0.048950
49.138950 836.900400 607.506375 0.131860 188.253877 0.062840
49.333650 1024.548000 622.602750 0.066740 55.055133 0.016360
49.416750 984.155200 660.012500 0.099550 100.485093 0.047700
49.564000 1077.389600 622.534500 0.049280 467.226112 0.084440
49.697720 610.919400 649.101250 0.194710 14.334969 0.033050
49.925480 612.847200 663.306000 0.018730 81.902184 0.066990
50.011200 691.496400 640.452750 0.049440 33.903402 0.015040
50.075680 720.535200 657.951000 0.016570 22.747836 0.016180
50.108430 698.654400 664.171500 0.115450 189.085973 0.096130
50.320010 883.982400 626.661000 0.016080 58.322731 0.018280
50.354370 894.697440 683.991000 0.081570 38.512387 0.017000
50.452940 932.080800 674.734200 0.082280 51.613573 0.016320
50.551540 982.917600 683.655000 0.014100 44.514493 0.033480
50.599120 1010.896320 649.032300 0.163670 31.789319 0.016540
50.779330 1040.020800 661.773000 0.016570 453.910741 0.118010
50.913910 586.275200 674.016000 0.065730 56.793081 0.016360
50.996000 590.822400 617.405250 0.030030 83.407432 0.016690
51.042720 581.901600 700.334250 0.033480 84.121926 0.015510
51.091710 557.844000 780.942750 0.032500 83.111920 0.017760
51.141970 574.543200 699.525750 0.031920 87.167427 0.033540
51.207430 568.780800 786.502500 0.016230 91.766134 0.016910
51.240570 568.276800 694.737750 0.032410 53.963448 0.017060
51.290040 582.299200 746.847500 0.048920 33.222129 0.020110
51.359070 608.748000 766.951500 0.013000 63.252204 0.014950
51.387020 551.980800 739.053000 0.032630 105.106779 0.066160
51.485810 655.435200 757.617000 0.032900 74.825928 0.016350
51.535060 703.382400 815.062500 0.016700 144.702996 0.098140
51.649900 831.264000 747.348000 0.016330 89.681406 0.016600
51.682830 831.667200 837.028500 0.016390 103.365458 0.049410
51.748630 781.972800 746.392500 0.016570 164.083742 0.065790
51.830990 946.038240 748.843200 0.082070 36.310987 0.016510
51.929570 912.469600 735.000000 0.048820 113.727767 0.049470
52.027860 1023.430800 759.932250 0.032600 69.841634 0.016440
52.076900 1042.969200 692.879250 0.032840 440.627689 0.115210
52.224950 615.888000 801.297000 0.033110 225.086812 0.130890
52.388950 780.151680 647.409000 0.082390 177.351095 0.050630
52.521970 824.090400 819.231000 0.016910 168.073957 0.037750
52.576630 746.676000 670.047000 0.010010 177.419430 0.052920
52.639560 761.168100 846.873563 0.129300 236.259594 0.064180
52.833040 973.358400 742.980000 0.016450 77.387306 0.016600
52.866090 971.686800 820.349250 0.032190 59.532541 0.017060
52.915340 959.515200 878.624250 0.033570 60.302786 0.015600
52.964510 989.923200 826.549500 0.016230 88.924441 0.035980
53.016720 945.856800 903.787500 0.013890 158.899743 0.081420
53.112030 1086.943200 830.686500 0.016540 37.686098 0.016690
53.145260 1050.212800 839.119750 0.098510 40.642405 0.016210
53.259980 1090.404000 833.080500 0.017120 341.118568 0.130920
53.408020 749.628600 848.377688 0.131440 74.388294 0.032930
53.572390 679.046400 871.867500 0.114900 51.474191 0.016380
53.703670 636.148800 843.417750 0.032750 63.305630 0.016660
53.753080 687.859200 879.936750 0.032600 60.989740 0.035300
53.820980 746.890200 864.604125 0.063140 195.637776 0.148170
54.032290 556.752000 910.665000 0.016600 12.771216 0.032900
54.081790 544.902400 905.901500 0.049310 567.976582 0.180550
54.311650 693.638400 357.745500 0.033110 83.257158 0.016480
54.361240 756.542541 303.203559 0.311790 0.000000 0.016480
