0.000000 1139.040000 533.935500
0.017150 1123.735200 556.069500
0.032710 1124.642400 554.736000
0.049260 1114.276800 573.300000
0.065430 1109.320800 566.716500
0.080930 1110.648000 565.425000
0.097410 937.574400 409.374000
0.113460 829.634400 371.269500
0.130130 829.012800 369.138000
0.146360 807.542400 305.161500
0.162660 820.696800 311.724000
0.179080 821.940000 321.174000
0.195800 795.950400 315.472500
0.211910 805.089600 346.048500
0.228580 805.728000 348.411000
0.245120 822.813600 341.103000
0.262880 762.098400 314.916000
0.279480 761.191200 312.322500
0.295230 810.902400 329.700000
0.310730 769.809600 326.686500
0.327640 771.036000 331.453500
0.343570 802.401600 348.453000
0.359800 789.381600 347.308500
0.376100 788.373600 342.720000
0.392880 773.925600 307.534500
0.409240 799.780800 243.474000
0.426390 798.957600 238.087500
0.442020 735.974400 223.198500
0.458980 758.536800 229.309500
0.475100 759.813600 234.759000
0.492250 787.903200 229.456500
0.509030 768.096000 231.021000
0.525150 768.852000 234.003000
0.542540 749.128800 220.983000
0.559140 741.972000 225.204000
0.574520 742.879200 229.530000
0.590760 757.125600 252.724500
0.607240 770.028000 265.786500
0.623720 770.683200 268.506000
0.640320 519.859200 249.564000
0.656490 382.905600 258.552000
0.672240 370.188000 247.138500
0.688480 392.968800 241.038000
0.705440 351.590400 230.055000
0.721740 354.480000 232.428000
0.737850 383.208000 245.437500
0.754940 380.721600 261.502500
0.770810 383.577600 264.127500
0.787110 400.528800 260.106000
0.803280 380.200800 257.365500
0.820620 377.496000 254.782500
0.837160 379.848000 246.036000
0.853940 393.657600 254.383500
0.874080 399.184800 259.507500
0.886660 382.485600 255.801000
0.903140 407.148000 254.205000
0.919430 404.460000 251.748000
0.935850 399.403200 251.559000
0.952330 361.855200 246.120000
0.971250 355.992000 240.985500
0.986940 367.567200 235.767000
1.000980 370.171200 241.825500
1.017460 374.992800 246.162000
1.033390 374.908800 246.760500
1.050110 407.366400 264.684000
1.066590 410.020800 267.120000
1.082700 380.503200 273.745500
1.099550 407.198400 255.790500
1.115720 405.316800 254.005500
1.132390 404.191200 262.573500
1.148860 366.912000 245.847000
1.165100 366.038400 245.080500
1.181340 374.337600 266.584500
1.197750 376.168800 267.498000
1.230710 381.376800 254.467500
1.247310 356.865600 254.037000
1.263730 354.648000 252.168000
1.280030 381.460800 258.541500
1.296570 397.051200 251.496000
1.312870 402.528000 256.651500
1.329160 380.872800 278.061000
1.345580 397.353600 256.956000
1.378720 418.185600 272.286000
1.395140 397.773600 259.528500
1.427920 384.417600 269.115000
1.445190 400.814400 264.516000
1.477110 540.640800 234.727500
1.493530 646.934400 223.440000
1.511170 643.003200 215.071500
1.527280 639.643200 227.377500
1.544250 592.132800 214.441500
1.560060 590.402400 211.543500
1.576350 638.416800 222.705000
1.592900 647.052000 214.525500
1.609440 652.226400 225.823500
1.625670 722.887200 228.259500
1.645570 723.760800 252.472500
1.660460 724.264800 254.751000
1.677370 758.318400 245.175000
1.692810 781.838400 264.337500
1.710140 780.981600 258.877500
1.726010 752.656800 250.918500
1.744750 717.276000 222.673500
1.757020 714.705600 214.830000
1.773070 739.200000 211.197000
1.789550 759.712800 235.473000
1.806340 762.300000 246.519000
1.822200 722.517600 231.105000
1.839110 835.917600 221.760000
1.855100 836.304000 226.789500
1.871950 1168.591200 213.307500
1.888060 1130.992800 218.106000
1.904480 1132.857600 215.260500
1.921080 1159.149600 192.643500
1.937380 1184.416800 202.797000
1.953740 1192.363200 188.044500
1.970580 1198.293600 183.939000
1.986570 1142.719200 206.272500
2.003360 1139.695200 212.341500
2.019410 1171.262400 221.035500
2.036190 1154.781600 228.868500
2.052670 1153.689600 232.081500
2.070010 1194.396000 240.324000
2.085450 1176.638400 237.573000
2.101750 1181.359200 228.574500
2.118100 1159.855200 219.744000
2.134830 1171.044000 217.486500
2.151310 1170.993600 217.602000
2.167480 1154.714400 210.535500
2.183780 1142.534400 194.313000
2.200620 1139.544000 200.424000
2.216670 793.850400 208.236000
2.233090 746.138400 218.746500
2.249820 747.633600 224.479500
2.266110 747.566400 236.365500
2.282590 768.247200 224.847000
2.299320 767.692800 222.117000
2.315430 787.096800 218.284500
2.331910 796.992000 211.029000
2.348020 795.228000 199.426500
2.364620 762.098400 188.496000
2.383180 757.915200 181.608000
2.404790 758.469600 184.380000
2.413760 755.227200 197.683500
2.430050 741.182400 204.781500
2.447750 744.189600 216.384000
2.465520 729.859200 223.156500
2.481690 727.708800 230.611500
2.513790 728.078400 257.040000
2.528930 732.076800 223.167000
2.545410 731.371200 220.489500
2.561340 763.240800 251.674500
2.578310 769.540800 238.108500
2.594730 768.331200 232.554000
2.610960 778.024800 222.642000
2.627140 777.890400 217.360500
2.643800 778.159200 220.006500
2.660220 793.564800 213.475500
2.676880 797.882400 201.810000
2.693050 798.739200 207.784500
2.709230 773.438400 207.039000
2.725890 711.933600 212.079000
2.742310 710.052000 206.262000
2.758670 746.928000 226.075500
2.775330 746.524800 222.967500
2.791630 745.852800 220.332000
2.808410 751.682400 250.068000
2.824770 761.090400 227.157000
2.842770 761.426400 229.551000
2.857420 794.976000 242.907000
2.873840 744.307200 231.273000
2.890320 744.340800 231.378000
2.906560 725.642400 244.345500
2.923160 735.722400 261.135000
2.939700 734.932800 258.615000
2.955690 760.418400 246.697500
2.972350 739.502400 229.582500
2.989140 739.468800 229.477500
3.004940 750.338400 227.965500
3.021850 743.601600 227.766000
3.038210 744.256800 230.349000
3.054320 730.548000 233.614500
3.071230 749.246400 236.239500
3.087220 750.674400 241.836000
3.103640 782.376000 240.345000
3.120120 772.951200 232.354500
3.153140 770.263200 231.588000
3.169680 772.464000 224.280000
3.186220 772.464000 224.280000
3.202150 1110.009600 231.462000
3.218810 1152.026400 250.288500
3.252810 1069.689600 229.834500
3.269530 1095.511200 215.796000
3.301640 1094.822400 233.152500
3.317380 1104.667200 236.040000
3.350400 1114.596000 239.211000
3.367310 1134.957600 237.877500
3.383300 1139.863200 229.341000
3.399290 1139.779200 206.619000
3.416080 1177.864800 200.455500
3.432500 1179.057600 196.980000
3.448550 1157.990400 199.741500
3.464840 1155.772800 210.588000
3.481570 1149.422400 222.789000
3.497740 1179.309600 223.020000
3.514280 1132.236000 226.632000
3.530880 1137.360000 218.022000
3.547000 1153.135200 203.595000
3.563540 1141.711200 204.592500
3.581420 1142.652000 201.159000
3.597410 1126.759200 218.095500
3.614870 1125.801600 221.896500
3.630490 1120.106400 233.740500
3.645810 1122.408000 233.089500
3.662540 1148.044800 231.661500
3.695130 1136.956800 252.273000
3.711790 1178.889600 250.351500
3.744140 1152.984000 258.457500
3.761110 1152.648000 254.940000
3.777400 1152.648000 254.940000
3.793820 1129.363200 260.011500
3.810300 1126.742400 231.808500
3.843020 1135.276800 232.312500
3.859680 1145.844000 241.605000
3.892330 1156.797600 256.746000
3.908810 1155.336000 261.334500
3.925600 1160.376000 253.123500
3.941410 1140.367200 237.321000
3.958310 1163.954400 222.432000
3.977780 1165.096800 219.103500
3.991880 1158.175200 203.038500
4.008850 1140.031200 218.326500
4.025760 1134.033600 230.286000
4.044370 1129.447200 256.704000
4.058040 1141.543200 246.634500
4.090210 1118.930400 274.291500
4.107420 1131.967200 254.877000
4.139830 1130.606400 275.761500
4.156250 1116.427200 271.929000
4.188110 1127.548800 259.392000
4.204470 1127.380800 255.402000
4.236880 1127.632800 233.457000
4.256160 1135.663200 232.218000
4.286070 1130.656800 236.386500
4.303100 1131.261600 239.379000
4.319030 1128.708000 244.471500
4.335630 871.852800 332.440500
4.352110 605.841600 333.102000
4.385190 477.792000 384.835500
4.401550 441.756000 370.408500
4.417720 437.472000 366.765000
4.434330 450.324000 376.414500
4.450740 436.968000 391.629000
4.466920 434.414400 389.665500
4.483220 429.508800 379.375500
4.500310 425.157600 361.882500
4.516600 422.637600 359.751000
4.532710 426.216000 366.576000
4.549560 386.568000 409.405500
4.565610 392.095200 413.217000
4.582210 437.388000 396.091500
4.598690 449.114400 406.213500
4.615170 446.695200 404.365500
4.631410 432.230400 397.645500
4.647950 426.064800 413.784000
4.664430 421.041600 410.046000
4.680660 394.144800 404.040000
4.697080 422.587200 402.433500
4.713680 429.273600 407.578500
4.730100 432.079200 405.594000
4.746280 442.293600 420.630000
4.762940 447.283200 424.441500
4.779240 735.756000 362.208000
4.795530 719.611200 374.472000
4.812380 717.309600 368.686500
4.828740 751.228800 380.604000
4.845280 769.137600 389.802000
4.861570 768.213600 387.681000
4.878050 744.072000 389.308500
4.894040 733.034400 398.443500
4.910580 734.059200 400.564500
4.926880 749.851200 378.399000
4.943660 759.024000 375.921000
4.959840 757.696800 371.668500
4.976680 767.104800 353.115000
4.992920 787.483200 361.095000
5.009580 787.567200 363.153000
5.025570 799.226400 372.624000
5.041990 790.456800 376.572000
5.058650 790.473600 376.656000
5.075130 803.661600 378.850500
5.091430 789.499200 358.449000
5.108220 789.314400 356.464500
5.124210 758.788800 369.127500
5.140690 752.253600 362.596500
5.157470 752.690400 364.497000
5.173460 775.286400 350.416500
5.189820 647.320800 386.473500
5.206730 649.908000 390.600000
5.222960 473.776800 434.700000
5.241210 476.397600 420.273000
5.272340 467.560800 406.402500
5.288510 450.424800 401.016000
5.305110 448.106400 399.052500
5.321470 444.141600 416.703000
5.337950 438.513600 385.633500
5.354310 433.608000 381.664500
5.370670 419.479200 383.124000
5.387510 450.928800 406.465500
5.403630 457.044000 411.495000
5.420040 411.751200 416.325000
5.436650 444.477600 431.592000
5.452700 451.752000 436.894500
5.469180 441.655200 444.538500
5.485780 462.823200 446.397000
5.501770 466.989600 449.557500
5.518070 457.867200 463.638000
5.534730 457.262400 460.362000
5.551510 461.563200 463.480500
5.567870 487.435200 465.265500
5.584590 496.524000 467.617500
5.600650 490.425600 462.903000
5.616760 464.671200 440.055000
5.633360 446.980800 431.172000
5.649840 438.379200 424.704000
5.666320 437.220000 433.230000
5.683110 434.330400 428.022000
5.715880 406.711200 438.154500
5.731990 461.865600 437.671500
5.748470 467.863200 442.270500
5.765200 437.556000 441.189000
5.781490 443.721600 443.793000
5.798030 445.972800 445.483500
5.813960 744.979200 428.011500
5.831670 784.207200 429.922500
5.847110 782.292000 423.192000
5.863770 733.790400 408.387000
5.880000 740.661600 410.980500
5.898130 740.023200 409.069500
5.912840 755.563200 394.978500
5.929320 744.559200 375.144000
5.945430 743.064000 370.912500
5.962830 753.950400 388.636500
5.979250 755.647200 387.051000
6.011960 770.565600 409.909500
6.028500 789.012000 396.091500
6.060850 796.185600 406.749000
6.077330 804.938400 402.129000
6.093870 805.173600 403.956000
6.110230 792.876000 398.286000
6.126590 776.697600 390.600000
6.143190 777.840000 394.758000
6.159180 788.054400 392.175000
6.178040 793.917600 387.460500
6.210510 806.870400 402.360000
6.227540 784.408800 402.937500
6.241580 783.316800 398.884500
6.257930 792.036000 390.558000
6.274600 790.759200 394.548000
6.290770 789.784800 390.537000
6.307070 799.075200 379.858500
6.323910 783.333600 394.621500
6.340330 782.812800 390.243000
6.356450 752.052000 358.890000
6.373350 764.786400 363.100500
6.389470 763.576800 360.496500
6.405880 791.666400 357.819000
6.422490 776.260800 387.996000
6.438720 778.663200 398.454000
6.454900 786.189600 400.459500
6.471620 775.269600 385.801500
6.487980 776.395200 389.980500
6.505310 782.964000 390.369000
6.520570 774.765600 394.495500
6.554570 757.125600 383.113500
6.570500 745.584000 378.945000
6.586490 745.584000 378.945000
6.602780 809.121600 384.436500
6.619570 801.292800 387.471000
6.635990 800.284800 381.234000
6.652220 776.832000 359.457000
6.669010 776.193600 359.247000
6.684940 775.404000 356.926500
6.701660 746.642400 358.029000
6.718140 748.456800 372.099000
6.734500 751.363200 380.614500
6.750550 777.336000 393.771000
6.767400 800.654400 410.119500
6.800110 815.724000 393.141000
6.816650 818.916000 396.616500
6.833860 817.420800 387.702000
6.849060 801.192000 387.387000
6.865970 778.982400 398.800500
6.898800 773.757600 399.346500
6.915280 785.920800 407.263500
6.931340 788.121600 415.726500
6.947750 787.802400 413.437500
6.964480 785.383200 404.239500
6.997250 796.874400 425.838000
7.013610 1018.936800 475.377000
7.046260 1107.691200 481.897500
7.062810 1164.408000 459.942000
7.081480 1169.364000 454.492500
7.097960 1150.430400 438.543000
7.114140 1157.772000 417.742500
7.131230 1161.703200 411.747000
7.147580 1134.974400 396.931500
7.162230 1125.667200 435.645000
7.178040 1122.172800 441.577500
7.194340 1143.878400 396.585000
7.213010 1139.023200 397.992000
7.227480 1137.460800 399.756000
7.243710 1146.482400 428.095500
7.260010 1125.499200 443.782500
7.276730 1122.878400 447.667500
7.293030 1104.381600 446.638500
7.309200 1110.950400 451.437000
7.326290 1110.480000 452.949000
7.342220 1126.288800 449.431500
7.358580 1127.044800 447.951000
7.375180 1130.808000 441.934500
7.391300 1134.672000 421.554000
7.408140 1141.072800 410.686500
7.424440 1140.669600 411.306000
7.440550 1136.284800 421.113000
7.457030 1120.190400 442.260000
7.473570 1117.670400 446.113500
7.490110 1124.037600 473.623500
7.506530 1138.636800 455.626500
7.540160 1108.984800 452.413500
7.555600 1138.334400 451.962000
7.588500 1156.478400 419.800500
7.605290 1140.115200 418.635000
7.621580 1142.954400 414.540000
7.637760 1125.012000 430.972500
7.654240 1123.936800 430.647000
7.670720 1128.405600 424.935000
7.687440 1147.406400 424.305000
7.703740 1177.276800 407.778000
7.720150 1175.126400 409.584000
7.736510 1144.248000 392.521500
7.752870 1110.396000 412.272000
7.769230 1105.490400 420.472500
7.785640 1118.628000 476.773500
7.802310 1105.910400 458.115000
7.818600 1106.918400 455.868000
7.835140 1109.992800 469.633500
7.851620 1153.420800 458.010000
7.867800 1152.412800 459.858000
7.884460 1144.953600 454.923000
7.901000 1134.940800 456.918000
7.917480 1144.197600 445.756500
7.933530 1122.508800 414.613500
7.949950 1138.972800 384.426000
7.966740 1141.123200 379.291500
7.982730 1128.909600 410.203500
7.999510 1132.840800 407.148000
8.015750 1121.484000 424.704000
8.032410 1142.803200 459.165000
8.048580 1146.600000 464.341500
8.081360 1169.767200 461.800500
8.097960 1162.156800 458.115000
8.130680 1130.656800 463.564500
8.147400 1095.225600 445.609500
8.179750 1078.627200 440.128500
8.200260 1096.099200 435.603000
8.229490 1092.201600 442.911000
8.245850 1104.012000 442.102500
8.279540 1099.996800 438.490500
8.295960 1092.856800 449.904000
8.327880 1105.188000 485.730000
8.344730 1114.075200 491.578500
8.377560 1128.506400 444.801000
8.394840 1140.871200 448.413000
8.411680 1142.685600 446.617500
8.428830 950.308800 481.551000
8.442870 716.923200 521.440500
8.459660 715.125600 518.532000
8.475710 582.220800 568.858500
8.492430 512.752800 548.866500
8.508970 508.855200 546.315000
8.525330 522.144000 530.754000
8.541870 527.503200 527.898000
8.558110 525.789600 526.753500
8.574280 530.040000 510.205500
8.590760 518.582400 532.224000
8.608640 526.209600 537.600000
8.625430 551.762400 584.556000
8.641910 518.498400 575.841000
8.659550 522.362400 578.203500
8.675050 543.043200 588.031500
8.690860 527.536800 583.716000
8.723330 490.190400 573.142500
8.740910 532.106400 586.225500
8.759700 530.224800 585.039000
8.771300 532.005600 587.328000
8.787900 500.001600 566.790000
8.804870 495.885600 564.343500
8.820920 494.978400 565.330500
8.837460 497.733600 579.264000
8.854610 499.900800 580.482000
8.870120 499.044000 581.238000
8.886960 503.983200 576.534000
8.903140 505.965600 577.731000
8.919620 497.330400 561.697500
8.936100 537.616800 573.562500
8.952760 535.768800 572.355000
8.969730 545.412000 594.783000
8.985530 557.323200 590.373000
9.001890 560.817600 592.641000
9.018250 560.179200 590.572500
9.034790 560.901600 614.260500
9.067440 529.804800 560.164500
9.084050 536.373600 587.212500
9.116700 612.276000 645.193500
9.133060 581.952000 647.388000
9.149780 582.708000 647.818500
9.165890 508.519200 582.382500
9.182800 534.441600 586.173000
9.198670 530.594400 583.810500
9.215210 542.791200 597.912000
9.231810 526.814400 575.736000
9.248350 528.931200 577.038000
9.264280 526.108800 595.728000
9.281250 556.432800 635.817000
9.298650 563.052000 639.345000
9.313840 572.006400 639.439500
9.330320 605.757600 651.105000
9.364320 594.518400 633.549000
9.380740 597.105600 652.029000
9.417300 554.752800 632.583000
9.428650 549.595200 633.444000
9.445010 546.420000 631.753500
9.461430 572.712000 628.309500
9.477720 603.590400 642.789000
9.494690 598.012800 639.408000
9.510680 830.440800 637.497000
9.529790 818.630400 639.975000
9.545960 817.773600 637.192500
9.562130 638.282400 684.358500
9.576480 844.636800 629.664000
9.593140 844.552800 630.682500
9.609620 1054.922400 618.355500
9.626100 869.400000 653.740500
9.641970 869.870400 656.197500
9.658510 879.631200 645.435000
9.677000 884.436000 641.508000
9.693850 884.385600 639.681000
9.709780 890.232000 652.344000
9.727600 886.536000 657.268500
9.757390 847.089600 648.595500
9.773930 880.219200 670.677000
9.789920 879.849600 671.370000
9.806520 841.428000 650.506500
9.822750 836.337600 657.657000
9.839540 836.572800 658.413000
9.855650 815.220000 679.875000
9.871950 839.664000 678.961500
9.888920 839.160000 677.491500
9.904970 846.820800 671.118000
9.921630 844.233600 670.341000
9.938350 844.267200 671.244000
9.954160 1078.963200 729.592500
9.971250 1029.554400 784.833000
9.987430 1029.537600 784.843500
10.003910 1060.466400 733.897500
10.021240 1077.064800 724.216500
10.053160 1062.163200 722.242500
10.070370 1061.541600 719.281500
10.085750 1059.895200 720.436500
10.102420 1080.374400 722.127000
10.118530 1065.237600 754.918500
10.151670 1100.719200 738.318000
10.168270 1097.728800 735.787500
10.200740 1105.036800 725.361000
10.217590 1103.575200 719.344500
10.250120 1064.481600 737.488500
10.266910 1086.741600 712.687500
10.299560 1059.408000 738.885000
10.315980 1077.451200 734.464500
10.332340 1078.240800 733.971000
10.349610 1086.170400 717.339000
10.365050 1074.175200 743.788500
10.381770 1075.183200 743.295000
10.398190 1106.683200 700.843500
10.414730 1092.806400 692.244000
10.430850 1090.807200 693.682500
10.447200 1082.575200 727.776000
10.464230 1116.242400 714.042000
10.496580 1117.956000 728.332500
10.513240 1115.738400 724.689000
10.546020 1093.327200 719.806500
10.562320 1085.162400 678.720000
10.578920 1086.153600 678.027000
10.595210 1126.557600 724.132500
10.611450 1135.092000 743.011500
10.628170 1137.477600 742.087500
10.644780 1129.548000 744.775500
10.661130 1139.678400 721.171500
10.677430 1138.485600 721.612500
10.693480 1087.682400 750.907500
10.711610 1101.559200 723.397500
10.726500 1099.476000 724.521000
10.743100 1104.432000 731.913000
10.759460 1101.240000 738.843000
10.776250 1102.332000 738.444000
10.792050 1077.602400 737.026500
10.808960 1065.691200 756.052500
10.825320 1066.766400 755.317500
10.841310 1078.425600 744.009000
10.857790 1108.531200 727.009500
10.873840 1106.380800 728.091000
10.890260 1083.616800 735.210000
10.907590 1057.324800 759.129000
10.923770 1055.930400 759.790500
10.939940 1109.102400 751.012500
10.956790 1052.755200 773.923500
10.989500 1062.835200 754.666500
11.006350 1050.218400 764.536500
11.022640 1051.562400 763.906500
11.039920 1090.000800 762.604500
11.054990 1093.293600 761.050500
11.071720 1095.242400 760.284000
11.088200 1065.657600 743.704500
11.104430 1056.266400 745.153500
11.137450 1045.178400 740.670000
11.153810 1034.964000 792.907500
11.186520 1042.994400 768.390000
11.203310 1007.445600 779.226000
11.219600 1008.520800 778.659000
11.235780 1055.056800 739.326000
11.252620 1070.210400 749.868000
11.285160 1116.628800 732.322500
11.301700 1125.633600 737.131500
11.318240 1124.491200 737.677500
11.334720 1164.340800 752.713500
11.351200 1170.540000 769.461000
11.367370 1169.179200 769.702500
11.383670 1233.556800 776.853000
11.975710 1229.440800 1000.765500
11.991940 1124.676000 892.783500
12.024290 1072.125600 587.223000
12.041080 1102.231200 601.555500
12.057500 1100.685600 604.117500
12.073790 1054.569600 579.915000
12.090640 1090.588800 610.365000
12.123050 1070.546400 604.443000
12.141240 1060.852800 568.281000
12.156010 1175.260800 624.949500
12.172490 1085.448000 568.764000
12.188660 1098.031200 607.057500
12.206970 1101.088800 603.540000
12.223570 1099.879200 613.872000
12.237920 1110.060000 614.638500
12.254390 1107.842400 616.759500
12.270810 1129.632000 600.946500
12.287170 1109.942400 626.419500
12.303530 1107.741600 628.456500
12.319760 1067.908800 661.038000
12.336670 1088.068800 644.731500
12.369690 1102.785600 651.861000
12.385990 1078.408800 669.595500
12.418700 1045.077600 563.608500
12.436100 1104.583200 371.878500
12.468750 1067.707200 278.239500
12.485230 1084.272000 268.905000
12.500730 1084.272000 268.905000
12.517090 1090.269600 247.842000
12.533570 1068.228000 235.000500
12.549930 1074.880800 219.691500
12.566590 1014.165600 239.169000
12.582950 653.016000 178.962000
12.599550 651.722400 176.074500
12.615840 414.103200 214.063500
12.632690 384.518400 200.728500
12.648440 403.771200 220.038000
12.665040 391.221600 218.526000
12.681760 422.116800 230.149500
12.698240 416.774400 224.637000
12.713990 369.600000 497.752500
12.731020 386.920800 214.252500
12.747010 382.149600 209.601000
12.763240 342.636000 228.564000
12.779910 332.119200 218.820000
12.797970 335.412000 221.445000
12.812870 326.776800 253.386000
12.829530 342.300000 227.199000
12.845890 350.716800 234.402000
12.861940 355.084800 262.437000
12.878850 343.375200 258.982500
12.895570 340.384800 256.368000
12.911500 349.087200 247.779000
12.929440 372.691200 252.703500
12.947080 370.692000 250.939500
12.962590 351.943200 246.844500
12.978940 354.026400 250.897500
12.993770 353.136000 250.131000
13.009830 352.111200 227.451000
13.026980 365.484000 233.866500
13.043030 368.659200 236.565000
13.059140 359.721600 235.252500
13.076050 359.452800 236.733000
13.092290 360.360000 237.531000
13.108520 363.283200 255.307500
13.125850 386.870400 256.284000
13.157840 403.989600 270.417000
13.174560 390.852000 270.196500
13.192020 388.029600 267.666000
13.210750 354.312000 245.826000
13.225400 350.515200 239.988000
13.241820 352.598400 241.825500
13.256770 354.799200 253.764000
13.273070 359.032800 276.969000
13.289490 365.080800 281.988000
13.306880 374.472000 273.231000
13.323240 374.942400 282.009000
13.340940 369.919200 277.725000
13.356200 395.606400 280.959000
13.371580 386.635200 299.796000
13.389040 391.473600 303.901500
13.405030 393.741600 293.863500
13.422360 391.104000 284.938500
13.438600 398.512800 291.375000
13.455440 406.963200 284.917500
13.471310 421.411200 287.857500
13.486630 426.249600 292.393500
13.502990 446.644800 301.119000
13.519290 497.599200 286.209000
13.536010 491.484000 279.258000
13.553340 768.482400 249.070500
13.568790 785.719200 228.312000
13.584960 783.921600 218.158500
13.601320 766.819200 243.369000
13.617920 794.035200 257.166000
13.650880 805.980000 218.053500
13.667240 789.079200 233.415000
13.683840 788.961600 230.706000
13.700260 736.680000 236.838000
13.716490 1090.857600 398.884500
13.733280 1092.890400 394.905000
13.749510 1097.594400 385.801500
13.765930 498.069600 571.683000
13.784730 500.774400 571.053000
13.798340 1089.244800 410.203500
13.814580 1060.449600 413.133000
13.831600 1058.668800 416.976000
13.847530 520.548000 582.897000
13.864930 528.847200 591.171000
13.880980 525.386400 588.966000
13.896850 497.599200 582.183000
13.913390 1108.968000 391.534500
13.946530 1094.217600 398.401500
13.962950 517.188000 604.873500
13.995420 508.300800 591.318000
14.012210 495.902400 557.508000
14.028320 499.144800 559.597500
14.044980 556.533600 603.246000
14.061220 551.073600 609.892500
14.094060 537.986400 591.381000
14.110410 547.394400 571.641000
14.127320 542.388000 570.381000
14.143370 525.722400 580.377000
14.160160 1065.640800 386.883000
14.176450 1062.902400 387.912000
14.193360 1084.524000 394.852500
14.210820 551.476800 583.390500
14.225650 552.367200 586.393500
14.241880 553.476000 578.707500
14.258670 1082.659200 417.343500
14.274780 1084.658400 413.511000
14.291500 1074.645600 390.169500
14.307800 1090.924800 397.876500
14.340700 1080.223200 389.424000
14.357240 1093.932000 379.344000
14.373600 1096.099200 375.333000
14.389890 1102.365600 385.444500
14.406430 1091.848800 369.789000
14.422970 1096.317600 361.231500
14.439150 1067.186400 365.725500
14.455750 1083.633600 340.074000
14.488650 522.866400 592.074000
14.504940 532.996800 589.102500
14.521670 541.884000 592.683000
14.537780 1090.437600 380.961000
14.554260 1071.235200 364.350000
14.570310 1067.186400 372.739500
14.587160 950.308800 255.759000
14.606080 1117.922400 279.163500
14.636110 1142.332800 290.986500
14.653810 1139.997600 279.027000
14.669430 1142.971200 273.514500
14.685490 1141.324800 263.634000
14.702030 1154.227200 259.927500
14.720700 1157.318400 254.394000
14.736510 1159.452000 249.217500
14.751160 1144.466400 250.897500
14.768010 1141.543200 256.483500
14.784180 1113.722400 277.987500
14.800600 1129.245600 280.119000
14.817380 1123.970400 290.209500
14.833130 1146.180000 294.934500
14.849610 1133.697600 296.520000
14.866580 1136.671200 291.081000
14.882930 1148.397600 250.897500
14.899110 1179.427200 236.176500
14.915650 1182.367200 231.105000
14.932680 1152.631200 259.161000
14.949580 1133.596800 261.334500
14.966060 1129.245600 269.052000
14.982300 1110.950400 281.116500
14.999570 1098.249600 273.378000
15.014400 1097.308800 276.139500
15.030940 1158.444000 287.500500
15.047240 1145.944800 283.804500
15.063780 1151.740800 273.388500
15.080080 1139.695200 254.698500
15.096310 1151.757600 244.933500
15.130550 1161.753600 244.734000
15.146000 1152.043200 254.478000
15.161990 1148.935200 260.158500
15.178830 1156.596000 258.268500
15.194950 1137.225600 262.416000
15.227660 1139.712000 281.295000
15.244140 1151.455200 272.296500
15.261110 1153.320000 269.755500
15.277220 1163.181600 261.061500
15.293880 1170.993600 243.516000
15.309880 1174.387200 237.688500
15.326420 1185.727200 229.278000
15.343020 1147.389600 212.908500
15.359310 1145.524800 215.502000
15.375490 1148.985600 243.705000
15.392330 1142.198400 235.473000
15.408690 1139.107200 241.395000
15.424870 1139.964000 261.387000
15.441590 1141.896000 266.752500
15.474060 1129.732800 257.197500
15.490540 1111.353600 259.864500
15.524230 1147.473600 270.564000
15.540280 1128.758400 258.027000
15.573060 1119.014400 274.249500
15.589420 1130.623200 263.718000
15.605710 1128.993600 265.902000
15.621950 1126.591200 291.049500
15.639650 1131.026400 296.299500
15.656680 1130.035200 298.903500
15.671260 901.471200 321.121500
15.687740 650.092800 347.770500
15.703860 647.808000 343.770000
15.720830 495.667200 410.865000
15.736820 465.326400 396.690000
15.769840 440.832000 417.952500
15.786930 449.131200 422.089500
15.818910 469.224000 433.345500
15.835390 462.151200 419.286000
15.853270 457.497600 415.537500
15.867860 440.361600 402.769500
15.884640 391.423200 421.869000
15.901000 386.148000 418.278000
15.917970 395.522400 420.031500
15.934200 397.420800 420.430500
15.950990 402.561600 424.000500
15.967220 416.287200 428.358000
15.984190 405.434400 438.658500
16.000610 410.625600 442.176000
16.016910 415.766400 456.802500
16.033390 410.306400 452.256000
16.066100 432.096000 454.566000
16.082760 434.733600 462.220500
16.099120 439.000800 465.139500
16.116390 441.856800 446.869500
16.131960 488.023200 471.565500
16.164610 415.934400 458.199000
16.181580 413.431200 440.401500
16.197510 408.945600 437.367000
16.213990 427.543200 454.177500
16.230470 414.069600 438.385500
16.246890 418.521600 441.430500
16.263310 425.292000 463.228500
16.280580 433.540800 449.389500
16.297060 430.869600 447.667500
16.313600 456.422400 432.736500
16.329040 476.683200 424.578000
16.345580 470.551200 419.611500
16.361630 444.410400 438.511500
16.378480 435.439200 446.985000
16.394650 435.523200 447.048000
16.411010 422.889600 444.801000
16.427120 429.307200 429.660000
16.460450 479.539200 468.846000
16.477230 467.880000 462.882000
16.494870 472.365600 466.189500
16.511110 450.744000 483.189000
16.527400 429.962400 461.380500
16.542110 427.224000 459.700500
16.558410 415.312800 444.612000
16.576290 403.065600 449.473500
16.592470 400.512000 447.730500
16.608890 420.067200 466.410000
16.626100 409.080000 403.525500
16.642400 411.448800 405.415500
16.657650 419.680800 430.993500
16.673950 661.886400 419.034000
16.690490 659.484000 415.222500
16.706730 742.660800 414.151500
16.730410 776.764800 424.336500
16.740600 777.151200 426.216000
16.755860 782.040000 433.954500
16.772770 775.857600 434.469000
16.788700 776.630400 436.369500
16.805110 779.688000 419.863500
16.821530 785.887200 415.075500
16.837890 785.047200 413.101500
16.854190 810.986400 423.780000
16.870790 778.411200 433.219500
16.888550 779.536800 436.978500
16.903990 790.322400 423.202500
16.922180 755.882400 411.232500
16.938840 755.294400 409.342500
16.954650 753.396000 403.641000
16.970890 741.266400 415.800000
16.987060 740.359200 413.878500
17.003480 750.876000 411.915000
17.018250 777.117600 435.130500
17.035100 778.260000 438.879000
17.051330 797.580000 417.490500
17.067870 807.206400 413.007000
17.100340 771.573600 416.314500
17.117250 784.963200 441.672000
17.149410 820.478400 427.129500
17.166380 820.008000 400.690500
17.199160 819.672000 424.326000
17.215450 811.692000 440.947500
17.232180 812.095200 442.291500
17.248410 813.052800 440.034000
17.264650 814.581600 455.637000
17.281130 813.859200 453.705000
17.297790 822.931200 398.412000
17.314090 829.684800 428.904000
17.330510 829.768800 429.481500
17.347230 804.266400 448.570500
17.363590 803.040000 470.022000
17.396550 775.152000 441.871500
17.412600 780.158400 435.960000
17.445310 782.577600 422.772000
17.461850 778.495200 413.647500
17.494630 771.674400 415.747500
17.511230 789.852000 437.493000
17.544070 808.500000 436.873500
17.560490 797.798400 423.223500
17.593510 791.162400 413.385000
17.609560 805.980000 417.931500
17.626400 805.156800 414.015000
17.642760 869.870400 419.286000
17.659420 1078.257600 504.798000
17.675660 1081.332000 500.262000
17.692080 1073.536800 534.061500
17.710270 1134.974400 495.736500
17.724730 1133.479200 497.175000
17.741030 1116.511200 461.181000
17.757390 1120.207200 477.109500
17.774230 1117.670400 480.606000
17.790650 1070.630400 473.770500
17.807250 1084.255200 485.331000
17.823610 1086.338400 481.992000
17.839780 1131.328800 468.699000
17.856200 1104.818400 475.818000
17.872440 1102.584000 479.262000
17.889100 1116.225600 463.365000
17.905580 1127.817600 449.295000
17.921510 1125.230400 453.085500
17.938170 1124.911200 442.176000
17.954830 1103.508000 447.825000
17.971070 1101.475200 451.153500
17.987370 1115.100000 486.276000
18.004390 1099.207200 480.532500
18.020570 1097.174400 483.651000
18.039250 1083.415200 486.727500
18.053830 1092.823200 501.637500
18.086060 1106.229600 526.249500
18.102780 1119.132000 495.379500
18.119200 1120.476000 493.836000
18.135620 1130.556000 511.581000
18.152040 1148.918400 501.049500
18.168460 1155.470400 492.723000
18.184880 1155.823200 455.626500
18.201420 1152.412800 460.918500
18.217590 1151.992800 461.464500
18.234070 1141.593600 433.954500
18.250310 1133.092800 465.706500
18.266850 1130.455200 469.339500
18.283390 1148.817600 449.526000
18.300050 1171.380000 433.849500
18.332700 1153.353600 446.155500
18.349300 1140.669600 455.196000
18.382140 1107.086400 462.598500
18.398500 1112.042400 445.872000
18.414860 1115.856000 440.370000
18.432560 1102.634400 456.708000
18.448970 1117.956000 448.360500
18.465700 1122.844800 441.042000
18.482480 1102.029600 451.794000
18.497380 1108.598400 443.761500
18.513790 1105.020000 449.043000
18.530330 1112.596800 472.941000
18.546940 1100.064000 451.710000
18.563110 1094.452800 460.624500
18.579280 1092.084000 471.618000
18.596250 1093.814400 477.687000
18.612120 1093.999200 478.086000
18.628360 1134.974400 488.628000
18.644710 1181.510400 493.899000
18.661560 1188.751200 485.583000
18.677370 1130.455200 450.523500
18.696040 1139.560800 477.256500
18.710450 1139.510400 477.319500
18.726500 1098.552000 477.151500
18.743470 1139.342400 450.933000
18.776370 1174.202400 447.111000
18.792540 1190.414400 462.850500
18.809510 1187.222400 466.410000
18.825560 1144.046400 516.925500
18.842100 1129.951200 469.024500
18.858460 1128.909600 471.103500
18.874820 1155.235200 486.181500
18.891540 1140.501600 500.892000
18.907840 1145.844000 494.361000
18.923890 1178.251200 445.945500
18.940250 1165.852800 431.707500
18.956540 1168.759200 427.969500
18.973390 1189.406400 462.735000
18.990230 1189.860000 484.690500
19.005980 1185.038400 489.405000
19.024480 1149.405600 478.107000
19.039000 1156.730400 471.166500
19.055600 1151.035200 478.338000
19.071590 1132.168800 481.960500
19.088380 1143.945600 504.997500
19.104740 1148.397600 500.136000
19.121400 1119.165600 494.182500
19.137700 1110.463200 474.495000
19.153990 1111.555200 472.489500
19.170720 1151.841600 442.522500
19.186830 1159.956000 476.553000
19.203430 1155.789600 482.107500
19.219730 1092.252000 485.068500
19.236080 1124.104800 444.223500
19.252440 1125.012000 442.176000
19.269100 1135.512000 478.222500
19.285340 1118.056800 476.584500
19.302250 1115.553600 480.133500
19.318240 1122.223200 491.998500
19.334840 1116.696000 500.136000
19.353270 1114.545600 502.992000
19.367800 1158.208800 506.058000
19.383850 1011.830400 512.368500
19.400760 1012.687200 511.003500
19.416870 563.724000 602.469000
19.433650 533.416800 584.136000
19.450070 531.736800 583.254000
19.466000 518.985600 576.712500
19.485170 540.388800 617.694000
19.501100 541.917600 618.544500
19.517760 510.854400 593.659500
19.534120 517.053600 596.431500
19.550600 513.088800 594.205500
19.566770 977.306400 726.306000
19.581360 515.911200 587.947500
19.597530 518.145600 589.291500
19.614010 536.592000 582.582000
19.630550 595.224000 654.391500
19.646970 595.694400 654.643500
19.663330 567.823200 629.401500
19.681210 578.810400 629.895000
19.712460 562.934400 630.073500
19.729000 560.347200 626.178000
19.745540 558.448800 625.012500
19.762150 545.697600 630.651000
19.778500 535.466400 625.243500
19.794560 531.804000 623.311500
19.811220 533.635200 621.810000
19.827940 528.796800 621.222000
19.860470 562.632000 631.018500
19.877260 553.106400 623.196000
19.893370 554.870400 624.193500
19.909910 617.064000 652.323000
19.926570 541.900800 594.468000
19.942690 545.529600 596.694000
19.959110 575.400000 621.516000
19.975460 594.921600 647.881500
20.008540 722.383200 734.947500
20.024720 723.609600 741.835500
20.041200 721.694400 741.006000
20.057800 566.059200 669.816000
20.074220 634.956000 716.341500
20.090640 634.166400 715.995000
20.106930 618.895200 687.088500
20.123110 591.175200 658.665000
20.139770 594.283200 660.334500
20.156070 593.796000 648.616500
20.172730 683.793600 677.334000
20.188960 682.012800 676.147500
20.205630 589.982400 651.336000
20.221980 567.991200 632.142000
20.238770 566.613600 631.323000
20.255000 577.600800 651.031500
20.271180 668.640000 696.318000
20.287480 669.026400 696.528000
20.304020 543.194400 636.720000
20.320500 601.792800 664.072500
20.337160 598.718400 662.434500
20.353390 819.537600 748.492500
20.372010 737.133600 721.938000
20.388240 740.460000 723.849000
20.404540 719.997600 735.294000
20.419010 670.521600 698.964000
20.435610 672.907200 700.308000
20.451840 760.788000 698.523000
20.470760 820.411200 666.582000
20.487120 819.789600 664.387500
20.503480 796.605600 655.714500
20.520200 815.808000 668.451000
20.536130 815.186400 667.758000
20.552550 1037.652000 666.645000
20.569340 848.097600 661.300500
20.585390 848.517600 662.949000
20.601680 820.932000 663.117000
20.617920 801.679200 660.702000
20.651920 843.326400 676.567500
20.667360 847.005600 676.798500
20.682130 846.568800 675.318000
20.698240 923.781600 694.921500
20.715030 1038.710400 718.410000
20.747740 1040.356800 717.171000
20.764400 1072.696800 710.482500
20.797000 1067.992800 687.172500
20.813420 1080.240000 685.629000
20.829530 1081.348800 684.957000
20.845950 1032.057600 726.820500
20.862850 992.762400 748.356000
20.879210 992.678400 748.597500
20.896060 1055.342400 706.986000
20.911680 1076.896800 732.364500
20.928040 1076.863200 732.385500
20.944890 1100.702400 735.294000
20.962400 1109.892000 725.077500
20.999390 1096.216800 734.706000
21.010680 1113.168000 724.342500
21.026730 1111.000800 725.455500
21.043580 1098.921600 724.605000
21.059690 1080.727200 728.647500
21.077640 1081.533600 728.164500
21.093630 1105.305600 716.667000
21.110230 1111.924800 684.432000
21.128660 1116.292800 681.450000
21.143860 1085.481600 709.170000
21.161070 1076.527200 706.072500
21.177670 1074.276000 707.542500
21.193660 1086.304800 706.387500
21.207890 1061.340000 703.479000
21.224240 1057.946400 706.114500
21.240660 1069.185600 713.349000
21.257260 1066.144800 709.558500
21.273930 1067.656800 708.466500
21.290100 1082.491200 717.780000
21.306520 1077.484800 718.830000
21.323360 1078.375200 718.357500
21.339420 1068.748800 716.982000
21.355470 1088.925600 691.624500
21.372010 1090.891200 690.207000
21.388310 1085.952000 703.888500
21.405030 1087.480800 713.611500
21.439330 1064.196000 714.084000
21.454410 1096.216800 709.569000
21.471130 1095.729600 709.873500
21.487180 1072.344000 723.723000
21.503910 1073.755200 721.234500
21.520390 1074.309600 720.877500
21.536990 1059.710400 703.720500
21.553410 1064.817600 745.741500
21.569580 1065.422400 745.531500
21.585940 1083.129600 709.380000
21.602360 1099.375200 697.746000
21.619080 1098.736800 698.166000
21.635070 1087.548000 701.431500
21.652040 1100.500800 695.698500
21.668150 1098.753600 696.853500
21.684630 1095.561600 701.053500
21.701110 1096.015200 699.615000
21.717100 1098.031200 698.292000
21.733700 1147.675200 756.703500
21.750180 1137.494400 714.430500
21.766540 1138.267200 714.199500
21.783020 1162.694400 735.882000
21.799500 1101.912000 723.240000
21.815920 1097.812800 725.445000
21.833560 1101.424800 722.169000
21.848940 1089.916800 690.144000
21.865050 1088.959200 690.648000
21.881710 1082.760000 464.089500
21.898010 1041.499200 395.976000
21.917110 1042.826400 393.739500
21.932430 1056.518400 365.830500
21.949520 1040.995200 343.308000
21.966000 1044.405600 334.477500
21.981690 1028.412000 326.361000
21.999210 1025.169600 313.729500
22.015810 1023.573600 318.612000
