0.049070 1249.441200 760.294500 0.033450 74.415480 0.016360
0.098880 1186.348800 799.753500 0.032470 51.470628 0.017330
0.148680 1232.859600 821.798250 0.048830 761.147325 0.145750
0.343260 688.450560 289.854600 0.099610 248.612098 0.081790
0.524660 630.613200 48.063750 0.049800 37.346805 0.015630
0.590090 593.573400 43.284938 0.132080 44.544480 0.016360
0.738530 568.996800 80.436000 0.231200 44.027245 0.016600
0.986330 531.645600 103.744500 0.115480 94.851325 0.016840
1.118650 562.176000 193.548000 0.131590 102.277218 0.065190
1.315430 655.552800 151.817885 0.263430 132.671901 0.030270
1.609130 783.857200 118.056750 0.100590 37.593125 0.032470
1.742190 780.775800 155.523375 0.066160 40.378405 0.015870
1.824220 805.467600 187.472250 0.032710 90.940885 0.016360
1.873290 766.298400 105.399000 0.016600 134.113732 0.049810
1.939700 894.835200 143.671500 0.015870 52.238103 0.016600
1.972170 941.558800 120.310750 0.097900 74.384464 0.035150
2.105220 867.221600 122.962000 0.047860 129.207733 0.049070
2.202150 984.580800 68.911500 0.016360 107.825188 0.017090
2.235600 1048.488000 155.757000 0.016110 50.494468 0.018070
2.269780 1038.168600 106.328250 0.066160 553.442546 0.096920
2.432860 484.797600 115.227000 0.015630 39.154387 0.016600
2.465090 520.081800 98.253750 0.067380 121.213563 0.097170
2.629640 624.573600 159.688200 0.098140 109.199534 0.049810
2.777590 729.108800 128.114000 0.049800 104.412039 0.032470
2.859860 763.165200 226.815750 0.031500 86.358804 0.034420
2.925780 703.936800 163.968000 0.049070 153.664945 0.047860
3.022710 856.955400 178.047187 0.150870 171.058409 0.047860
3.221440 1025.696000 149.983167 0.146720 399.430880 0.099130
3.467290 640.880800 257.045250 0.098380 93.420363 0.049080
3.614750 574.624800 322.905000 0.132810 169.406781 0.047610
3.795170 702.886800 212.236500 0.033200 81.883280 0.016360
3.844730 753.732000 276.420900 0.100090 148.725279 0.080810
4.025630 895.664509 231.987000 0.197760 59.695787 0.016840
4.240230 900.580800 291.480000 0.033450 95.753110 0.016600
4.290280 806.198400 307.623750 0.032720 52.120897 0.015130
4.338130 858.261600 305.172000 0.016120 252.816762 0.050050
4.404300 605.488800 309.886500 0.016350 62.849210 0.032480
4.453130 623.058240 370.230000 0.081780 71.349530 0.016600
4.551510 587.025600 308.647500 0.016850 51.839998 0.015620
4.583980 598.298400 359.247000 0.037600 82.830825 0.013670
4.635250 612.729600 277.683000 0.016360 91.236649 0.049320
4.700930 594.552000 367.090500 0.016110 126.581745 0.048340
4.765380 720.300000 381.594938 0.130370 108.003343 0.033690
4.929440 665.817600 288.340500 0.016120 88.781329 0.033440
4.979000 706.664000 367.167500 0.048830 301.770009 0.081790
5.109620 739.769520 67.218900 0.230710 176.171340 0.048100
5.388430 563.930400 78.033000 0.132080 53.003219 0.048580
5.569090 591.856800 123.082500 0.132570 113.907611 0.031740
5.733400 703.857382 143.838545 0.198480 296.857844 0.081790
6.013670 999.986400 123.049500 0.015630 18.641300 0.016350
6.045650 988.884253 138.024158 0.328860 47.448501 0.032960
6.407470 1031.616600 158.647125 0.098390 36.919309 0.049070
6.554930 1047.625091 191.915182 0.493410 372.716822 0.065670
7.114010 677.010133 231.442167 0.164800 102.945889 0.064700
7.343510 761.990400 173.337000 0.132320 21.639608 0.015870
7.491700 761.178600 194.961375 0.065920 134.456161 0.049310
7.606930 878.721200 129.675875 0.197030 125.218579 0.098140
7.902100 969.052560 216.393450 0.180660 143.678079 0.049810
8.132570 1112.294400 205.205700 0.097650 538.597267 0.115730
8.345950 573.734933 211.586667 0.148430 55.639327 0.015870
8.510250 519.334200 199.912125 0.065920 271.181350 0.065920
8.642090 789.975200 182.801500 0.049320 70.429491 0.032470
8.723880 854.642880 210.701400 0.081540 105.944194 0.066410
8.871830 957.902400 187.002375 0.064690 70.988586 0.034430
8.970950 889.963200 207.585000 0.032220 173.654898 0.065190
9.068360 1063.574400 203.689500 0.033200 60.446883 0.016360
9.117920 1035.837600 149.982000 0.033200 105.810415 0.015630
9.166750 1006.914720 251.762700 0.083010 179.933701 0.099120
9.348880 1182.059200 210.525000 0.048340 618.131251 0.098390
9.495610 564.050667 222.841500 0.148680 62.550376 0.016110
9.660400 502.336800 212.646000 0.017090 201.677299 0.048830
9.726320 703.927200 218.565750 0.263430 128.623144 0.081050
10.070800 831.398400 201.390000 0.017090 39.523207 0.032230
10.120120 800.956800 176.183000 0.049070 74.274720 0.016600
10.185790 866.633600 210.871500 0.049320 110.475078 0.033200
10.268310 968.923200 252.603750 0.033690 48.293793 0.031980
10.333980 963.603200 204.603875 0.213380 56.399545 0.033690
10.581050 907.485600 210.236250 0.049320 50.074787 0.015630
10.646000 920.766000 258.517875 0.098380 191.501615 0.082280
10.826660 732.736582 222.216273 0.248290 94.383953 0.031250
11.106200 824.073600 246.004500 0.016850 47.874279 0.016840
11.139890 794.990000 207.977000 0.130860 91.512090 0.016850
11.287600 830.655840 292.252800 0.081300 190.798857 0.049310
11.418210 682.802400 412.849500 0.016850 34.800204 0.016110
11.451170 649.457200 422.807000 0.131840 108.767805 0.081540
11.664550 610.545600 524.376300 0.165280 77.587098 0.016610
11.846440 588.285600 450.051000 0.015620 43.610589 0.016360
11.878420 558.259200 481.678500 0.114990 189.065134 0.049310
12.042720 743.416800 443.438625 0.065430 60.850037 0.016120
12.124270 764.268960 500.604300 0.083010 196.243579 0.065430
12.272710 955.684800 457.343250 0.048820 46.631959 0.016600
12.338130 949.872000 411.075000 0.017090 109.698351 0.031990
12.387210 922.622400 517.335000 0.016110 152.710776 0.082280
12.485600 1064.918400 572.764500 0.033200 65.481390 0.032710
12.551510 1032.922800 515.632250 0.147950 71.702116 0.066170
12.765630 963.083100 531.868312 0.147460 83.203310 0.016840
12.929930 973.799400 449.358000 0.082030 173.436767 0.097660
13.109620 1141.014000 495.397000 0.132080 567.884912 0.295170
13.536870 573.703200 520.926000 0.017090 73.477679 0.033440
13.587400 561.582000 448.455000 0.049320 52.781152 0.017090
13.653810 591.937500 491.633625 0.196530 159.097412 0.082030
13.932370 585.864632 332.652158 0.360600 99.868195 0.049070
14.342040 685.605760 337.688400 0.246830 167.765029 0.081540
14.670410 853.226640 344.641500 0.165040 118.604231 0.050050
14.885500 968.822400 318.097500 0.017820 35.313776 0.014650
14.917970 959.789600 352.236500 0.066160 45.589517 0.016110
15.000240 957.952800 306.684000 0.015870 101.460439 0.066170
15.082280 1059.130800 299.118750 0.082030 35.086156 0.016350
15.180660 1069.995360 332.480400 0.181160 103.830032 0.097900
15.459720 966.814800 320.885250 0.033930 28.632140 0.015140
15.508790 979.740000 346.434000 0.394530 51.113798 0.017580
15.920900 1028.479200 331.035600 0.098630 113.418966 0.081300
16.100830 1139.431569 354.560769 0.261230 618.041477 0.083250
16.445310 521.397600 351.514500 0.148440 218.073333 0.065190
16.658940 739.461600 349.497000 0.115960 23.224625 0.015870
16.790770 747.885600 371.140000 0.065430 8.353779 0.033200
16.889400 748.641600 379.459500 0.016850 137.377004 0.098630
17.004880 880.232123 340.008577 0.213140 168.135596 0.050780
17.268800 1029.856800 416.703000 0.017330 87.200841 0.017830
17.303960 999.574800 334.929000 0.028560 74.686223 0.032960
17.365480 983.018400 407.757000 0.016600 75.988325 0.015870
17.397950 994.492800 332.640000 0.032470 96.654229 0.050050
17.480470 915.801600 388.762500 0.017090 64.804574 0.015870
17.513430 905.788800 324.736125 0.082270 58.609306 0.032720
17.628420 933.156000 376.563600 0.117430 76.106578 0.046390
17.792240 1009.083600 381.780000 0.049310 68.786796 0.032470
17.874020 1049.630400 326.214000 0.017580 79.453848 0.050540
17.942140 1049.865600 405.667500 0.016600 100.995674 0.031250
17.989990 1023.691200 308.122500 0.016850 126.519974 0.034180
18.041020 1139.275200 359.577750 0.032710 66.285950 0.016850
18.090580 1137.628800 293.312250 0.030510 585.376855 0.131600
18.252690 558.873000 381.106250 0.230220 160.511149 0.098140
18.581050 716.436000 411.728625 0.065680 66.400547 0.016600
18.663330 693.907200 349.266750 0.032960 79.234775 0.049070
18.745360 617.185333 369.063333 0.147710 529.503655 0.115230
19.008300 1145.026400 410.991000 0.065670 127.771903 0.049810
19.123780 1168.423200 285.379500 0.032710 58.746153 0.015630
19.172120 1179.784200 343.016625 0.084720 469.591233 0.113770
19.370610 711.984000 383.991000 0.145500 114.935173 0.066410
19.582520 810.129600 443.803500 0.016360 65.531659 0.032960
19.631840 835.588800 383.419500 0.115960 159.331783 0.086430
19.834230 678.975360 412.725600 0.077150 26.705814 0.017330
19.928710 671.759200 438.438000 0.065670 92.610845 0.065430
20.059810 745.139564 381.939409 0.213870 78.573832 0.033200
20.306880 813.103200 421.370250 0.130860 68.905330 0.032720
20.470460 825.316800 489.184500 0.015870 228.989735 0.065430
20.551760 612.981600 403.452000 0.017090 67.656429 0.033440
20.602290 660.676800 451.437000 0.015630 94.415034 0.033450
20.651370 602.066182 377.416773 0.197020 285.567985 0.065430
20.913820 887.560800 370.944000 0.017090 101.637525 0.031980
20.962890 877.371600 269.818500 0.035400 115.922245 0.049070
21.047360 889.660800 385.087500 0.016600 14.421455 0.014650
21.078610 901.420800 393.435000 0.016600 116.742380 0.097660
21.192870 785.730831 377.794846 0.230470 188.184163 0.065670
21.489010 973.912800 378.703500 0.016120 27.291408 0.016350
21.521480 946.844945 382.189500 0.213630 103.303598 0.049800
21.784910 1042.666800 343.591500 0.032720 66.015117 0.015380
21.833010 1106.968800 358.533000 0.032710 65.843613 0.066410
21.932130 1091.378400 422.504250 0.032960 497.039029 0.148920
22.114010 598.172400 484.113000 0.031500 124.434472 0.048580
22.194090 550.666200 369.103875 0.065920 192.172959 0.066410
22.326420 691.756800 499.579500 0.015870 138.714386 0.050290
22.392580 682.855600 361.151000 0.098140 69.165775 0.033450
22.524170 672.879200 429.593500 0.065190 92.591447 0.032220
22.621580 617.677200 355.257000 0.049560 219.857990 0.083010
22.754150 827.047200 422.352000 0.015630 130.215987 0.082760
22.852540 761.829600 309.645000 0.016110 77.939460 0.032720
22.901370 800.241600 377.461500 0.147950 220.954976 0.082030
23.131350 831.316080 596.220450 0.180910 139.852354 0.032710
23.344970 959.380800 652.417500 0.016600 118.518785 0.049070
23.410640 985.740000 536.867100 0.115480 30.128057 0.016360
23.542480 1015.291200 542.734500 0.017090 99.188959 0.049810
23.609380 1113.386400 557.424000 0.015380 149.718256 0.082030
23.706790 1144.231200 703.930500 0.032470 398.429692 0.146240
23.885500 750.304800 644.196000 0.016360 285.588394 0.379390
24.281250 491.853600 522.690000 0.016600 69.913959 0.017820
24.315670 561.405600 529.795000 0.049320 164.134482 0.082520
24.447510 724.130400 551.260500 0.015380 39.383816 0.016850
24.479740 688.217600 567.427000 0.051510 81.424130 0.030270
24.561520 695.049600 648.564000 0.017090 87.949619 0.016360
24.594970 677.869920 562.308600 0.082030 430.259440 0.163090
24.840090 1107.777600 544.914000 0.114990 218.474875 0.082270
25.037350 893.054400 585.228000 0.031740 100.321084 0.018070
25.087160 898.161600 485.037000 0.081300 15.545423 0.016350
25.184810 913.348800 481.719000 0.032960 91.865763 0.363040
25.580810 1003.951200 496.902000 0.032470 28.102403 0.014890
25.628170 979.809600 511.287000 0.033940 107.324417 0.049320
25.711430 1067.858400 572.654250 0.032220 118.259666 0.099120
25.842770 1025.430000 462.267750 0.031010 72.620692 0.035160
25.908940 1020.852000 534.744000 0.114250 59.631712 0.049810
26.073000 976.936800 494.403000 0.015620 103.157150 0.032720
26.121340 998.911200 595.192500 0.016360 49.074345 0.015860
26.153560 995.853600 546.213500 0.049810 36.607621 0.016360
26.219730 966.571200 524.244000 0.016840 64.272627 0.015870
26.252440 1030.730400 520.427250 0.049320 114.063025 0.048830
26.350590 1031.973600 406.371000 0.017570 103.056678 0.048830
26.416990 994.904400 502.530000 0.032720 43.492078 0.016350
26.466060 991.868640 459.144000 0.082520 84.953642 0.032470
26.581050 957.448800 536.812500 0.016850 69.382095 0.016360
26.614260 989.620800 475.340250 0.032710 65.483447 0.033210
26.680180 946.024800 426.478500 0.015620 161.631173 0.066410
26.762210 985.219200 583.285500 0.016350 78.635552 0.016610
26.795170 1043.319200 530.295500 0.048090 35.890291 0.016850
26.860110 1024.038400 500.024000 0.082030 59.562039 0.066890
27.009030 1083.230400 493.395000 0.049320 61.277304 0.015870
27.074220 1139.124000 468.279000 0.016600 93.448969 0.032720
27.123540 1081.164000 541.582125 0.065670 69.373348 0.017090
27.206300 1021.809600 577.494750 0.032230 62.434042 0.015860
27.254390 1082.978400 564.989250 0.033940 155.929629 0.032230
27.320560 1113.218400 412.020000 0.016350 102.798243 0.049810
27.386720 1165.634400 500.451000 0.016110 606.406429 0.115240
27.518070 559.492800 518.370750 0.229490 48.430836 0.017090
27.764650 545.109600 564.616500 0.015620 129.627771 0.296150
28.076420 660.559200 505.669500 0.017090 119.122523 0.098380
28.191890 771.892800 548.037000 0.032720 55.722392 0.016110
28.240720 723.105600 521.115000 0.016600 49.599681 0.016610
28.273930 763.358400 550.095000 0.032710 83.106860 0.016850
28.323490 709.464000 486.832500 0.049800 67.001044 0.032720
28.406010 769.315680 516.947550 0.229000 33.443739 0.083010
28.718020 782.980800 486.423000 0.049070 59.358486 0.015870
28.782960 723.626400 485.726500 0.049320 65.320300 0.016840
28.849120 764.988000 536.283000 0.116210 88.908976 0.016600
28.981930 849.878400 562.710750 0.035650 66.669231 0.013180
29.030760 863.091600 497.364000 0.032960 103.151699 0.035650
29.099370 844.267200 598.783500 0.013670 136.312858 0.064940
29.177980 980.101920 587.376300 0.081790 78.246375 0.034660
29.294430 937.742400 521.587500 0.016120 47.208295 0.033690
29.344240 957.583200 564.424000 0.046870 122.803634 0.031250
29.422360 988.948800 445.693500 0.034430 75.594027 0.063960
29.520750 1051.108800 488.712000 0.032470 86.624864 0.016600
29.569820 1026.782400 405.573000 0.034920 139.017586 0.016840
29.621580 1040.726400 543.889500 0.048830 88.124541 0.032960
29.703370 1066.665600 628.110000 0.033200 105.921472 0.015630
29.752200 1126.608000 540.781500 0.016600 48.120067 0.049320
29.818120 1131.194400 492.880500 0.017090 22.920741 0.015620
29.850830 1119.648600 512.680875 0.098390 261.274400 0.066410
30.015630 864.494400 568.900500 0.032710 97.122005 0.016360
30.064700 909.972000 483.084000 0.033690 304.669797 0.147220
30.245610 613.309200 552.473250 0.033200 79.771340 0.016360
30.295170 557.686080 495.293400 0.082030 60.814440 0.016350
30.393550 613.368000 470.841000 0.016360 80.267422 0.049320
30.459230 587.143200 546.703500 0.098140 148.346074 0.082520
30.639890 732.222400 515.742500 0.065680 24.874543 0.032710
30.738280 720.524000 493.790500 0.065920 65.842602 0.032230
30.836430 734.378400 558.159000 0.017570 90.367041 0.048340
30.902340 667.605120 497.269500 0.081060 48.017959 0.015870
30.999270 711.561600 516.597000 0.116210 66.936951 0.032960
31.148440 657.182400 555.628500 0.016350 171.145503 0.148200
31.312990 822.136000 510.009500 0.065430 61.418181 0.032710
31.411130 794.270400 564.742500 0.017340 43.531016 0.015130
31.443600 820.023120 529.646250 0.329110 115.101046 0.048580
31.821290 928.964400 492.497250 0.049320 281.762215 0.083000
31.953610 649.803467 530.695667 0.164310 122.650525 0.032960
32.150880 771.808800 543.259500 0.016600 88.063723 0.015870
32.183350 732.740400 464.336250 0.032470 109.645695 0.016600
32.232420 767.099200 568.459500 0.050050 84.589515 0.032720
32.315190 818.966400 635.281500 0.032220 73.274120 0.032470
32.379880 783.056400 571.410000 0.066650 145.688648 0.049080
32.495610 889.072800 471.481500 0.015860 76.077633 0.049570
32.561040 911.551200 544.162500 0.016600 48.094309 0.016350
32.593990 927.684800 589.470000 0.049810 32.157322 0.015620
32.659420 914.872000 559.975500 0.115480 154.594574 0.098390
32.873290 1069.269600 552.174000 0.016360 143.847596 0.016110
32.905760 1031.923200 691.089000 0.016850 149.332512 0.016840
32.939450 1079.719200 549.612000 0.015630 43.267277 0.082030
33.037110 1036.772100 554.865937 0.148190 79.728540 0.049320
33.234620 1116.490200 556.156125 0.066650 52.197737 0.015380
33.316650 1158.186400 524.755000 0.049070 526.582742 0.264410
33.630130 635.292000 586.971000 0.081780 85.039807 0.099860
33.811770 712.538400 551.407500 0.017580 61.761204 0.030510
33.859860 752.522400 598.479000 0.016360 57.457813 0.015630
33.891850 708.985200 560.983500 0.049310 192.555928 0.099370
34.040530 886.090800 636.557250 0.047600 33.871369 0.018070
34.106200 877.749600 603.729000 0.031500 88.285042 0.049070
34.186770 904.461600 519.582000 0.017580 311.190691 0.130610
34.334960 864.595200 828.208500 0.048580 135.705999 0.066170
34.449710 817.269600 701.022000 0.032710 192.594353 0.164060
34.646480 952.980000 564.364500 0.016610 50.637588 0.016350
34.679440 925.926400 607.169500 0.049560 37.509906 0.016120
34.745120 901.588800 635.712000 0.016600 153.350961 0.098140
34.859860 1047.888800 589.746500 0.066900 87.117703 0.032220
34.958980 1044.691200 502.687500 0.017340 113.978758 0.048830
35.025150 1132.362000 575.522850 0.164300 53.877873 0.032960
35.222410 1079.388800 565.691000 0.098630 71.078360 0.016610
35.337650 1009.730400 551.554500 0.032710 53.107652 0.016110
35.386470 1029.058800 601.020000 0.066170 78.884285 0.032710
35.485350 1100.190000 635.124000 0.033200 81.263115 0.015870
35.534420 1136.284800 562.317000 0.033210 476.978445 0.236570
35.804200 677.728800 693.598500 0.011470 106.542265 0.047610
35.863280 578.093600 655.861500 0.098390 44.818297 0.016600
35.978270 597.357600 615.394500 0.016600 83.167763 0.033450
36.028320 587.596800 697.987500 0.016360 89.357746 0.049310
36.093990 674.973600 679.276500 0.016120 82.286985 0.016110
36.126220 632.664900 608.699437 0.147710 125.484856 0.033440
36.307370 756.203840 630.712600 0.280030 111.387227 0.032960
36.620360 814.884000 536.035500 0.015870 116.449550 0.081060
36.717290 829.012800 651.624750 0.033440 35.044966 0.017090
36.767820 812.901600 620.502750 0.032470 67.379718 0.032720
36.833010 751.850400 591.993500 0.049560 286.641697 0.131590
37.014160 1029.369600 520.254000 0.032470 96.497496 0.018310
37.064940 987.581280 607.233900 0.080320 126.539767 0.082280
37.227540 1112.374200 586.280625 0.065430 51.229162 0.033690
37.326660 1094.738400 634.378500 0.015630 107.803743 0.033200
37.375490 1067.304000 530.124000 0.015870 116.449984 0.049800
37.441160 1014.918947 634.125947 0.312010 299.262411 0.114990
37.868160 718.653600 676.373250 0.033210 31.966662 0.015620
37.916990 731.530800 647.115000 0.065680 43.711301 0.017330
38.000000 768.314400 670.729500 0.015630 121.272342 0.049560
38.065190 699.778800 570.680250 0.032470 58.180431 0.016840
38.114500 752.371200 595.560000 0.016360 131.425160 0.049560
38.180420 849.777600 683.790188 0.164060 268.613896 0.131110
38.475590 1118.224800 693.252000 0.016600 106.967142 0.035400
38.527590 1163.853600 596.505000 0.013670 32.389188 0.016600
38.557860 1137.236800 614.960500 0.065680 491.969087 0.278070
38.901610 648.513600 671.380500 0.016110 59.472152 0.032720
38.950440 648.379200 730.852500 0.016360 71.532153 0.116940
39.083740 582.943200 701.956500 0.065920 107.087805 0.279050
39.428710 677.518800 651.724500 0.032470 60.328358 0.017090
39.478270 706.272000 704.760000 0.016110 127.170715 0.032480
39.526860 719.174400 831.274500 0.032950 167.051330 0.032960
39.592770 669.601800 671.748000 0.065920 47.406754 0.016360
39.675050 670.112800 719.152000 0.082030 60.325174 0.016850
39.773930 667.452800 658.885500 0.082520 135.570712 0.097410
39.953860 796.790400 699.520500 0.017580 84.380360 0.031980
40.003420 791.431200 615.310500 0.017090 92.365304 0.048830
40.069340 801.365600 707.140000 0.049310 71.945466 0.017090
40.135740 843.774400 765.257500 0.048830 124.712277 0.032960
40.217530 825.115200 641.949000 0.016110 135.405301 0.033210
40.266850 831.364800 777.210000 0.015620 224.449018 0.082280
40.364750 652.167600 912.360750 0.032470 146.853828 0.016840
40.414060 528.897600 832.545000 0.032720 138.179696 0.098870
40.545650 578.894400 961.362500 0.065920 61.680787 0.016360
40.627930 628.000800 998.686500 0.015870 86.932804 0.016600
40.660400 548.637600 963.207000 0.032960 62.068647 0.016600
40.709960 610.293600 956.061750 0.032960 91.733132 0.065670
40.808590 641.844000 1042.198500 0.032960 173.856910 0.068610
40.910160 497.196000 945.745500 0.047360 72.197230 0.015870
40.973390 554.584800 989.551500 0.017090 453.080750 0.211670
41.202150 933.132480 740.586000 0.098630 74.839429 0.016850
41.317630 908.040000 670.078500 0.015620 98.626481 0.033690
41.366940 978.056800 739.539500 0.049560 77.880297 0.015380
41.431880 1052.835000 717.778031 0.263920 107.314367 0.049070
41.744870 1101.448320 622.106100 0.098880 490.217494 0.279540
42.123290 619.264800 710.493000 0.032720 56.411012 0.016110
42.172120 575.708000 674.646000 0.066890 305.482185 0.063480
42.302490 806.131200 875.206500 0.015870 207.885589 0.065920
42.384280 763.257600 671.790000 0.015380 93.914471 0.033450
42.433110 672.890400 646.222500 0.016350 99.124307 0.065680
42.515140 764.030400 607.246500 0.016600 267.527206 0.081790
42.613530 970.048800 777.913500 0.016600 164.473051 0.100580
42.730710 903.084000 627.690000 0.016600 113.686902 0.032230
42.779540 978.012000 713.191500 0.016110 185.788463 0.099130
42.894780 935.692800 894.096000 0.032710 130.859092 0.032470
42.959960 966.982800 767.032875 0.065920 44.771042 0.032960
43.058840 949.166400 808.106250 0.049310 124.711986 0.065920
43.174070 1022.851200 707.490000 0.032720 69.565054 0.032960
43.239750 987.840000 767.602500 0.015620 93.906442 0.033450
43.288820 1063.260800 711.655000 0.048830 227.485175 0.033690
43.371340 1014.148800 933.775500 0.032960 241.387456 0.048340
43.452640 1072.898400 699.646500 0.050290 171.671301 0.031980
43.534910 1118.510400 865.147500 0.016600 82.543515 0.016610
43.568120 1135.696800 784.413000 0.016110 67.643985 0.017330
43.601560 1077.048000 818.118000 0.016360 80.935794 0.180420
43.798340 1060.634400 738.864000 0.065190 169.485350 0.115720
43.979250 926.704800 842.730000 0.015620 309.021371 0.277840
44.272710 619.785600 806.746500 0.016840 162.142831 0.032720
44.322270 771.506400 749.553000 0.018550 199.831205 0.032960
44.373780 574.156800 780.948000 0.048830 228.969211 0.182860
44.605470 797.244000 832.513500 0.015620 181.288115 0.081300
44.702390 637.996800 745.878000 0.018070 140.162197 0.048830
44.769290 732.732000 849.177000 0.015380 337.963370 0.080560
44.865230 1070.529600 838.593000 0.015870 159.840716 0.082280
44.963380 925.898400 770.542500 0.020020 125.556227 0.146240
45.129640 1032.511200 704.224500 0.015870 107.943780 0.016840
45.162350 986.798400 802.011000 0.032720 113.772337 0.032470
45.227540 1009.218000 690.469500 0.050540 143.531980 0.049800
45.327880 944.206667 818.434167 0.146240 87.099063 0.015630
45.489750 939.876000 905.425500 0.016840 161.354271 0.033200
45.539790 944.412000 744.135000 0.016360 101.963892 0.017340
45.573490 949.855200 845.953500 0.015620 170.979810 0.065680
45.654790 780.040800 865.882500 0.016600 107.259176 0.016600
45.687990 753.480000 761.964000 0.016110 76.615370 0.034670
45.738770 773.623200 835.884000 0.014160 37.272218 0.017330
45.770260 802.895520 812.811300 0.082770 196.570242 0.031250
45.884280 962.858400 927.055500 0.033690 65.367410 0.016360
45.934330 903.067200 900.637500 0.016350 153.058100 0.049320
46.000000 950.510400 755.118000 0.016600 92.326265 0.032720
46.049320 914.165280 839.989500 0.080810 58.672219 0.033690
46.163820 887.409600 787.773000 0.018550 160.798185 0.146490
46.328860 1023.472800 873.463500 0.016350 75.122718 0.032960
46.378170 995.551200 803.722500 0.017830 127.829251 0.031250
46.427250 1084.036800 711.469500 0.016110 72.518364 0.033450
46.476810 1017.542400 740.407500 0.015870 70.755966 0.032710
46.525390 1085.291200 760.816000 0.050050 224.513009 0.048340
46.623780 1058.668800 983.745000 0.016850 535.948915 0.178950
46.819580 583.178400 736.459500 0.016360 145.485912 0.032960
46.868900 706.171200 814.170000 0.035400 99.201778 0.054440
46.958740 610.108800 838.929000 0.011960 24.658509 0.016850
46.987550 598.987200 816.921000 0.016110 189.833790 0.081060
47.084720 768.406800 731.283000 0.097900 50.930256 0.082270
47.264890 732.900000 767.795438 0.131110 41.387953 0.017090
47.413090 767.047680 791.181300 0.114990 89.257658 0.098380
47.626460 841.646400 742.171500 0.016610 95.182185 0.016600
47.659670 926.415840 785.458800 0.081790 67.970919 0.016110
47.757570 913.264800 718.772250 0.034420 61.484581 0.016600
47.808590 895.721400 777.700875 0.063480 75.123984 0.034180
47.906250 853.322400 839.716500 0.016600 57.925105 0.015380
47.938230 898.170000 803.055750 0.033450 34.619997 0.016600
47.988280 880.807200 773.104500 0.015870 100.899032 0.049320
48.053470 873.616800 873.747000 0.017570 171.326302 0.032230
48.103270 847.425600 704.434500 0.016600 158.152821 0.082280
48.202150 912.408000 848.620500 0.031980 107.692080 0.017090
48.251220 907.334400 956.193000 0.015870 178.334193 0.032710
48.299800 854.952000 785.725500 0.032720 69.097871 0.115720
48.448240 916.776000 816.585000 0.034430 55.463105 0.065670
48.548340 972.014400 811.597500 0.016110 98.406617 0.047370
48.611820 924.420000 897.729000 0.015620 81.819948 0.017580
48.645020 878.354400 830.109000 0.016110 152.242676 0.080810
48.741940 1030.276800 820.239000 0.032230 81.309304 0.131590
48.905760 951.619200 840.834750 0.082520 257.392040 0.245850
49.234130 1037.685600 598.258500 0.033200 221.356332 0.049080
49.316410 1137.242400 795.963000 0.016350 76.337915 0.032960
49.365720 1061.390400 804.562500 0.016600 46.418950 0.016610
49.398930 1107.489600 799.123500 0.016350 83.355982 0.049080
49.464360 1096.872000 716.446500 0.019280 143.266049 0.130620
49.614260 1054.648000 853.349000 0.048340 455.625117 0.130120
49.792720 599.642400 829.597125 0.065920 65.370712 0.167970
50.026610 599.852400 894.967500 0.031010 210.659835 0.082270
50.139890 808.332000 925.197000 0.016360 78.797232 0.016850
50.173100 738.906000 887.927250 0.082030 176.157569 0.016840
50.271970 664.221600 728.385000 0.016120 412.636954 0.327140
50.615230 955.668000 1020.495000 0.031990 237.218742 0.049560
50.696780 1003.917600 788.235000 0.100580 83.740149 0.114510
50.911870 1009.881600 871.762500 0.031250 13.914423 0.167230
51.110350 1023.111600 867.452250 0.030520 439.809729 0.394290
51.535160 584.018400 842.357250 0.033690 127.693651 0.147700
51.716550 711.690000 839.984250 0.033210 72.966512 0.031730
51.781490 647.379600 805.512750 0.034670 193.526187 0.097660
51.913820 832.490400 749.064750 0.033200 83.608016 0.033200
51.980220 846.161400 831.547500 0.130860 79.313716 0.032720
52.143800 780.561600 786.968000 0.082520 103.995548 0.016600
52.242920 808.894800 887.029500 0.032710 112.651341 0.081790
52.357420 920.791200 874.009500 0.016600 85.220210 0.032230
52.406250 939.741600 790.923000 0.017580 155.782038 0.049310
52.473140 897.405600 940.842000 0.015140 209.745856 0.066160
52.554440 863.049600 733.929000 0.016360 53.241847 0.016360
52.587160 868.131600 786.927750 0.032220 48.152080 0.017830
52.637210 873.177200 834.814750 0.097900 96.336118 0.049310
52.784420 782.350800 866.927250 0.032230 100.289674 0.049320
52.865970 699.619200 810.239500 0.050290 53.593734 0.016110
52.932370 663.717600 770.448000 0.032720 54.531202 0.017330
52.982420 703.928400 807.282000 0.049320 66.881561 0.032220
53.063960 655.408320 853.314000 0.081300 315.059649 0.115730
53.260990 961.252320 777.669900 0.098630 183.619547 0.131350
53.490970 812.649600 885.528000 0.015870 60.929155 0.050040
53.556880 770.817600 841.228500 0.016360 97.163076 0.051760
53.625000 862.696800 809.623500 0.030760 58.016109 0.016850
53.672610 806.685600 824.743500 0.016840 135.280028 0.034180
53.723630 816.480000 689.818500 0.014160 130.329984 0.049080
53.786870 901.200000 788.856000 0.115960 160.511298 0.163090
54.065920 1051.467900 732.434063 0.131590 449.053245 0.295650
54.493160 608.344800 805.171500 0.016360 172.529945 0.098880
54.608400 780.326400 791.427000 0.016110 77.574386 0.016120
54.640630 814.564800 861.036750 0.032470 79.893601 0.032710
54.705810 766.103520 797.519100 0.082280 48.164382 0.016840
54.804930 800.604000 831.127500 0.016600 108.247124 0.032720
54.854250 699.031200 793.705500 0.015870 42.612643 0.015870
54.885990 741.619200 792.256500 0.018060 132.201907 0.098150
55.002200 680.786400 909.630750 0.033200 214.598357 0.197020
55.232420 877.296000 823.396000 0.066160 53.360285 0.016120
55.314700 881.428800 770.196000 0.016600 116.416061 0.032230
55.363530 886.670400 886.494000 0.065910 205.623137 0.098390
55.527830 736.075200 746.487000 0.049320 103.929939 0.016840
55.593990 808.768800 820.764000 0.032720 19.321746 0.016360
55.643070 790.960800 813.267000 0.032710 63.589224 0.016110
55.691890 819.193200 870.245250 0.032480 125.550697 0.017570
55.741940 728.656320 783.262200 0.115730 393.140436 0.097650
55.955320 1116.780000 720.657000 0.015630 105.651440 0.016840
55.987790 1053.009300 804.891937 0.132330 44.049443 0.015620
56.135740 1093.649760 821.883300 0.082280 87.656815 0.016360
56.234380 1024.564800 767.929750 0.097900 45.686771 0.083250
56.415530 978.952800 765.317000 0.048830 72.981286 0.016600
56.480960 906.007200 763.035000 0.049800 56.857882 0.016600
56.547360 935.440800 811.681500 0.016120 67.737937 0.033200
56.596680 931.627200 744.051000 0.016850 82.408673 0.015860
56.629390 926.805600 826.318500 0.016360 95.504956 0.098630
56.744380 946.360800 732.837000 0.015870 124.203919 0.049560
56.809810 964.790400 855.666000 0.049080 53.369545 0.016840
56.875730 961.648800 802.389000 0.017090 113.925680 0.047850
56.940670 1068.580800 763.087500 0.015870 92.710243 0.066650
57.023190 1028.680800 846.772500 0.032470 118.101758 0.069100
57.124760 1146.717600 842.856000 0.030030 44.268118 0.016600
57.171390 1108.480800 865.163250 0.032960 525.861952 0.113770
57.318120 586.320000 802.882500 0.016600 119.962810 0.050290
57.385010 674.772000 883.921500 0.016600 188.915423 0.065680
57.467290 518.246400 778.144500 0.016840 357.659888 0.049070
57.533200 848.131200 916.335000 0.016120 229.498457 0.032470
57.581790 700.744800 740.418000 0.015870 90.401537 0.067130
57.664790 769.759200 798.808500 0.016120 118.902315 0.064700
57.745610 654.706080 828.817500 0.083000 202.677303 0.179200
58.007810 848.685600 770.080500 0.017340 74.641372 0.032960
58.058110 860.764800 843.738000 0.016110 141.122200 0.049320
58.123540 765.928800 739.231500 0.017090 176.717974 0.070800
58.211430 850.651200 894.316500 0.014160 67.189242 0.029290
58.254880 805.946400 844.158000 0.016850 131.184857 0.032230
58.303960 927.078600 793.794750 0.083000 116.693509 0.015630
58.402590 922.605600 910.402500 0.032960 179.673085 0.050290
58.485840 899.287200 732.249000 0.015870 147.903445 0.098140
58.599850 880.504800 878.955000 0.032960 118.035798 0.066650
58.699460 783.748000 811.349000 0.081790 39.778568 0.016600
58.797850 761.017600 843.993500 0.147950 18.519939 0.032230
58.978030 764.402400 862.201500 0.148680 36.162500 0.016110
59.142820 730.384200 874.468875 0.082030 52.414958 0.016610
59.241460 757.092000 919.569000 0.016110 197.087048 0.051270
59.308840 585.043200 823.431000 0.014650 46.454390 0.016110
59.339600 621.822600 851.808563 0.278810 487.548631 0.181880
59.800290 1098.854400 751.089500 0.064700 132.585874 0.066890
59.931880 966.590400 741.856500 0.115480 82.581187 0.096680
60.144040 889.085723 770.364000 0.215090 20.959404 0.016360
60.375490 868.192080 768.705000 0.196040 105.061792 0.051760
60.623290 973.197867 772.135000 0.178470 119.128467 0.065430
60.867190 1074.267600 709.075500 0.031740 60.425824 0.016840
60.915770 1122.461200 745.526250 0.099860 108.760353 0.065420
61.081050 1013.896800 752.052000 0.015630 59.065609 0.016360
61.113040 1063.624800 783.924750 0.033690 76.441438 0.032470
61.179200 1040.827200 710.962000 0.048580 135.669413 0.033690
61.261470 925.927200 783.102000 0.131110 77.447646 0.033200
61.425780 936.482400 706.377000 0.015870 75.994956 0.032960
61.474610 962.850000 777.651000 0.032960 121.477345 0.050050
61.557620 942.513600 657.888000 0.032470 211.592849 0.032710
61.622800 947.083200 869.431500 0.015870 79.152142 0.017340
61.656010 930.451200 792.046500 0.016110 72.334040 0.032710
61.704830 1000.248000 773.056500 0.115480 98.832034 0.032230
61.852540 1048.370400 686.731500 0.016360 63.480184 0.016840
61.885740 1035.644400 748.923000 0.032720 58.197286 0.016350
61.934810 1093.604400 743.673000 0.048830 78.537622 0.017090
62.000730 1135.302000 677.118750 0.032960 69.933607 0.016850
62.050540 1101.996000 738.612000 0.032470 588.465886 0.147950
62.230960 513.738400 754.267500 0.048830 43.905366 0.016600
62.296390 474.230400 735.115500 0.032710 191.038838 0.114500
62.443600 658.140000 786.817500 0.032960 69.086441 0.032960
62.509520 674.436000 719.680500 0.016360 79.773173 0.065430
62.591310 594.669600 720.720000 0.017330 106.945713 0.048830
62.657470 627.222400 822.591000 0.065670 67.107638 0.032480
62.755620 593.023200 764.851500 0.083490 16.273415 0.049320
62.888430 604.648800 776.238750 0.049070 493.124236 0.146480
63.083980 1094.984800 723.873500 0.115480 161.615257 0.033210
63.232670 956.995200 808.006500 0.032960 100.222232 0.049310
63.314940 999.163200 717.087000 0.048830 95.965693 0.066410
63.430180 915.871200 764.751000 0.114990 98.672059 0.049310
63.594480 1002.724800 811.576500 0.048830 108.004510 0.048830
63.692140 1002.153600 703.573500 0.017330 72.829735 0.065430
63.774900 1074.141600 714.614250 0.098150 84.918493 0.033440
63.906490 1055.236000 797.401500 0.065680 100.883904 0.065670
64.037840 1137.668000 739.242000 0.065430 569.124905 0.132330
64.235600 568.848000 757.869000 0.015620 62.666120 0.016850
64.268070 582.422400 819.047250 0.032470 45.636420 0.016600
64.317140 605.295600 779.556750 0.098390 34.242418 0.016350
64.431880 598.219200 746.053500 0.115240 63.807479 0.016600
64.563720 661.070400 735.048000 0.114500 45.388650 0.016600
64.694820 615.776000 737.971500 0.049320 175.564255 0.065920
64.810060 781.368000 679.644000 0.032960 113.942929 0.049560
64.892580 811.591200 789.505500 0.016840 49.601334 0.097420
65.006840 772.363200 819.861000 0.016600 63.397119 0.016350
65.039790 741.179600 764.663375 0.212900 99.944988 0.050530
65.303220 840.064800 779.179500 0.131110 78.846003 0.017090
65.451420 790.480800 717.876000 0.114250 160.996040 0.065430
65.631100 913.528000 821.698500 0.066170 21.850051 0.032470
65.729740 910.022400 800.131500 0.033690 116.319718 0.049310
65.812740 989.822400 715.501500 0.015630 48.475968 0.016360
65.844730 942.396000 725.534250 0.033200 60.565682 0.016600
65.894530 1002.187200 715.879500 0.015870 19.298007 0.082280
65.992680 987.361200 728.232750 0.033690 46.199947 0.064690
66.091060 946.884750 750.505875 0.328370 110.320817 0.033450
66.452880 1040.138400 691.561500 0.016360 94.553851 0.065670
66.534910 990.998400 772.343250 0.049810 49.150587 0.032960
66.617680 1014.686400 729.277500 0.016600 95.030167 0.048340
66.682620 919.661400 730.268438 0.148920 40.143272 0.031740
66.863280 916.045200 770.248500 0.098390 140.277074 0.049560
67.011230 1038.861600 702.471000 0.016850 67.444469 0.016350
67.044430 998.121600 756.220500 0.015870 127.630353 0.016360
67.076660 1102.684800 683.035500 0.033200 101.350980 0.049320
67.159180 1062.516000 776.086500 0.016110 27.654053 0.034180
67.209470 1057.837200 748.831125 0.098640 61.667886 0.016110
67.324220 1089.572400 695.955750 0.031980 105.604562 0.017340
67.373540 1079.047200 801.034500 0.017330 113.864516 0.031740
67.422610 1155.372960 716.538900 0.081780 37.181252 0.016610
67.521000 1171.111200 750.225000 0.032470 63.845301 0.016600
67.570070 1222.888800 712.871250 0.032960 55.957738 0.018060
67.621090 1171.561440 735.159600 0.097420 561.464986 0.131100
67.849610 614.363077 804.245885 0.229980 126.592206 0.032710
68.112300 734.459040 844.277700 0.081550 72.962988 0.017330
68.211180 726.280800 771.774500 0.065190 124.257395 0.033200
68.309570 848.930880 791.695800 0.082280 92.819973 0.097410
68.489260 756.630000 781.893000 0.049560 35.931958 0.016840
68.555660 739.017067 750.573833 0.147710 179.358289 0.049800
68.753170 917.960400 762.767250 0.032470 33.571141 0.015630
68.801270 936.279120 790.899900 0.180660 185.793921 0.066410
69.048340 750.556800 796.057500 0.049560 98.241897 0.115720
69.213620 652.563450 789.073688 0.328370 76.321234 0.032960
69.574950 707.884800 841.652000 0.099120 64.667337 0.019780
69.693850 772.548000 842.383500 0.013910 167.975252 0.031010
69.738770 628.790400 755.496000 0.016110 148.984921 0.065430
69.820310 775.450200 781.714500 0.101080 63.057193 0.031490
69.952880 785.148000 719.407500 0.016110 56.743950 0.016850
69.985840 784.677600 776.149500 0.016110 152.496647 0.081790
70.083740 934.015600 807.026500 0.131590 73.518843 0.016360
70.231690 887.174400 750.361500 0.032710 62.293596 0.016610
70.281010 927.124800 798.157500 0.049800 146.060775 0.049560
70.380370 938.935200 943.740000 0.015630 190.758398 0.147700
70.543700 1019.552800 770.854000 0.099120 116.891950 0.149900
70.792720 1100.517600 686.542500 0.014410 102.667365 0.065430
70.872560 1007.428800 729.844500 0.016600 26.355265 0.018550
70.907710 1032.943800 723.242625 0.062990 123.729808 0.115970
71.086670 918.801600 770.998500 0.114260 50.951897 0.016840
71.217770 906.225600 721.623000 0.019290 164.049187 0.028810
71.265870 928.832800 884.107000 0.066410 123.450700 0.032710
71.364990 977.239200 770.542500 0.032720 64.610923 0.032470
71.430180 999.390000 709.847250 0.033440 40.629132 0.016120
71.479740 973.240800 740.943000 0.015620 55.975689 0.015870
71.511230 1003.968000 787.731000 0.018560 39.664207 0.016350
71.546140 994.302400 749.262500 0.049070 55.021756 0.016610
71.611820 1048.170000 760.473000 0.230710 54.660109 0.015870
71.858400 1028.311200 811.398000 0.016600 84.701485 0.033200
71.908200 1110.774933 792.057000 0.146980 479.600761 0.114010
72.169190 632.620800 829.279500 0.016110 38.986540 0.016850
72.202150 606.970560 799.919400 0.082270 94.041684 0.033450
72.317870 517.238400 828.061500 0.015870 124.810893 0.032960
72.366700 639.055200 855.235500 0.016840 70.468754 0.032480
72.416020 571.519200 835.117500 0.016600 169.791621 0.065920
72.498540 733.112800 782.995500 0.213860 123.906586 0.032720
72.745120 695.738400 901.131000 0.015130 76.530836 0.017090
72.777340 685.431600 825.297375 0.082040 58.928671 0.016350
72.875730 656.471200 773.976000 0.049320 76.629828 0.049800
72.974850 725.474400 807.303000 0.033210 162.678961 0.080810
73.088870 886.197600 782.153500 0.378900 110.834655 0.016120
73.483890 994.156800 757.071000 0.016840 136.754338 0.049070
73.549800 890.320200 846.063750 0.066410 80.446486 0.016110
73.632320 874.792800 767.130000 0.016610 35.619245 0.032220
73.681150 910.376880 765.547650 0.180670 62.487807 0.033440
73.895260 848.000160 761.823300 0.164070 142.591519 0.082270
74.141600 967.209600 840.063000 0.015870 73.070042 0.016850
74.174320 958.539916 767.509105 0.328610 31.884797 0.016110
74.519040 975.461760 740.485200 0.083740 105.617148 0.031250
74.634030 882.827077 791.217808 0.229740 118.658369 0.049320
74.913090 989.259600 738.759000 0.033440 63.411997 0.016850
74.963380 979.893600 801.475500 0.015870 23.364230 0.015620
74.994870 973.995273 778.868045 0.181160 35.463469 0.032710
75.208740 987.060480 745.899000 0.099850 74.454821 0.032720
75.341310 990.469200 820.275750 0.048340 60.658151 0.049800
75.439450 1050.341600 810.544000 0.065920 287.718771 0.082030
75.587400 762.840655 821.737636 0.181150 261.268647 0.064700
75.833250 1018.220000 766.577000 0.048830 50.213640 0.017580
75.899660 1067.253600 777.399000 0.016110 16.892791 0.016850
75.932620 1052.704800 785.983800 0.097650 153.142916 0.084720
76.114990 901.084800 807.527438 0.147460 97.323164 0.014650
76.277100 968.902200 737.723438 0.163820 156.165613 0.098870
76.539790 1121.131200 702.880500 0.016610 36.503361 0.016110
76.572510 1095.662400 729.030750 0.049070 47.199725 0.016600
76.638180 1096.502400 681.838500 0.016850 92.999690 0.032470
76.687500 1068.933600 770.658000 0.016360 70.317613 0.032470
76.736330 1099.259467 707.215833 0.165040 164.704025 0.049800
76.951170 956.810400 789.894000 0.015630 50.688131 0.016840
76.983640 915.448800 760.593750 0.098640 47.659424 0.049310
77.131590 956.207467 785.295000 0.147950 201.871222 0.065670
77.345210 757.125600 751.852500 0.016360 40.203028 0.016600
77.378170 732.261600 783.444667 0.164310 138.145241 0.065430
77.607910 760.855200 648.291000 0.016110 146.944144 0.017090
77.641110 801.158400 789.600000 0.016120 80.895533 0.015870
77.673100 779.234400 711.732000 0.016840 384.356159 0.098630
77.788570 1163.589000 712.826625 0.065430 80.908065 0.032720
77.886720 1110.748800 651.556500 0.016360 72.494565 0.016840
77.919920 1132.236000 720.793500 0.016120 156.343315 0.474600
78.410640 1039.348800 846.552000 0.017580 79.404546 0.065190
78.493410 965.151600 874.833750 0.049070 119.427721 0.081790
78.624270 924.193200 762.649125 0.065920 199.795387 0.067130
78.757320 867.972000 570.927000 0.032720 265.102609 0.658200
79.448240 1016.097600 790.786500 0.016360 200.571884 0.130130
79.594730 931.459200 608.947500 0.015620 165.589284 0.033200
79.643550 908.493600 772.936500 0.015390 56.902397 0.016840
79.675780 917.464800 716.745750 0.032470 207.545169 0.083010
79.791260 1094.755200 824.649000 0.016360 82.447305 0.016350
79.823970 1113.567000 744.376500 0.067390 73.525252 0.016600
79.907960 1102.735200 817.099500 0.016110 66.383235 0.016600
79.940670 1061.222400 765.297750 0.033210 410.568876 0.260980
80.234860 653.032800 809.434500 0.018560 133.357601 0.065180
80.318600 542.346000 735.052500 0.032470 63.842686 0.016360
80.367430 596.512000 768.845000 0.049070 87.169299 0.049320
80.465820 680.080800 744.051000 0.017090 123.794366 0.032960
80.515870 763.282800 835.716000 0.033200 58.846557 0.016850
80.565920 719.678400 796.199250 0.033450 97.407785 0.033440
80.632810 731.992800 892.825500 0.015380 66.742457 0.032230
80.680420 787.567200 855.865500 0.016360 305.237196 0.114260
80.811040 1076.219200 756.619500 0.049310 39.087769 0.017580
80.877930 1112.916000 770.080500 0.031490 71.166579 0.033450
80.942870 1070.311200 827.085000 0.016850 130.996524 0.032470
80.992190 1127.330400 709.149000 0.016600 41.658881 0.016840
81.025630 1123.533600 750.634500 0.015630 72.206163 0.017090
81.058350 1189.372800 720.987750 0.032230 74.807689 0.032470
81.123050 1120.190400 692.527500 0.016350 509.074779 0.180670
81.320070 619.444000 784.234500 0.065920 141.294968 0.032710
81.418700 489.350400 729.099000 0.033200 60.505573 0.016120
81.468020 548.083200 743.638000 0.049560 52.421390 0.017090
81.534670 557.823000 795.146625 0.064450 114.680070 0.066410
81.665530 672.436800 791.248500 0.016600 137.620147 0.065180
81.747310 581.397600 688.044000 0.016610 83.904236 0.049310
81.813230 621.146400 761.935500 0.147710 47.589874 0.015870
81.976810 586.740000 729.057000 0.017330 43.610429 0.015870
82.010010 590.301600 772.521750 0.033450 93.132961 0.033200
82.076660 665.632800 827.284500 0.015870 112.652693 0.033200
82.125730 596.383200 738.430000 0.049320 116.649880 0.049560
82.224610 684.784800 814.537500 0.016110 92.741375 0.016600
82.257320 625.548000 743.179500 0.016120 80.627332 0.033440
82.306880 696.410400 781.641000 0.016360 475.080994 0.081790
82.405030 1163.618400 695.509500 0.032470 84.963476 0.017090
82.454590 1126.734000 772.049250 0.034670 54.247988 0.013910
82.503170 1161.773200 730.635500 0.115730 73.171168 0.032710
82.651610 1115.889600 673.638000 0.016850 57.445109 0.015380
82.683840 1126.675200 730.061500 0.049560 27.482627 0.017090
82.750490 1108.204533 750.411667 0.163820 79.063108 0.032960
82.947270 1179.889200 717.060750 0.032710 596.240535 0.131350
83.111330 590.574600 807.675750 0.065430 65.763974 0.016600
83.193360 619.206000 748.471500 0.033200 46.268803 0.016600
83.243160 623.532000 794.537625 0.131350 75.711809 0.016120
83.390630 657.384000 726.815250 0.033200 61.541078 0.016360
83.440190 672.648480 786.433200 0.098630 15.459690 0.016360
83.555180 681.760800 773.944500 0.015860 56.437031 0.019050
83.590090 670.714800 829.290000 0.047360 43.140319 0.016360
83.653810 662.989091 786.847091 0.196040 105.868728 0.033940
83.883790 767.272800 805.098000 0.016600 70.577058 0.033200
83.933590 753.664800 735.845250 0.032470 92.654396 0.032720
83.998780 769.311200 827.169000 0.065180 91.254764 0.049080
84.113040 684.266800 794.080000 0.098870 53.863884 0.017090
84.229000 630.739200 800.089500 0.017580 51.596373 0.014890
84.261470 681.433200 809.697000 0.032720 147.056762 0.047360
84.341550 552.375600 739.200000 0.034910 47.090253 0.016610
84.393070 585.933600 772.235625 0.066890 29.065486 0.014650
84.474610 612.998400 782.832750 0.131350 82.174687 0.034670
84.640630 663.028800 848.022000 0.015620 144.896762 0.036380
84.692630 564.827200 741.478500 0.045900 81.898753 0.081290
84.819820 638.796480 706.322400 0.083990 66.530194 0.015380
84.919190 678.955200 759.365250 0.032470 51.950986 0.016600
84.968260 715.335600 796.451250 0.032470 96.656250 0.015870
85.016600 664.809600 714.052500 0.016360 85.510870 0.049320
85.082280 713.932800 784.045500 0.015620 61.804652 0.033450
85.131350 663.751200 747.967500 0.017090 59.448652 0.032960
85.181400 686.112000 803.050500 0.016600 87.510593 0.016360
85.214360 623.498400 741.914250 0.048580 95.314774 0.033450
85.296390 718.452000 733.624500 0.016110 126.147956 0.049560
85.362060 802.300800 827.872500 0.033200 85.308786 0.050300
85.445560 736.388800 773.713500 0.065670 18.547139 0.016360
85.527590 751.531200 784.423500 0.016360 74.515403 0.016600
85.560550 703.760400 727.235250 0.031740 69.913646 0.016600
85.608890 731.527200 791.398500 0.130860 69.415986 0.017090
85.756840 699.098400 730.023000 0.015870 96.032151 0.032950
85.805660 789.650400 761.999700 0.084480 145.446429 0.129390
86.019530 644.231700 764.839687 0.131350 61.781315 0.032710
86.183590 627.207000 824.229000 0.099120 92.927166 0.015870
86.298580 609.806400 732.945500 0.049810 57.287681 0.015620
86.364010 650.942133 772.816917 0.311770 40.991546 0.016360
86.692140 667.714320 735.413700 0.164790 86.782479 0.016120
86.873050 715.453200 807.885750 0.050050 54.626236 0.016350
86.939450 702.777600 754.750500 0.016600 50.766357 0.016360
86.972410 751.598400 768.670000 0.049070 121.324817 0.032480
87.053960 807.878400 876.151500 0.016840 76.407394 0.016600
87.087400 773.841600 807.744000 0.016360 146.222602 0.081790
87.185550 885.040800 902.695500 0.018550 25.627515 0.079840
87.283940 881.790000 877.275000 0.048820 76.925955 0.016360
87.349120 830.592000 819.861000 0.016360 119.497769 0.049310
87.414790 757.696800 725.172000 0.017090 88.634285 0.049080
87.480960 846.157200 719.622750 0.032220 97.369247 0.016610
87.529790 864.329200 815.281250 0.098380 65.801592 0.099860
87.728030 921.648000 782.964000 0.016110 36.253666 0.033200
87.777340 943.992000 811.513500 0.015870 72.221016 0.032720
87.825930 941.186400 739.347000 0.016600 50.321622 0.016110
87.858640 959.464800 786.231600 0.164310 73.615875 0.016840
88.039790 1025.817333 754.346833 0.147470 69.441442 0.082520
88.269780 1005.933600 687.813000 0.016840 149.083355 0.082030
88.368650 968.864400 832.214250 0.031740 53.381215 0.033200
88.433590 973.526400 779.037000 0.114510 64.728430 0.049560
88.597660 1036.014000 795.921000 0.082030 104.390119 0.033200
88.712890 1025.992800 692.013000 0.032470 170.064157 0.016600
88.761960 1019.289600 861.945000 0.033690 199.769098 0.049080
88.844730 1033.267200 662.665500 0.016350 85.651086 0.033210
88.894290 1022.011200 747.573750 0.031980 57.799009 0.032470
88.958740 1040.928000 802.189500 0.017580 23.682481 0.016110
88.992430 1043.980000 778.704500 0.065190 68.311631 0.017580
89.075200 1062.238800 844.530750 0.032220 99.050022 0.049320
89.156740 1068.765600 745.696000 0.049070 29.151903 0.049560
89.255370 1074.284400 717.071250 0.031980 80.885546 0.033690
89.321040 1115.318400 786.775500 0.015630 23.454346 0.049320
89.385990 1105.448400 765.499000 0.099120 41.069089 0.015620
89.500730 1140.303360 743.778000 0.083010 520.284296 0.132080
89.715820 620.020800 742.434000 0.015380 50.369380 0.016360
89.747560 612.654000 792.261750 0.033200 80.008206 0.082280
89.863040 574.828800 721.759500 0.016600 63.759315 0.032710
89.912350 550.401600 780.654000 0.016850 81.705769 0.015380
89.944580 524.748000 703.080000 0.017330 166.159920 0.049320
90.011230 675.024000 773.976000 0.016110 178.401823 0.065920
90.093260 837.228000 848.253000 0.015870 79.016731 0.099120
90.208250 810.450900 773.911687 0.131350 119.126657 0.031980
90.371580 692.073200 760.574500 0.099120 77.247074 0.016850
90.487550 715.048320 834.325800 0.081790 61.200051 0.016600
90.585940 765.147600 799.176000 0.032710 97.839163 0.033210
90.651860 678.705067 753.348167 0.146970 136.176728 0.081540
90.880370 788.457600 672.735000 0.017580 119.831268 0.032230
90.930180 869.328000 761.163000 0.132320 40.092085 0.016110
91.078610 881.445600 722.946000 0.016850 177.058432 0.032710
91.128170 885.158400 899.965500 0.032960 210.646097 0.065920
91.227050 819.369600 699.856500 0.016850 166.675623 0.065430
91.309330 973.767200 762.643000 0.065180 44.549892 0.015870
91.390380 936.238800 786.649500 0.083010 31.238712 0.015380
91.488770 905.738400 793.401000 0.017090 17.434722 0.016110
91.521970 922.107900 799.401750 0.131590 89.914587 0.016360
91.669920 906.393600 710.871000 0.016600 37.319792 0.016610
91.703130 908.325600 748.140750 0.081540 65.865823 0.016840
91.801510 973.624400 756.764750 0.250490 69.405934 0.014410
92.066410 1042.862800 761.584250 0.097160 53.386890 0.018560
92.182130 1064.952000 712.981500 0.031980 87.170529 0.017340
92.231450 1055.308800 799.617000 0.015860 65.356130 0.014900
92.262210 1060.785600 734.490750 0.049070 54.917574 0.016850
92.328130 1041.566400 683.046000 0.015620 70.263961 0.017330
92.361080 1035.770400 753.070500 0.015140 25.786133 0.016360
92.392580 1054.536000 735.385000 0.053950 45.813550 0.013920
92.460450 1078.064400 774.695250 0.030760 53.661193 0.017330
92.508540 1027.168800 791.700000 0.016610 83.186433 0.081540
92.606690 1109.988600 783.898500 0.067630 56.709127 0.015620
92.689940 1112.269200 840.561750 0.065190 115.086449 0.017090
92.772220 1087.312800 728.213769 0.212640 12.166400 0.016360
93.001220 1081.143840 738.700200 0.098390 54.597969 0.344970
93.444580 1131.858000 758.924250 0.032960 64.997037 0.032230
93.509770 1104.814667 818.028167 0.148190 46.221450 0.034180
93.692140 1106.683200 771.844500 0.016840 25.376708 0.016120
93.725100 1132.017600 770.379750 0.034180 542.477532 0.177730
93.937010 589.583400 763.523250 0.066160 107.465497 0.032720
94.035890 639.324000 858.784500 0.016840 115.777876 0.049320
94.102050 550.825800 784.134750 0.082030 38.213566 0.032470
94.216550 572.829600 815.377500 0.049560 111.521100 0.066410
94.332520 664.372800 879.070500 0.030760 93.595924 0.049560
94.412840 633.544800 790.697250 0.033450 65.138049 0.031490
94.477780 599.323200 735.273000 0.017580 123.758420 0.032720
94.528080 648.270000 848.940750 0.032710 392.320877 0.146730
94.707520 1036.845600 794.860500 0.016360 170.077083 0.065430
94.789310 867.199200 782.764500 0.018550 280.385458 0.049560
94.857420 973.291200 1042.303500 0.015870 299.682526 0.033200
94.906490 1042.647200 750.757000 0.050050 137.815614 0.163580
95.120120 920.119200 813.844500 0.082030 50.696098 0.015620
95.217770 953.097600 775.341000 0.033690 82.998542 0.016360
95.267820 997.819200 705.421500 0.017580 63.423179 0.031980
95.317380 982.480800 766.962000 0.015630 21.582749 0.016840
95.349850 962.228400 774.422250 0.066170 96.821402 0.064450
95.480470 1052.184000 810.232500 0.015870 89.562335 0.017580
95.513920 1075.804800 723.841125 0.066400 10.615535 0.081550
95.661870 1086.405600 723.282000 0.017090 88.584651 0.048330
95.727290 1153.702200 780.887625 0.066660 39.448619 0.016110
95.810060 1130.253600 749.164500 0.016110 50.488308 0.016600
95.842770 1121.779680 798.936600 0.196540 89.770223 0.067380
96.106690 1056.283200 860.328000 0.016360 495.567110 0.213380
96.336430 567.033600 781.450950 0.162590 33.558285 0.033210
96.532230 556.108000 749.721000 0.051020 23.223131 0.018310
96.601560 533.148000 753.207000 0.014160 148.138613 0.049320
96.665040 681.273600 751.243500 0.016600 52.746438 0.015870
96.697510 682.166800 803.982375 0.214110 99.261911 0.032230
96.943850 607.068000 739.074000 0.017090 154.927280 0.032960
96.993900 709.539600 855.272250 0.031980 127.310170 0.049560
97.075440 809.379200 776.279000 0.049320 35.467673 0.017090
97.141850 818.378400 810.586000 0.048580 68.438773 0.081050
97.271480 754.504800 786.009000 0.068610 20.456587 0.016600
97.356690 762.820800 767.319000 0.015380 109.969505 0.031980
97.404050 773.690400 876.750000 0.015870 165.820381 0.083250
97.503170 864.864000 738.244500 0.016360 69.134482 0.031980
97.551510 799.411200 715.984500 0.016120 71.015376 0.033440
97.601070 842.590000 772.365125 0.198250 97.382359 0.048580
97.847900 850.164000 869.452500 0.016110 115.452120 0.034430
97.898440 817.292000 758.779000 0.048340 142.411609 0.032710
97.979490 916.428000 861.019500 0.131110 50.416548 0.016350
98.126950 922.278000 911.095500 0.050050 181.694559 0.065680
98.242680 870.122400 737.047500 0.015380 89.161373 0.016840
98.274900 922.353600 809.308500 0.015870 56.499535 0.016110
98.306880 881.320800 770.469000 0.169190 67.172791 0.125490
98.601560 925.764000 820.837500 0.017340 25.531300 0.033930
98.652830 900.410700 817.827938 0.180670 50.821597 0.032220
98.865720 925.918000 773.871000 0.099370 64.256906 0.048580
99.013670 926.444400 838.125750 0.032960 39.322014 0.017580
99.064210 933.858400 799.509000 0.376950 104.171577 0.032470
99.473630 981.120000 892.342500 0.016120 48.557565 0.017090
99.506840 968.385600 845.484500 0.049800 58.828318 0.031740
99.588380 955.004400 788.198250 0.048580 58.187704 0.016850
99.653810 1005.872700 816.451125 0.148680 81.870605 0.031250
99.833740 1014.938400 735.084000 0.049800 132.444119 0.066660
99.950200 1143.485280 766.976700 0.098380 32.646669 0.032230
100.080810 1127.179200 795.259500 0.016360 78.035016 0.050050
100.147220 1118.241600 717.738000 0.032960 231.594860 0.065180
100.245360 899.468640 793.728600 0.082280 82.282608 0.016350
100.343990 886.956000 875.054250 0.032960 36.139861 0.017090
100.394040 903.285600 842.814000 0.032720 74.842692 0.015380
100.442140 840.663600 883.800750 0.033200 76.400817 0.015870
100.491210 806.364000 815.532000 0.132080 67.250740 0.065920
100.689210 780.276000 877.516500 0.015870 141.399953 0.033200
100.738280 658.778400 805.182000 0.017090 37.282150 0.097900
100.853270 677.602800 837.362750 0.115970 16.908507 0.017820
100.987060 678.234900 820.466063 0.129150 141.142799 0.016850
101.133060 785.215200 912.534000 0.033200 103.408973 0.016600
101.182860 763.190400 811.497750 0.098390 86.235465 0.048340
101.329590 848.332800 825.184500 0.016600 93.450803 0.034430
101.380620 769.490400 775.015500 0.015130 73.952832 0.032470
101.428220 835.674000 808.011750 0.032960 45.379796 0.016110
101.477290 866.657867 841.167833 0.164310 35.473465 0.017340
101.658940 885.460800 871.248000 0.047850 42.704521 0.017090
101.723880 868.341600 832.125000 0.032220 46.856830 0.016850
101.772950 877.312800 878.115000 0.033200 57.756716 0.016360
101.822510 878.600291 820.372636 0.180420 61.702527 0.016850
102.019780 909.820800 873.593700 0.081780 62.337954 0.016600
102.118160 923.288800 812.728000 0.114990 115.152794 0.016850
102.250000 922.084800 927.874500 0.049560 64.690160 0.015380
102.314940 913.488800 863.758000 0.065920 133.359142 0.050290
102.431150 1045.735600 846.569500 0.114020 50.341461 0.016600
102.561770 1093.864800 831.810000 0.032470 132.776652 0.066160
102.660400 988.276800 912.313500 0.016600 77.177520 0.015630
102.692630 1028.888000 846.685000 0.049560 30.110674 0.016840
102.759030 1032.612000 816.805500 0.016120 82.400617 0.032470
102.807620 1108.572000 848.742000 0.115960 42.356392 0.033210
102.956790 1149.909600 857.976000 0.016110 558.949858 0.067630
103.040530 591.103200 870.639000 0.113770 81.160450 0.018550
103.172850 518.599200 834.167250 0.030520 115.524499 0.084720
103.288090 623.851200 786.544500 0.013420 157.961979 0.051270
103.352780 730.223200 903.322000 0.049320 95.776591 0.031010
103.433110 671.294400 827.820000 0.049800 66.175004 0.031980
103.514890 679.308000 893.508000 0.016360 68.189596 0.049320
103.580570 627.952800 848.647500 0.115470 135.401776 0.031740
103.727780 498.271200 809.707500 0.016360 678.506356 0.146970
103.891110 1173.811800 873.077625 0.082030 65.728968 0.035890
104.009030 1136.503200 818.963250 0.032470 85.682384 0.017340
104.058840 1098.064800 895.539750 0.032470 135.050374 0.048830
104.140140 1144.449600 768.705000 0.019770 589.825455 0.078130
104.238040 559.994400 848.116500 0.016110 12.357855 0.017090
104.271240 554.462400 859.167000 0.131100 136.103803 0.081790
104.484130 679.274400 804.888000 0.032960 97.236073 0.016110
104.533200 722.164800 892.153500 0.017090 43.299971 0.016600
104.566890 694.898400 858.516750 0.032480 74.264611 0.048820
104.648190 620.709600 861.871500 0.016120 67.179838 0.017820
104.682130 663.969600 913.269000 0.032230 67.080204 0.017090
104.731450 667.447200 846.279000 0.031490 32.699300 0.016360
104.779300 685.776000 873.358500 0.016110 112.519929 0.049800
104.845210 791.502600 834.853687 0.131350 98.827283 0.098880
105.075440 867.350400 771.498000 0.016110 84.851716 0.016600
105.108150 891.212000 852.925500 0.099130 137.065938 0.064690
105.271970 772.497600 921.438000 0.017340 101.719636 0.049560
105.338870 785.590400 820.564500 0.048340 29.483011 0.017330
105.404540 814.237200 813.592500 0.048590 63.109965 0.016840
105.469970 761.793600 848.700000 0.180420 60.519330 0.016110
105.666500 798.336000 896.941500 0.050300 253.525092 0.163080
105.879880 1003.877280 748.524000 0.098880 128.979270 0.032470
106.011230 1067.696000 860.608000 0.049810 15.756842 0.016600
106.077640 1083.415200 859.519500 0.016110 28.937338 0.065430
106.159180 1085.313600 830.644500 0.016600 42.656816 0.016360
106.192140 1116.889200 801.963750 0.033200 20.513217 0.017090
106.242430 1111.404000 782.197500 0.015870 158.420397 0.016850
106.275150 1046.656800 926.782500 0.015870 71.189433 0.016350
106.307370 1091.882400 871.804500 0.017340 106.825391 0.032470
106.357180 999.340800 818.440500 0.164550 361.058545 0.130860
106.652590 679.551600 986.065500 0.032960 69.237168 0.016600
106.702150 632.906400 934.899000 0.032230 70.037934 0.032710
106.767090 578.995200 890.190000 0.065190 61.265404 0.065670
106.897950 638.965600 902.720000 0.066650 74.039823 0.038090
107.002690 566.193600 889.077000 0.012940 143.003710 0.047360
107.062990 708.730400 877.530500 0.049560 40.087472 0.016840
107.129390 744.492000 859.416600 0.082040 65.107240 0.016600
107.228030 709.872800 914.557000 0.049070 42.672800 0.016360
107.293460 691.527200 876.029000 0.049310 48.825430 0.017090
107.359860 645.466080 859.833450 0.179690 6.433632 0.017090
107.556640 650.227200 864.160500 0.015630 51.733719 0.017330
107.589600 598.701600 859.524750 0.032710 91.063768 0.032230
107.654540 689.130400 870.259833 0.147950 89.924229 0.033690
107.836180 778.354500 881.459250 0.130620 53.073798 0.015870
107.982670 745.374000 839.876625 0.066160 117.985025 0.065670
108.114500 863.337300 837.612562 0.180420 83.656543 0.032960
108.327880 896.196000 914.545800 0.083010 141.689651 0.082030
108.492920 1030.360800 868.985250 0.031980 61.195665 0.065680
108.590580 1005.530400 924.917000 0.066160 74.968539 0.066160
108.722900 1077.820800 905.058000 0.015870 78.081708 0.016360
108.755130 1108.172291 833.116773 0.197260 124.809545 0.083250
109.035640 983.404800 836.356500 0.016610 24.616570 0.016600
109.068850 990.299520 859.987800 0.081300 237.877449 0.081540
109.231690 752.426080 858.606700 0.246580 55.169770 0.033690
109.511960 709.044000 824.523000 0.016120 85.981190 0.032960
109.561040 726.507600 908.712000 0.032470 54.734818 0.016350
109.609860 685.897333 872.014500 0.148680 272.447031 0.064700
109.823240 958.070400 859.799500 0.066410 70.882041 0.015380
109.905030 966.537600 930.174000 0.016360 76.188209 0.032710
109.954100 968.335200 854.007000 0.017340 38.267489 0.016840
109.988280 940.153200 879.894750 0.032230 36.493403 0.016360
110.036870 944.003200 843.605000 0.049310 102.876537 0.051030
110.137210 1042.529600 873.204500 0.048830 61.511402 0.015380
110.201420 1070.459040 818.399400 0.083250 68.876943 0.032220
110.316890 1139.157600 813.445500 0.017340 55.459579 0.016360
110.350590 1116.175200 863.919000 0.016840 522.325539 0.178710
110.546140 594.232800 883.921500 0.016850 15.346598 0.015870
110.578860 609.319200 886.735500 0.049310 64.064178 0.032720
110.660890 550.922400 860.391000 0.016600 58.094352 0.049320
110.726810 581.078400 910.045500 0.017570 51.248044 0.048340
110.792720 557.940600 864.318000 0.066170 214.218342 0.097900
110.956790 771.808800 876.561000 0.015870 80.581904 0.049800
111.022460 786.744000 955.746750 0.033200 130.487554 0.049320
111.104980 719.157600 844.126500 0.015870 87.615829 0.033690
111.154540 728.078400 931.287000 0.016360 58.493608 0.032710
111.203610 715.814400 874.093500 0.016120 131.868055 0.098140
111.317870 845.420800 849.775500 0.049320 44.179346 0.016600
111.383790 888.921600 857.488800 0.082030 71.699914 0.016600
111.482420 897.422400 928.683000 0.016600 109.958135 0.049320
111.548340 806.758400 866.467000 0.049070 157.272284 0.048830
111.646240 852.308800 1016.998500 0.050290 58.659376 0.015870
111.712400 831.163200 962.283000 0.016850 126.145140 0.048580
111.777830 929.670000 883.485750 0.032720 44.355232 0.016350
111.826900 886.831680 871.985100 0.082520 98.816371 0.032720
111.942140 985.051200 882.829500 0.017330 32.701043 0.098390
112.057860 1016.400000 892.136000 0.065190 141.316558 0.049560
112.172610 971.292000 1026.060000 0.016600 150.248264 0.048090
112.237300 918.472800 885.402000 0.017340 41.562958 0.016110
112.270750 952.463400 909.321000 0.066160 107.334621 0.098880
112.435790 1049.160000 955.909500 0.032960 24.952882 0.016360
112.485110 1059.021600 932.988000 0.015870 51.343165 0.016350
112.517330 1010.881200 950.838000 0.032230 167.797343 0.081790
112.631350 1135.797600 838.803000 0.017090 62.205424 0.015870
112.664310 1115.160480 897.485400 0.099850 51.490438 0.016110
112.780270 1143.760800 854.668500 0.017340 49.305744 0.015380
112.812990 1114.528800 894.374250 0.082030 31.171322 0.015870
112.910890 1117.233600 925.428000 0.017580 88.143362 0.032220
112.960690 1080.987600 845.082000 0.033450 58.178901 0.015870
113.010010 1042.641600 801.328500 0.031980 85.441714 0.017580
113.059570 1051.444800 886.315500 0.049320 46.067992 0.033200
113.142090 1031.147040 927.670800 0.097170 374.858797 0.133050
113.372310 656.392800 936.523875 0.081790 137.854527 0.163330
113.617430 794.236800 938.227500 0.032960 64.729503 0.017330
113.667720 759.158400 883.827000 0.016360 111.623936 0.016120
113.700200 817.555200 978.957000 0.032950 26.347367 0.032480
113.765630 842.595600 970.761750 0.065670 155.425247 0.082520
113.913820 919.128000 835.485000 0.031980 166.784108 0.049320
113.995120 909.736800 1002.004500 0.017580 93.654631 0.031980
114.044680 921.922400 909.146000 0.066890 30.564387 0.015870
114.127440 893.037600 919.138500 0.015870 197.884934 0.066650
114.209960 1080.324000 855.246000 0.015140 123.392461 0.033930
114.259030 1019.715200 962.727500 0.049080 91.002682 0.048090
114.356200 1100.723400 921.264750 0.066900 57.265231 0.017090
114.440190 1059.510480 961.024050 0.163570 299.159362 0.163090
114.766850 760.477200 952.339500 0.050290 35.479885 0.133540
114.950680 794.352300 941.789625 0.129400 61.126165 0.016360
115.096440 833.426400 894.783000 0.115230 36.638904 0.017330
115.229000 850.399200 862.312500 0.016120 74.624289 0.049310
115.294430 882.210000 929.817000 0.065430 63.756594 0.016850
115.376710 857.942400 870.859500 0.015870 54.569077 0.033200
115.425780 834.170400 919.978500 0.016110 366.719089 0.080080
115.521970 791.464800 555.754500 0.032960 164.695919 0.049320
115.604250 712.252800 411.358500 0.016600 138.448677 0.016360
115.637210 812.263200 507.097500 0.016350 83.487948 0.016850
115.670410 755.244000 446.113500 0.052250 83.548041 0.015130
115.737790 809.482800 509.662125 0.067140 91.596894 0.032960
115.837890 742.560000 447.121500 0.018800 97.203425 0.029300
115.885990 678.816600 520.506000 0.067140 76.179167 0.032470
115.985600 676.754400 444.354750 0.031250 43.788660 0.032710
116.049560 697.930800 482.682375 0.081540 111.599031 0.032720
116.163820 742.963200 584.792250 0.328120 180.991048 0.067140
116.559080 590.681700 486.975563 0.131840 41.479933 0.015380
116.706300 599.751600 527.451750 0.033450 43.566167 0.015620
116.755370 583.548000 487.011000 0.016850 53.624992 0.016110
116.788330 629.134800 515.250750 0.033200 114.232852 0.048340
116.869870 711.507491 436.106045 0.230960 80.301441 0.032470
117.133300 753.681600 504.441000 0.017090 92.619881 0.015380
117.165770 812.229600 432.673500 0.034430 108.748309 0.048580
117.248780 816.694200 541.330125 0.066410 66.840321 0.082030
117.397220 882.756000 551.502000 0.015130 106.438946 0.033450
117.445800 897.220800 446.050500 0.032960 96.976400 0.032960
117.511720 894.079200 542.976000 0.016360 102.792338 0.016110
117.544190 906.180800 440.898500 0.082520 190.070074 0.213870
117.840580 1088.071200 496.057500 0.147700 63.882865 0.016600
118.004880 1082.704000 432.400500 0.049560 90.493434 0.033450
118.087890 1097.964000 521.598000 0.064450 433.685864 0.246340
118.398680 664.704600 540.826125 0.066650 232.563038 0.065920
118.531250 897.086400 531.646500 0.032960 63.804022 0.016360
118.580570 847.912800 490.990500 0.048580 49.218858 0.016850
118.646000 880.404000 527.961000 0.016350 58.843004 0.032720
118.695070 876.540000 469.245000 0.016360 76.182355 0.016840
118.728270 907.090800 539.033250 0.032470 86.591087 0.016120
118.776860 925.584000 454.440000 0.147940 50.083801 0.032960
118.957760 966.006720 484.010100 0.082280 69.116585 0.033200
119.073240 909.888000 524.356000 0.179690 174.504892 0.131100
119.384030 1078.030800 571.046000 0.099120 72.076589 0.033210
119.516360 1114.125600 508.658500 0.097410 443.880592 0.130370
119.744140 672.022400 548.341500 0.066160 106.871849 0.016120
119.826420 771.842400 586.519500 0.034660 99.705016 0.016610
119.877690 673.717800 568.837500 0.147700 128.082917 0.049810
120.075200 633.645600 447.184500 0.015380 235.578194 0.065670
120.156250 793.548000 620.182500 0.032710 109.659904 0.016610
120.205570 732.984000 528.764250 0.032960 79.698765 0.016600
120.255130 747.003600 607.220250 0.031980 199.172063 0.083250
120.370360 945.504000 623.563500 0.016360 67.560465 0.033200
120.419920 921.315360 560.481600 0.097900 45.138696 0.016120
120.533940 948.612000 596.431500 0.016840 43.845871 0.016360
120.567140 991.519200 587.407500 0.114740 154.876285 0.066170
120.748050 842.714880 630.348600 0.082270 61.222530 0.016120
120.846440 831.012000 570.255000 0.015860 91.520899 0.033700
120.896000 845.392800 660.639000 0.015870 89.344253 0.015860
120.927730 863.520000 573.153000 0.034180 81.105820 0.015630
120.977540 850.504200 653.207625 0.066160 84.444351 0.032470
121.076170 857.799600 569.079000 0.033210 101.350336 0.065420
121.174800 948.333120 614.637450 0.213380 123.703160 0.066170
121.454350 832.910400 570.139500 0.081290 25.010073 0.017580
121.553220 855.418200 581.043750 0.066160 42.130605 0.016120
121.635500 895.413120 567.800100 0.082270 217.729894 0.132080
121.849850 680.534400 602.920500 0.031990 45.679124 0.017090
121.898930 654.175200 565.614000 0.015620 74.287623 0.017330
121.931880 645.808800 639.429000 0.016850 73.744233 0.033940
121.982670 596.889067 584.246833 0.328610 77.102672 0.014400
122.325680 672.144480 601.023150 0.165040 36.758855 0.032960
122.523680 640.735200 620.119500 0.015380 134.759271 0.050050
122.589110 770.112000 657.825000 0.081060 94.437203 0.050040
122.720210 864.040800 648.039000 0.017340 88.713061 0.031740
122.769290 779.004000 622.765500 0.114250 67.498254 0.033450
122.916990 843.687600 603.477000 0.032230 92.966075 0.066650
123.015870 750.783600 600.080250 0.032230 73.326430 0.032710
123.080810 681.960000 574.780500 0.132080 46.709867 0.015870
123.228760 648.711000 607.587750 0.066410 79.016547 0.016600
123.311770 705.003600 663.038250 0.032960 47.611466 0.016110
123.360840 673.878240 627.009600 0.080570 486.581623 0.132320
123.573730 1153.646667 545.868167 0.147950 116.728447 0.049070
123.770750 1096.452000 647.624250 0.032470 436.278798 0.099370
123.902590 660.378133 660.994833 0.294920 105.777294 0.032960
124.230470 605.824800 570.370500 0.016360 204.289666 0.065670
124.312500 786.327360 666.042300 0.082520 44.700996 0.016600
124.411620 825.518400 644.542500 0.016360 60.174038 0.016110
124.444090 765.399600 641.964750 0.032960 78.892908 0.016850
124.493900 811.204800 706.198500 0.015870 95.287755 0.032950
124.542720 890.383200 653.184000 0.033210 90.792176 0.032710
124.608640 924.890400 569.205000 0.016360 68.562406 0.017090
124.642090 920.362800 637.617750 0.081300 79.853145 0.016600
124.739990 914.424000 717.249750 0.032470 158.404532 0.082760
124.855220 758.872800 687.319500 0.015870 62.992896 0.017340
124.888430 808.500000 648.522000 0.015620 49.897890 0.016120
124.920170 813.422400 698.176500 0.017330 131.888012 0.049320
124.986820 706.818000 620.523750 0.048340 284.838774 0.083740
125.118900 822.830400 880.666500 0.016110 78.991054 0.049070
125.184080 846.972000 955.878000 0.016600 29.259118 0.017090
125.217770 850.634400 926.849000 0.048830 98.250521 0.032960
125.299560 769.104000 872.022375 0.081540 43.591215 0.017090
125.398190 737.444400 842.058000 0.032720 32.788124 0.016840
125.447750 748.755000 872.833500 0.061770 48.035817 0.019290
125.528810 742.906080 825.155100 0.079830 85.773518 0.032960
125.641600 718.569600 742.906500 0.016360 126.655280 0.069330
125.727290 832.456800 798.325500 0.016120 69.769372 0.032710
125.776120 823.401600 867.504750 0.032720 36.825397 0.016360
125.825200 825.144600 830.720625 0.064940 46.519233 0.016110
125.906250 840.688800 786.875250 0.066650 190.737604 0.064940
126.037840 1030.913856 772.901640 0.492190 114.351388 0.033690
126.563720 917.348320 786.284800 0.278320 150.122408 0.066410
126.908450 1065.540000 762.285562 0.262940 177.357238 0.066400
127.237790 891.542400 727.928250 0.032230 100.330208 0.032230
127.302250 927.225600 821.698500 0.017090 65.778490 0.016350
127.335690 926.301600 755.926500 0.048830 306.829594 0.082520
127.467040 633.089673 846.321000 0.180910 120.022779 0.097900
127.745850 752.304000 860.228250 0.066650 50.957473 0.015870
127.828370 734.479200 812.490000 0.016600 226.252394 0.098390
127.943360 960.601600 820.158500 0.098880 74.919719 0.032960
128.075200 990.813600 751.600500 0.016350 74.734041 0.032960
128.124510 985.572000 826.150500 0.032230 138.630675 0.066650
128.223390 1100.324400 748.366500 0.031980 77.517640 0.032960
128.288330 1056.196400 812.098000 0.098390 72.495039 0.049560
128.436280 990.732400 780.953250 0.098140 61.819004 0.032720
128.567140 1026.816000 730.758000 0.049320 103.641315 0.032710
128.649170 928.532640 763.650300 0.181880 55.340328 0.031990
128.863040 963.698400 720.919500 0.049070 76.385815 0.017330
128.929440 1039.894800 726.295500 0.081550 38.083058 0.016840
129.027830 1029.148800 762.831000 0.130860 61.564553 0.065430
129.224120 1088.791200 778.094625 0.082030 479.182297 0.115730
129.421880 609.999600 758.748375 0.082270 71.283613 0.016360
129.520510 539.263200 767.564000 0.050050 210.442909 0.081050
129.651610 743.803200 817.057500 0.016600 6.457896 0.016850
129.685060 746.894400 811.387500 0.015620 58.249321 0.017090
129.717770 804.820800 817.512500 0.049080 105.998824 0.048820
129.815670 905.830800 785.376375 0.082770 97.561620 0.049310
129.947750 880.807200 691.078500 0.049560 89.702435 0.016120
130.013430 925.604400 768.794250 0.032470 48.036665 0.016360
130.062260 927.166800 816.805500 0.032950 96.686350 0.017340
130.112550 980.078400 735.882000 0.015380 37.852315 0.016850
130.144780 971.955600 772.852500 0.066400 77.443529 0.049070
130.260250 1039.550400 810.647250 0.049810 101.618989 0.032960
130.343020 1054.300800 710.104500 0.032960 136.326385 0.048580
130.424560 960.561000 809.088000 0.065670 52.522122 0.017830
130.508060 963.670400 756.658000 0.064940 64.122890 0.015620
130.588620 950.380200 819.388500 0.081790 99.293058 0.034180
130.704590 1035.145440 767.678100 0.080810 41.668546 0.016600
130.802000 1034.804400 809.345250 0.049560 107.846705 0.082520
130.934080 1131.312000 761.208000 0.065190 515.074115 0.148680
131.147950 617.657600 799.424500 0.097900 116.642329 0.083010
131.328860 733.379564 784.800545 0.180910 121.699288 0.032470
131.542240 853.161120 806.320200 0.082030 40.944319 0.016110
131.640380 876.596000 772.745750 0.114010 71.623683 0.033450
131.787840 947.844800 765.427250 0.212890 97.784483 0.033690
132.034420 1044.316000 781.399500 0.164550 92.439828 0.048830
132.247800 1127.044800 822.643500 0.015380 75.675697 0.017090
132.280270 1132.420800 747.159000 0.033210 66.057269 0.015870
132.329350 1093.218000 800.325750 0.032950 62.352269 0.017090
132.379390 1042.717200 763.754250 0.033210 63.359579 0.016360
132.428960 1082.172000 813.330000 0.032470 54.003177 0.016840
132.478270 1110.995200 767.662000 0.049810 478.561897 0.116210
132.644290 634.802400 815.221500 0.112550 70.721802 0.016600
132.773440 637.921200 885.874500 0.049800 61.920790 0.015870
132.839110 625.228800 825.268500 0.016850 144.617526 0.050050
132.906010 762.266400 871.473750 0.032470 57.152461 0.015620
132.954100 724.287900 828.765000 0.132330 39.734182 0.016600
133.103030 752.326400 856.919000 0.065180 185.227847 0.065920
133.234130 572.544000 812.336000 0.050290 32.802913 0.016610
133.301030 600.751200 795.591300 0.113760 222.276699 0.099130
133.513920 821.819040 818.741700 0.081290 101.992710 0.082770
133.677980 907.960800 764.133000 0.130610 31.129402 0.016610
133.825200 910.996800 733.152000 0.014890 107.974729 0.033690
133.873780 876.172267 835.356667 0.147950 96.050080 0.049310
134.071040 793.751467 786.037000 0.147710 95.965869 0.033200
134.251950 826.198800 876.351000 0.031990 70.555393 0.033200
134.317140 859.303200 938.658000 0.016360 207.441202 0.032220
134.365720 797.361600 740.680500 0.016850 80.305230 0.017090
134.399660 824.269600 816.343500 0.051510 89.718722 0.029790
134.480960 866.300400 737.079000 0.050050 106.362126 0.017090
134.548100 874.843200 843.097500 0.015380 13.630311 0.016840
134.580320 870.273600 855.939000 0.016850 57.770636 0.015620
134.612790 837.916800 808.080000 0.015630 90.285494 0.034420
134.662840 891.408000 880.813500 0.014890 71.755561 0.016610
134.694340 957.668727 853.274864 0.182370 147.576188 0.031980
134.908690 963.916800 705.831000 0.015870 221.029635 0.065920
134.990480 957.297600 926.761500 0.017090 116.480147 0.147460
135.155030 1044.150240 849.145500 0.115720 150.258966 0.115720
135.386470 1145.020800 737.777250 0.031500 511.371826 0.131830
135.549800 644.086800 840.569625 0.065680 73.122008 0.017090
135.632570 690.799200 896.826000 0.016110 111.217252 0.049320
135.698000 760.991280 810.556950 0.180660 39.200147 0.048830
135.927490 725.760000 793.369500 0.016360 159.502392 0.050050
135.993900 882.045600 825.241500 0.115720 77.681236 0.048830
136.158450 862.738800 900.485250 0.031740 94.981452 0.050040
136.240230 910.065100 818.134188 0.476570 185.199015 0.099360
136.816160 1094.587200 833.954100 0.081550 40.690039 0.015860
136.913570 1103.566800 794.267250 0.033450 85.948801 0.032230
136.979250 1082.524800 877.600500 0.015380 161.207691 0.050290
137.044920 1075.737600 716.535750 0.050290 79.510598 0.016360
137.111570 1063.792800 795.144000 0.083990 17.147423 0.014400
137.209960 1051.293600 806.883000 0.016850 159.911627 0.081540
137.308350 901.231200 862.137000 0.130610 147.615831 0.049320
137.488280 1032.220000 930.198500 0.049070 59.306299 0.017340
137.554690 1075.113900 889.243031 0.294920 0.000000 0.017340
