0.049070 0.052658
0.098880 0.320102
0.148680 -8.139871
0.343260 -1.678390
0.524660 0.778843
0.590090 1.820913
0.738530 3.474197
0.986330 0.805765
1.118650 1.351197
1.315430 3.186139
1.609130 1.368571
1.742190 0.860804
1.824220 -0.396321
1.873290 -0.696781
1.939700 0.047530
1.972170 1.194438
2.105220 -0.239850
2.202150 -0.797265
2.235600 -0.131114
2.269780 -3.687381
2.432860 0.183942
2.465090 0.086189
2.629640 0.816923
2.777590 -0.353958
2.859860 -0.229074
2.925780 -0.302319
3.022710 1.104556
3.221440 -1.217989
3.467290 0.744022
3.614750 0.419465
3.795170 -0.183211
3.844730 0.456987
4.025630 2.562667
4.240230 -0.026052
4.290280 0.380417
4.338130 -1.715995
4.404300 -0.295629
4.453130 0.663916
4.551510 -0.137722
4.583980 -0.267450
4.635250 -0.717228
4.700930 -0.571620
4.765380 0.928852
4.929440 -0.614503
4.979000 -3.294249
5.109620 2.332152
5.388430 1.702096
5.569090 1.347928
5.733400 0.718365
6.013670 0.349821
6.045650 4.987977
6.407470 1.374886
6.554930 4.609380
7.114010 1.767526
7.343510 2.096695
7.491700 -0.062866
7.606930 1.908146
7.902100 1.846697
8.132570 -3.059311
8.345950 2.138487
8.510250 -1.113635
8.642090 0.398199
8.723880 0.613589
8.871830 0.666367
8.970950 -0.739864
9.068360 0.039218
9.117920 -0.648342
9.166750 -0.069866
9.348880 -4.558589
9.495610 2.084574
9.660400 -1.233268
9.726320 3.266815
10.070800 0.151761
10.120120 0.326466
10.185790 -0.000743
10.268310 0.168759
10.333980 3.158839
10.581050 0.399984
10.646000 0.081900
10.826660 3.318355
11.106200 -0.006779
11.139890 1.113790
11.287600 -0.608604
11.418210 0.272290
11.451170 0.876168
11.664550 1.820517
11.846440 0.052714
11.878420 0.357644
12.042720 0.510273
12.124270 -0.219884
12.272710 0.429958
12.338130 -0.962027
12.387210 -0.935994
12.485600 -0.020766
12.551510 1.975387
12.765630 1.437317
12.929930 -0.044522
13.109620 -2.797516
13.536870 -0.452991
13.587400 0.426746
13.653810 1.086615
13.932370 5.061712
14.342040 2.663484
14.670410 1.796949
14.885500 0.118902
14.917970 0.713059
15.000240 -0.337586
15.082280 1.129616
15.180660 2.216326
15.459720 0.484801
15.508790 6.007625
15.920900 0.814861
16.100830 -1.232120
16.445310 0.668590
16.658940 1.831823
16.790770 1.247080
16.889400 -0.725546
17.004880 1.903826
17.268800 -0.611398
17.303960 -0.284061
17.365480 -0.498620
17.397950 -0.238592
17.480470 -0.327976
17.513430 0.832613
17.628420 1.481733
17.792240 0.222845
17.874020 -0.541840
17.942140 -0.842106
17.989990 -0.688565
18.041020 -0.112537
18.090580 -4.628572
18.252690 2.431464
18.581050 0.435121
18.663330 0.102252
18.745360 -2.217546
19.008300 -0.479542
19.123780 0.007589
19.172120 -2.654346
19.370610 1.364328
19.582520 -0.311745
19.631840 0.661385
19.834230 1.169741
19.928710 0.306927
20.059810 2.837853
20.306880 1.391105
20.470460 -1.719019
20.551760 -0.213117
20.602290 -0.618209
20.651370 0.808259
20.913820 -0.869883
20.962890 -0.791986
21.047360 0.443804
21.078610 -0.476938
21.192870 2.223127
21.489010 0.346212
21.521480 2.639408
21.784910 0.230349
21.833010 -0.089621
21.932130 -3.742557
22.114010 -0.900565
22.194090 -0.930031
22.326420 -1.434063
22.392580 0.873144
22.524170 0.164921
22.621580 -1.032761
22.754150 -1.164047
22.852540 -0.454737
22.901370 -0.559484
23.131350 1.739621
23.344970 -1.103018
23.410640 1.866737
23.542480 -0.309127
23.609380 -1.576906
23.706790 -2.856607
23.885500 -2.357891
24.281250 -0.038489
24.315670 -0.404999
24.447510 0.182482
24.479740 -0.038370
24.561520 -0.658878
24.594970 -2.315817
24.840090 0.090333
25.037350 -0.625264
25.087160 1.469640
25.184810 0.003380
25.580810 0.549143
25.628170 -0.329963
25.711430 -0.812375
25.842770 -0.230768
25.908940 1.416669
26.073000 -0.898623
26.121340 -0.115031
26.153560 0.706405
26.219730 0.020425
26.252440 -0.553172
26.350590 -0.827011
26.416990 0.222277
26.466060 0.455429
26.581050 -0.336788
26.614260 0.038752
26.680180 -1.733405
26.762210 -0.338163
26.795170 0.621130
26.860110 1.077783
27.009030 0.487358
27.074220 -0.591007
27.123540 0.616565
27.206300 0.261554
27.254390 -1.380324
27.320560 -0.778580
27.386720 -4.956503
27.518070 3.240623
27.764650 -0.773412
28.076420 -0.578983
28.191890 0.262578
28.240720 0.044570
28.273930 -0.191604
28.323490 0.421639
28.406010 3.458769
28.718020 0.570203
28.782960 0.285837
28.849120 1.293737
28.981930 -0.060671
29.030760 -0.633429
29.099370 -0.693798
29.177980 0.585779
29.294430 -0.054017
29.344240 -0.683404
29.422360 0.036028
29.520750 -0.383534
29.569820 -1.137362
29.621580 -0.146388
29.703370 -0.526055
29.752200 -0.096202
29.818120 0.305672
29.850830 -0.593139
30.015630 -0.465968
30.064700 -2.026421
30.245610 -0.114336
30.295170 1.005293
30.393550 -0.533926
30.459230 0.476337
30.639890 1.034118
30.738280 0.425406
30.836430 -0.459454
30.902340 1.121142
30.999270 1.403881
31.148440 -1.048609
31.312990 0.527783
31.411130 0.052691
31.443600 4.349988
31.821290 -1.498714
31.953610 1.780978
32.150880 -0.603439
32.183350 -0.702822
32.232420 0.041068
32.315190 -0.141084
32.379880 -0.368157
32.495610 -0.489195
32.561040 -0.073194
32.593990 0.677569
32.659420 0.732450
32.873290 -1.460428
32.905760 -1.507474
32.939450 0.190928
33.037110 1.931251
33.234620 0.790444
33.316650 -3.759500
33.630130 0.746058
33.811770 -0.158640
33.859860 -0.075660
33.891850 -0.845865
34.040530 0.603844
34.106200 -0.417274
34.186770 -3.913563
34.334960 -0.806743
34.449710 -1.497785
34.646480 -0.067288
34.679440 0.647586
34.745120 -0.892402
34.859860 0.116486
34.958980 -0.716846
35.025150 2.406956
35.222410 1.217002
35.337650 0.112378
35.386470 0.559929
35.485350 -0.250615
35.534420 -3.751612
35.804200 -0.539980
35.863280 1.265314
35.978270 -0.606424
36.028320 -0.242629
36.093990 -0.504790
36.126220 1.477742
36.307370 3.232560
36.620360 -1.102802
36.717290 0.390505
36.767820 0.156795
36.833010 -1.628148
37.014160 -0.475800
37.064940 0.418612
37.227540 0.646323
37.326660 -0.956096
37.375490 -1.001840
37.441160 2.437087
37.868160 0.421564
37.916990 0.890278
38.000000 -1.002650
38.065190 0.250644
38.114500 -0.967259
38.180420 0.447519
38.475590 -0.870748
38.527590 0.197018
38.557860 -3.177020
38.901610 -0.272094
38.950440 -0.130551
39.083740 0.240508
39.428710 0.034243
39.478270 -1.257919
39.526860 -1.518461
39.592770 0.682386
39.675050 0.745188
39.773930 0.310674
39.953860 -0.612489
40.003420 -0.733849
40.069340 0.181765
40.135740 -0.704375
40.217530 -1.383106
40.266850 -1.979747
40.364750 -0.770485
40.414060 -1.083274
40.545650 0.668950
40.627930 -0.298002
40.660400 0.288069
40.709960 -0.432239
40.808590 -1.074318
40.910160 0.257657
40.973390 -4.416651
41.202150 0.829457
41.317630 -0.611155
41.366940 0.366166
41.431880 2.997894
41.744870 -2.709033
42.123290 0.199063
42.172120 -2.224898
42.302490 -2.410138
42.384280 -0.320479
42.433110 -0.408219
42.515140 -2.524973
42.613530 -1.677614
42.730710 -0.821289
42.779540 -2.079058
42.894780 -1.024923
42.959960 0.753417
43.058840 -0.503466
43.174070 -0.078658
43.239750 -0.480224
43.288820 -2.174672
43.371340 -2.609367
43.452640 -1.327273
43.534910 -0.586326
43.568120 -0.130357
43.601560 -0.567650
43.798340 -0.588659
43.979250 -2.267506
44.272710 -1.011664
44.322270 -1.227220
44.373780 -1.067663
44.605470 -1.341487
44.702390 -1.114431
44.769290 -2.508825
44.865230 -1.062080
44.963380 -0.716982
45.129640 -0.896973
45.162350 -0.788326
45.227540 -0.830047
45.327880 1.355988
45.489750 -1.752537
45.539790 -0.889330
45.573490 -0.990438
45.654790 -0.934813
45.687990 -0.499325
45.738770 0.137293
45.770260 -0.583926
45.884280 0.203188
45.934330 -1.572607
46.000000 -0.680264
46.049320 0.806128
46.163820 -1.131257
46.328860 -0.450268
46.378170 -0.949646
46.427250 -0.142741
46.476810 -0.093214
46.525390 -2.145629
46.623780 -5.052578
46.819580 -0.998191
46.868900 -0.051057
46.958740 0.196199
46.987550 -1.395795
47.084720 1.250233
47.264890 1.930875
47.413090 1.152076
47.626460 -0.395304
47.659670 0.640341
47.757570 0.006938
47.808590 0.350809
47.906250 -0.069274
47.938230 0.403170
47.988280 -0.880391
48.053470 -1.869848
48.103270 -1.587557
48.202150 -0.729583
48.251220 -1.947381
48.299800 0.134048
48.448240 0.374148
48.548340 -0.735737
48.611820 -0.485146
48.645020 -0.799305
48.741940 0.069996
48.905760 -2.003686
49.234130 -2.170184
49.316410 -0.102953
49.365720 0.177222
49.398930 -0.612157
49.464360 -1.393749
49.614260 -3.077886
49.792720 0.419221
50.026610 -1.127655
50.139890 -0.234908
50.173100 -0.806676
50.271970 -4.443482
50.615230 -2.583771
50.696780 0.693204
50.911870 0.698875
51.110350 -3.212708
51.535160 -0.295817
51.716550 0.090418
51.781490 -0.996828
51.913820 -0.348791
51.980220 1.503544
52.143800 0.147466
52.242920 -0.183778
52.357420 -0.622661
52.406250 -1.607986
52.473140 -2.463289
52.554440 -0.174760
52.587160 0.147625
52.637210 0.920753
52.784420 -0.273169
52.865970 0.463583
52.932370 0.205234
52.982420 0.310142
53.063960 -1.394418
53.260990 -0.197470
53.490970 -0.158176
53.556880 -0.357184
53.625000 0.269233
53.672610 -1.367994
53.723630 -1.076440
53.786870 0.553191
54.065920 -1.792338
54.493160 -0.984375
54.608400 -0.467689
54.640630 -0.176285
54.705810 1.047311
54.804930 -0.472742
54.854250 0.204847
54.885990 -1.177775
55.002200 -1.332361
55.232420 0.600329
55.314700 -1.097528
55.363530 -1.094598
55.527830 -0.157836
55.593990 0.661846
55.643070 -0.015483
55.691890 -0.665375
55.741940 -1.515286
55.955320 -0.773479
55.987790 1.966053
56.135740 0.619975
56.234380 1.456781
56.415530 0.441285
56.480960 0.363259
56.547360 -0.392061
56.596680 -0.595265
56.629390 -0.778029
56.744380 -1.211813
56.809810 0.332907
56.875730 -0.521340
56.940670 -0.683792
57.023190 -0.227662
57.124760 0.337542
57.171390 -4.004617
57.318120 -0.830271
57.385010 -1.503821
57.467290 -3.025338
57.533200 -2.309580
57.581790 -0.468068
57.664790 -0.542152
57.745610 -0.329901
58.007810 -0.466336
58.058110 -1.160856
58.123540 -1.786137
58.211430 -0.272417
58.254880 -0.721335
58.303960 -0.065130
58.402590 -1.756213
58.485840 -1.560547
58.599850 -0.466529
58.699460 1.103075
58.797850 2.389074
58.978030 2.309417
59.142820 0.923889
59.241460 -1.513816
59.308840 0.041323
59.339600 0.090981
59.800290 0.139307
59.931880 1.327277
60.144040 3.513067
60.375490 2.445784
60.623290 1.826649
60.867190 0.150459
60.915770 0.908204
61.081050 -0.060534
61.113040 -0.215411
61.179200 -0.385008
61.261470 1.266607
61.425780 -0.476266
61.474610 -0.902021
61.557620 -2.244538
61.622800 -0.548419
61.656010 -0.097853
61.704830 0.811535
61.852540 -0.315447
61.885740 0.322237
61.934810 0.062966
62.000730 -0.088822
62.050540 -4.536006
62.230960 0.652204
62.296390 -0.987963
62.443600 -0.132535
62.509520 -0.127461
62.591310 -0.903592
62.657470 0.471007
62.755620 1.453257
62.888430 -3.440505
63.083980 0.385719
63.232670 -0.524483
63.314940 0.076041
63.430180 1.092829
63.594480 -0.472123
63.692140 -0.060497
63.774900 0.655034
63.906490 0.234910
64.037840 -3.845685
64.235600 -0.313314
64.268070 0.239306
64.317140 1.388745
64.431880 1.549287
64.563720 1.718421
64.694820 -0.622614
64.810060 -0.770742
64.892580 0.038892
65.006840 -0.250753
65.039790 2.741742
65.303220 1.388434
65.451420 0.238789
65.631100 1.063150
65.729740 -0.565393
65.812740 0.133183
65.844730 0.300536
65.894530 0.369122
65.992680 0.379831
66.091060 4.260348
66.452880 -0.662980
66.534910 0.458177
66.617680 -0.263372
66.682620 2.086153
66.863280 0.383764
67.011230 -0.260592
67.044430 -0.841927
67.076660 -0.545873
67.159180 0.197537
67.209470 1.060434
67.324220 -0.695383
67.373540 -0.803233
67.422610 1.110374
67.521000 0.130562
67.570070 0.289965
67.621090 -3.332073
67.849610 2.692271
68.112300 0.556145
68.211180 0.205206
68.309570 0.775084
68.489260 0.635065
68.555660 1.005862
68.753170 0.409597
68.801270 1.466300
69.048340 0.218387
69.213620 4.552814
69.574950 1.303065
69.693850 -1.266159
69.738770 -0.797478
69.820310 1.008767
69.952880 -0.232115
69.985840 -0.841022
70.083740 1.467860
70.231690 0.068348
70.281010 -1.010187
70.380370 -2.046281
70.543700 0.454771
70.792720 -0.489858
70.872560 0.353903
70.907710 0.073513
71.086670 1.399182
71.217770 -1.740384
71.265870 -0.337112
71.364990 -0.053504
71.430180 0.355077
71.479740 -0.149432
71.511230 0.066921
71.546140 0.593910
71.611820 3.181971
71.858400 -0.199658
71.908200 -1.769002
72.169190 0.109061
72.202150 0.712930
72.317870 -0.588842
72.366700 -0.074473
72.416020 -1.058100
72.498540 1.922687
72.745120 -0.531067
72.777340 0.831326
72.875730 0.319219
72.974850 -0.650806
73.088870 5.209098
73.483890 -1.002942
73.549800 0.219486
73.632320 0.280278
73.681150 2.594793
73.895260 1.326672
74.141600 -0.470429
74.174320 5.053266
74.519040 0.527407
74.634030 2.693672
74.913090 -0.053028
74.963380 0.259791
74.994870 2.678582
75.208740 0.816621
75.341310 0.535925
75.439450 -1.260449
75.587400 0.702217
75.833250 0.633873
75.899660 0.415893
75.932620 0.448679
76.114990 1.453676
76.277100 1.421165
76.539790 0.158436
76.572510 0.422370
76.638180 -0.714689
76.687500 -0.366934
76.736330 1.144652
76.951170 0.019209
76.983640 1.367897
77.131590 0.770258
77.345210 0.087248
77.378170 0.916011
77.607910 -1.503504
77.641110 -0.558935
77.673100 -2.908423
77.788570 0.349560
77.886720 -0.430134
77.919920 -1.429743
78.410640 -0.173629
78.493410 -0.571861
78.624270 -1.478404
78.757320 -2.636042
79.448240 -2.171092
79.594730 -1.819934
79.643550 -0.239358
79.675780 -1.411074
79.791260 -0.585430
79.823970 0.329866
79.907960 -0.249595
79.940670 -2.926519
80.234860 -0.850651
80.318600 0.153837
80.367430 0.266782
80.465820 -0.929386
80.515870 0.162747
80.565920 -0.550085
80.632810 -0.155285
80.680420 -2.413189
80.811040 0.727893
80.877930 -0.082420
80.942870 -1.194091
80.992190 -0.001963
81.025630 -0.151341
81.058350 0.092497
81.123050 -4.174398
81.320070 -0.062256
81.418700 0.287560
81.468020 0.361585
81.534670 0.302972
81.665530 -1.119593
81.747310 -0.535047
81.813230 2.078357
81.976810 -0.019399
82.010010 -0.188084
82.076660 -0.852446
82.125730 -0.260045
82.224610 -0.578519
82.257320 -0.260019
82.306880 -3.856621
82.405030 -0.316418
82.454590 0.202626
82.503170 1.219870
82.651610 -0.221762
82.683840 0.778633
82.750490 2.087216
82.947270 -4.697937
83.111330 0.463148
83.193360 0.189958
83.243160 1.359090
83.390630 -0.018504
83.440190 1.686455
83.555180 -0.221833
83.590090 0.461273
83.653810 2.416982
83.883790 -0.415337
83.933590 -0.490878
83.998780 0.448094
84.113040 1.393364
84.229000 0.137043
84.261470 -0.710807
84.341550 0.319404
84.393070 1.099546
84.474610 1.339310
84.640630 -1.209704
84.692630 0.213435
84.819820 0.799345
84.919190 0.217289
84.968260 -0.438098
85.016600 -0.516606
85.082280 -0.108837
85.131350 -0.218066
85.181400 -0.456577
85.214360 0.228289
85.296390 -0.980577
85.362060 -0.130847
85.445560 1.163531
85.527590 -0.342032
85.560550 -0.130542
85.608890 1.443943
85.756840 -0.356874
85.805660 0.334591
86.019530 1.514589
86.183590 0.548557
86.298580 0.430311
86.364010 4.646416
86.692140 1.772473
86.873050 0.342055
86.939450 0.115449
86.972410 -0.542896
87.053960 -0.438921
87.087400 -1.120681
87.185550 0.263616
87.283940 0.146977
87.349120 -0.936265
87.414790 -0.199569
87.480960 -0.560473
87.529790 1.176873
87.728030 0.133520
87.777340 -0.462107
87.825930 -0.100151
87.858640 2.146757
88.039790 1.658623
88.269780 -1.531825
88.368650 0.062988
88.433590 1.512203
88.597660 0.103484
88.712890 -1.635471
88.761960 -2.048363
88.844730 -0.645208
88.894290 0.028301
88.958740 0.276877
88.992430 0.386765
89.075200 -0.598390
89.156740 0.691363
89.255370 -0.241108
89.321040 0.267079
89.385990 1.444541
89.500730 -3.119721
89.715820 -0.145328
89.747560 -0.223345
89.863040 -0.284498
89.912350 -0.549722
89.944580 -1.105642
90.011230 -1.241876
90.093260 -0.520905
90.208250 1.297154
90.371580 0.794545
90.487550 0.935027
90.585940 -0.179507
90.651860 1.091782
90.880370 -0.869967
90.930180 1.842840
91.078610 -1.982644
91.128170 -2.130349
91.227050 -1.075788
91.309330 0.873599
91.390380 1.347397
91.488770 0.440634
91.521970 1.097358
91.669920 0.060498
91.703130 1.009652
91.801510 3.620802
92.066410 1.124449
92.182130 -0.425273
92.231450 -0.360139
92.262210 0.339851
92.328130 -0.435693
92.361080 0.273075
92.392580 0.575095
92.460450 0.299453
92.508540 -0.159917
92.606690 0.573206
92.689940 -0.296106
92.772220 3.503974
93.001220 1.333009
93.444580 -0.038317
93.509770 1.984601
93.692140 0.377540
93.725100 -4.085917
93.937010 -0.087309
94.035890 -0.750482
94.102050 1.128300
94.216550 -0.132800
94.332520 -0.497120
94.412840 -0.000415
94.477780 -1.102270
94.528080 -2.786377
94.707520 -0.960249
94.789310 -3.286769
94.857420 -3.722304
94.906490 -0.324403
95.120120 0.988588
95.217770 -0.229450
95.267820 -0.290314
95.317380 0.376357
95.349850 0.404262
95.480470 -0.688511
95.513920 1.286891
95.661870 -0.430443
95.727290 0.876464
95.810060 -0.134122
95.842770 2.335388
96.106690 -4.022842
96.336430 2.410737
96.532230 0.927832
96.601560 -0.787802
96.665040 -0.165857
96.697510 2.517240
96.943850 -1.329159
96.993900 -0.627731
97.075440 0.608355
97.141850 0.419339
97.271480 1.134627
97.356690 -1.018396
97.404050 -1.598553
97.503170 -0.079229
97.551510 -0.316388
97.601070 2.019093
97.847900 -1.049810
97.898440 -0.648907
97.979490 1.659166
98.126950 -1.464848
98.242680 -0.573831
98.274900 -0.086444
98.306880 2.146647
98.601560 0.382015
98.652830 2.483530
98.865720 0.957832
99.013670 0.292435
99.064210 4.806085
99.473630 -0.096994
99.506840 0.277055
99.588380 0.483022
99.653810 1.474201
99.833740 -0.141112
99.950200 1.443242
100.080810 -0.535531
100.147220 -1.429289
100.245360 0.435449
100.343990 0.366800
100.394040 0.028260
100.442140 -0.182258
100.491210 1.470936
100.689210 -0.940907
100.738280 0.112464
100.853270 1.910683
100.987060 0.697276
101.133060 -0.627778
101.182860 1.078902
101.329590 -0.423369
101.380620 -0.191318
101.428220 0.299713
101.477290 2.439967
101.658940 0.500520
101.723880 0.171944
101.772950 0.019999
101.822510 2.334214
102.019780 0.724357
102.118160 0.456212
102.250000 0.178859
102.314940 0.140140
102.431150 1.636995
102.561770 -0.670312
102.660400 -0.424020
102.692630 0.682341
102.759030 -0.238909
102.807620 1.756202
102.956790 -4.520294
103.040530 1.271827
103.172850 -0.365545
103.288090 -1.411317
103.352780 -0.112949
103.433110 0.160085
103.514890 -0.205034
103.580570 0.833272
103.727780 -5.651034
103.891110 0.765183
104.009030 -0.321113
104.058840 -1.051324
104.140140 -4.819591
104.238040 0.429465
104.271240 1.002407
104.484130 -0.475084
104.533200 0.062025
104.566890 0.173680
104.648190 -0.251477
104.682130 -0.131044
104.731450 0.408510
104.779300 -0.521222
104.845210 1.239308
105.075440 -0.613547
105.108150 0.415977
105.271970 -0.864208
105.338870 0.820854
105.404540 0.402646
105.469970 2.382710
105.666500 -1.742454
105.879880 0.148709
106.011230 0.980464
106.077640 0.175746
106.159180 0.096750
106.192140 0.572047
106.242430 -1.604000
106.275150 -0.310216
106.307370 -0.534485
106.357180 -0.904335
106.652590 -0.000464
106.702150 0.030692
106.767090 0.786486
106.897950 0.692619
107.002690 -0.766295
107.062990 0.699928
107.129390 0.760810
107.228030 0.524868
107.293460 0.633597
107.359860 3.076240
107.556640 0.114989
107.589600 0.015563
107.654540 1.824407
107.836180 1.707151
107.982670 0.300050
108.114500 1.998155
108.327880 0.245721
108.492920 -0.003398
108.590580 0.657595
108.722900 -0.494515
108.755130 2.284236
109.035640 0.255014
109.068850 -0.560950
109.231690 3.559586
109.511960 -0.644323
109.561040 0.200908
109.609860 0.170758
109.823240 0.350661
109.905030 -0.512866
109.954100 0.159615
109.988280 0.318015
110.036870 0.116621
110.137210 0.267411
110.201420 1.014255
110.316890 -0.150432
110.350590 -4.177011
110.546140 0.466490
110.578860 0.458088
110.660890 -0.171267
110.726810 -0.080660
110.792720 -0.585514
110.956790 -0.572647
111.022460 -0.882310
111.104980 -0.684042
111.154540 -0.242304
111.203610 -0.639663
111.317870 0.703629
111.383790 0.582551
111.482420 -0.625982
111.548340 -1.130429
111.646240 0.308209
111.712400 -0.854171
111.777830 0.431573
111.826900 0.722835
111.942140 0.300387
112.057860 -0.639371
112.172610 -1.509673
112.237300 0.149662
112.270750 0.262751
112.435790 0.514476
112.485110 0.082866
112.517330 -1.149538
112.631350 -0.265745
112.664310 1.226906
112.780270 -0.021963
112.812990 1.172770
112.910890 -0.600799
112.960690 0.139047
113.010010 -0.400664
113.059570 0.483956
113.142090 -1.568694
113.372310 0.362342
113.617430 0.003007
113.667720 -0.889563
113.700200 0.603230
113.765630 -0.728924
113.913820 -1.593892
113.995120 -0.742767
114.044680 1.089685
114.127440 -1.358126
114.209960 -1.085421
114.259030 0.155249
114.356200 0.698145
114.440190 0.160796
114.766850 0.786247
114.950680 1.591999
115.096440 1.646326
115.229000 -0.431597
115.294430 0.477391
115.376710 -0.156381
115.425780 -4.750526
115.521970 -1.373871
115.604250 -1.068131
115.637210 -0.431839
115.670410 0.108306
115.737790 0.293722
115.837890 -0.582084
115.885990 0.280190
115.985600 0.241497
116.049560 0.069155
116.163820 3.471508
116.559080 1.807352
116.706300 0.259133
116.755370 0.023000
116.788330 -0.517128
116.869870 2.880797
117.133300 -0.565668
117.165770 -0.707051
117.248780 0.761549
117.397220 -0.966587
117.445800 -0.557927
117.511720 -0.896391
117.544190 -0.214939
117.840580 1.719917
118.004880 -0.192694
118.087890 -2.622741
118.398680 -0.743565
118.531250 0.115607
118.580570 0.488176
118.646000 -0.257999
118.695070 -0.456879
118.728270 -0.396152
118.776860 2.087710
118.957760 0.849129
119.073240 1.468683
119.384030 0.923381
119.516360 -2.220621
119.744140 0.309128
119.826420 -0.046239
119.877690 0.834290
120.075200 -2.338927
120.156250 -0.591122
120.205570 -0.294233
120.255130 -0.986155
120.370360 -0.347235
120.419920 1.293223
120.533940 0.196003
120.567140 0.638511
120.748050 0.745307
120.846440 -0.735338
120.896000 -0.696902
120.927730 -0.297495
120.977540 0.146384
121.076170 -0.198059
121.174800 2.437605
121.454350 1.356054
121.553220 0.966161
121.635500 -0.401344
121.849850 0.249628
121.898930 -0.492556
121.931880 -0.313484
121.982670 4.746863
122.325680 2.523252
122.523680 -0.719245
122.589110 0.741379
122.720210 -0.243795
122.769290 1.475260
122.916990 -0.001245
123.015870 0.119764
123.080810 1.840928
123.228760 0.422480
123.311770 0.262387
123.360840 -2.944838
123.573730 1.077724
123.770750 -3.142648
123.902590 3.533987
124.230470 -1.563800
124.312500 1.158566
124.411620 0.051283
124.444090 -0.167976
124.493900 -0.467003
124.542720 -0.404006
124.608640 -0.400015
124.642090 0.449186
124.739990 -0.635554
124.855220 -0.132286
124.888430 -0.137329
124.920170 -0.880686
124.986820 -2.853617
125.118900 -0.524603
125.184080 0.180178
125.217770 0.013524
125.299560 1.094683
125.398190 0.395868
125.447750 0.611536
125.528810 0.368743
125.641600 -0.718448
125.727290 -0.417518
125.776120 0.319355
125.825200 0.703651
125.906250 -0.365352
126.037840 6.974408
126.563720 3.291608
126.908450 2.782406
127.237790 -0.561130
127.302250 -0.349114
127.335690 -1.883282
127.467040 2.061929
127.745850 0.670114
127.828370 -1.466525
127.943360 0.849763
128.075200 -0.490269
128.124510 -0.699066
128.223390 -0.170366
128.288330 1.130549
128.436280 1.073785
128.567140 0.096918
128.649170 2.483477
128.863040 0.411676
128.929440 1.076683
129.027830 1.800704
129.224120 -2.764273
129.421880 0.971720
129.520510 -0.879056
129.651610 0.518980
129.685060 0.053558
129.717770 0.076170
129.815670 0.239704
129.947750 -0.088681
130.013430 0.151083
130.062260 -0.418549
130.112550 0.041037
130.144780 0.553939
130.260250 -0.353710
130.343020 -0.822730
130.424560 0.604348
130.508060 0.434571
130.588620 0.540141
130.704590 0.998918
130.802000 -0.009077
130.934080 -3.370438
131.147950 0.795218
131.328860 2.031178
131.542240 1.091757
131.640380 1.466606
131.787840 2.757859
132.034420 1.947927
132.247800 -0.519144
132.280270 0.008540
132.329350 0.154371
132.379390 0.054989
132.428960 0.135387
132.478270 -3.289716
132.644290 1.069515
132.773440 0.229748
132.839110 -0.814907
132.906010 0.138771
132.954100 1.927926
133.103030 -0.405538
133.234130 0.776587
133.301030 0.071611
133.513920 0.493454
133.677980 1.932173
133.825200 -0.950679
133.873780 1.612917
134.071040 1.297943
134.251950 -0.114682
134.317140 -2.351998
134.365720 -0.524759
134.399660 -0.071400
134.480960 -0.425964
134.548100 0.394974
134.580320 -0.150446
134.612790 -0.581010
134.662840 -0.148487
134.694340 1.034438
134.908690 -2.641515
134.990480 -0.773041
135.155030 0.279738
135.386470 -3.987662
135.549800 0.444618
135.632570 -0.818638
135.698000 2.759133
135.927490 -0.902097
135.993900 1.038074
136.158450 -0.438647
136.240230 6.083398
136.816160 1.033704
136.913570 -0.365988
136.979250 -1.772480
137.044920 -0.023914
137.111570 1.452380
137.209960 -0.983919
137.308350 0.827308
137.488280 0.396671
137.554690 0.396671
