0.000000 768.919200 454.671000
0.016110 761.796000 420.630000
0.032710 762.451200 423.811500
0.048580 793.598400 448.434000
0.064940 816.093600 580.303500
0.081050 817.740000 588.189000
0.096680 797.244000 518.280000
0.112550 785.954400 457.117500
0.129640 784.694400 451.059000
0.147220 781.435200 438.448500
0.163570 819.050400 503.380500
0.179200 818.059200 497.658000
0.196040 789.516000 482.611500
0.212160 765.324000 493.374000
0.228520 767.356800 501.837000
0.244630 794.203200 499.443000
0.262210 780.057600 530.743500
0.278080 782.745600 541.936500
0.294430 785.467200 526.050000
0.311280 753.597600 511.129500
0.327640 752.841600 508.273500
0.345700 792.456000 522.301500
0.361080 796.252800 565.246500
0.377440 793.850400 554.694000
0.393070 624.708000 454.818000
0.410640 627.614400 424.000500
0.426270 626.203200 420.504000
0.442870 589.814400 455.028000
0.459960 630.621600 496.786500
0.476320 633.124800 502.467000
0.491460 652.226400 482.559000
0.509280 629.109600 466.116000
0.524410 627.732000 462.955500
0.541260 629.311200 476.710500
0.557620 620.709600 456.288000
0.573730 618.139200 450.292500
0.591060 656.359200 465.549000
0.607420 566.848800 174.405000
0.623290 568.243200 178.815000
0.639890 572.073600 42.577500
0.656740 569.990400 19.488000
0.674800 574.408800 34.387500
0.738280 545.647200 44.173500
0.754880 562.900800 22.638000
0.771000 565.975200 32.497500
0.787600 535.550400 14.700000
0.804690 538.860000 20.097000
0.820560 542.371200 30.765000
0.836910 529.788000 13.009500
0.853520 534.811200 8.284500
0.885990 536.440800 15.015000
0.934570 508.687200 31.038000
0.951420 570.225600 6.877500
1.461910 893.592000 0.777000
1.478270 908.140800 20.475000
1.626460 928.888800 12.064500
1.790040 1003.245600 31.258500
1.893800 1057.039200 9.313500
1.905520 1056.451200 14.175000
1.921140 1085.196000 1.333500
2.414060 1060.264800 13.671000
2.431150 1023.136800 47.428500
2.463380 1026.883200 0.126000
2.611570 1009.377600 3.339000
2.628420 983.270400 26.964000
3.401370 559.440000 23.782500
3.646000 683.877600 4.819500
3.660640 717.309600 23.520000
3.679690 716.368800 17.965500
4.038570 772.548000 3.055500
4.284670 782.644800 45.507000
4.303710 877.161600 61.330500
4.320070 876.892800 56.196000
4.336180 804.552000 78.666000
4.352540 815.539200 80.713500
4.368650 816.026400 85.732500
4.385250 823.804800 85.617000
4.402100 839.613600 112.360500
4.417480 839.160000 107.488500
4.436280 805.711200 94.741500
4.453130 794.438400 98.091000
4.468990 794.388000 97.660500
4.485600 748.440000 99.771000
4.502930 680.652000 70.623000
4.534910 709.413600 99.477000
4.551760 641.272800 107.656500
4.567630 644.078400 118.135500
4.584230 644.901600 85.249500
4.601320 630.201600 93.450000
4.633060 686.162400 81.543000
4.649170 673.764000 102.501000
4.665280 672.403200 97.156500
4.681400 682.348800 60.879000
4.697510 693.604800 68.722500
4.714110 691.420800 58.443000
4.729740 589.377600 56.080500
4.746580 517.608000 37.033500
4.763670 519.607200 42.745500
4.780520 515.104800 27.079500
4.796630 524.479200 31.584000
4.812990 528.225600 42.441000
4.828860 528.880800 42.010500
4.846190 561.472800 71.421000
4.863040 564.614400 80.976000
4.879150 570.410400 90.583500
4.895260 576.122400 93.418500
4.928220 592.082400 94.888500
4.943850 553.308000 76.513500
4.960940 550.082400 66.895500
4.976810 670.168800 90.888000
4.993650 652.411200 71.232000
5.010740 649.672800 60.238500
5.025880 674.402400 102.837000
5.042970 668.068800 137.319000
5.075680 671.764800 97.324500
5.092290 677.292000 124.971000
5.108640 679.761600 135.271500
5.124510 695.772000 120.739500
5.141850 656.846400 94.300500
5.174070 842.973600 32.917500
5.191160 1044.103200 8.589000
5.223390 1088.186400 17.650500
5.288570 1111.488000 16.831500
5.321530 1101.559200 2.152500
5.388670 1140.400800 18.721500
5.403560 1141.190400 13.419000
5.420650 1061.054400 36.046500
5.634280 1138.754400 11.571000
5.651120 1136.788800 22.596000
5.766110 574.056000 22.669500
5.782470 553.694400 3.234000
5.814450 553.459200 6.121500
5.962400 606.463200 26.491500
5.979490 661.130400 3.832500
6.011470 694.478400 24.706500
6.127200 678.888000 10.962000
6.159420 648.597600 7.003500
6.226070 763.610400 6.804000
6.242190 762.988800 1.543500
6.275390 798.403200 2.772000
6.291500 799.646400 13.650000
6.357180 805.744800 50.169000
6.456050 868.694400 12.621000
6.473630 888.417600 36.162000
6.521480 901.185600 18.532500
6.554690 889.341600 6.709500
6.572270 883.948800 3.811500
6.702390 696.612000 13.072500
6.718990 696.847200 11.928000
6.882570 725.004000 4.641000
6.900150 694.596000 15.004500
6.915770 693.504000 7.192500
6.931880 692.311200 0.640500
6.947750 699.400800 32.266500
6.965090 756.470400 9.040500
6.981200 757.008000 13.576500
6.997310 757.125600 220.164000
7.012450 876.439200 159.400500
7.028560 876.506400 161.049000
7.094480 898.195200 75.652500
7.111570 864.427200 127.953000
7.143800 837.631200 109.872000
7.160640 836.102400 108.685500
7.193120 825.636000 46.693500
7.212160 815.052000 47.890500
7.441410 903.033600 6.867000
7.457280 911.383200 14.101500
7.473880 911.400000 19.173000
7.736570 892.096800 39.879000
7.753170 881.479200 46.336500
7.770020 881.596800 50.998500
7.785890 890.433600 24.412500
7.802730 896.935200 24.160500
7.819580 896.632800 14.721000
7.835450 888.568800 20.370000
7.852050 902.479200 27.415500
7.885740 878.018400 22.701000
7.950680 990.477600 5.113500
8.129390 954.492000 1.186500
8.145750 979.692000 17.272500
8.178470 1065.607200 47.722500
8.197020 1063.238400 42.126000
8.211430 1062.163200 51.555000
8.227540 1077.837600 27.048000
8.246830 1046.539200 17.409000
8.262450 1046.236800 22.270500
8.279790 1034.728800 20.569500
8.295410 1047.849600 20.958000
8.311770 1048.454400 15.792000
8.329830 1075.334400 37.810500
8.345210 1030.041600 15.865500
8.361080 1030.831200 6.468000
8.377690 1084.692000 28.770000
8.394530 1077.619200 45.927000
8.410160 1078.358400 40.803000
8.542970 1021.792800 43.743000
8.558110 1022.145600 38.482500
8.574950 1022.128800 19.225500
8.673580 1036.644000 11.455500
8.690430 1018.432800 4.630500
8.788330 1068.748800 14.427000
8.805420 1066.850400 29.946000
8.821290 1098.316800 22.417500
8.837400 1092.806400 17.556000
8.854250 1094.083200 8.221500
8.968510 1127.011200 33.831000
8.985840 1095.225600 23.446500
9.001710 1094.587200 28.203000
9.018310 1112.764800 68.512500
9.034420 1105.725600 51.597000
9.050540 1106.548800 46.609500
9.066650 923.630400 46.588500
9.083500 684.902400 47.439000
9.099610 684.986400 47.838000
9.116700 572.174400 29.578500
9.133060 567.151200 40.131000
9.148930 563.488800 28.476000
9.215330 599.961600 27.373500
9.231200 589.192800 47.691000
9.263180 579.028800 14.290500
9.280760 566.529600 4.651500
9.297610 569.536800 14.479500
9.313720 573.249600 31.416000
9.328370 576.240000 54.358500
9.344730 582.825600 75.526500
9.360840 592.569600 89.859000
9.376950 598.264800 81.690000
9.410160 598.869600 82.824000
9.426510 591.410400 62.212500
9.442870 588.436800 52.237500
9.458980 582.304800 40.183500
9.478270 583.867200 31.878000
9.493410 580.893600 21.892500
9.509280 642.448800 46.651500
9.526860 665.884800 65.016000
9.542240 663.280800 54.012000
9.558840 668.119200 0.609000
9.607670 650.059200 10.143000
9.625240 634.435200 12.873000
9.641600 637.324800 24.318000
9.657230 642.264000 43.911000
9.673830 619.785600 42.693000
9.707280 622.423200 31.878000
9.723880 646.581600 31.363500
9.757810 664.356000 9.964500
9.772460 732.429600 27.846000
9.805180 752.740800 49.150500
9.821530 750.590400 63.640500
9.855220 751.279200 28.329000
9.872560 739.082400 47.008500
9.903560 705.096000 34.555500
9.919920 685.994400 37.117500
9.952880 709.447200 24.087000
9.970210 722.551200 33.589500
10.002200 672.336000 22.638000
10.018550 645.103200 25.693500
10.035160 643.792800 20.013000
10.051510 655.418400 21.567000
10.117190 630.319200 13.608000
10.133790 633.108000 24.559500
10.149900 625.884000 1.102500
10.166500 633.124800 4.662000
10.182860 634.435200 9.754500
10.199460 651.168000 43.543500
10.215820 643.456800 36.781500
10.231930 643.322400 35.290500
10.264890 717.343200 9.849000
10.363770 792.120000 3.223500
10.445800 776.647200 0.252000
10.478270 757.024800 2.488500
10.691890 918.019200 6.573000
10.710690 898.783200 17.608500
10.726810 899.119200 28.276500
10.743160 904.444800 37.653000
10.759770 917.767200 30.723000
10.792240 896.716800 25.473000
10.810060 875.162400 28.917000
10.825680 875.649600 33.757500
10.841550 844.754400 39.816000
10.858640 864.410400 71.998500
10.875240 864.645600 71.064000
10.890870 888.266400 63.976500
10.908450 880.404000 57.739500
10.924560 879.614400 43.732500
10.940190 820.058400 30.198000
10.987790 837.295200 9.114000
11.004390 840.134400 2.709000
11.137700 550.737600 4.641000
11.252200 577.298400 17.482500
11.285160 567.369600 32.476500
11.301760 558.952800 39.984000
11.335210 634.519200 42.189000
11.349370 667.464000 24.391500
11.365970 666.254400 18.732000
11.382320 645.036000 0.420000
11.529790 685.087200 1.564500
11.546630 692.882400 20.097000
11.628170 661.920000 18.007500
11.661380 645.489600 3.454500
11.696040 628.874400 3.381000
11.745850 703.634400 13.492500
11.792480 691.992000 10.615500
11.825680 698.846400 3.433500
11.841310 696.763200 24.150000
11.874510 716.032800 47.082000
11.893800 725.457600 30.093000
11.909910 726.247200 35.479500
11.926030 706.305600 48.919500
11.940190 702.374400 44.058000
11.956790 704.508000 54.652500
11.973140 716.805600 28.182000
11.989750 759.276000 12.946500
12.006100 757.562400 1.512000
12.039060 810.146400 16.275000
12.055420 810.801600 21.220500
12.071780 826.963200 33.862500
12.088130 826.459200 18.763500
12.104490 827.786400 34.902000
12.120850 828.592800 28.014000
12.137450 830.356800 39.112500
12.154300 829.516800 29.725500
12.170170 813.607200 13.587000
12.238040 908.241600 21.441000
12.254150 908.325600 25.872000
12.271240 905.335200 28.276500
12.288330 910.963200 48.856500
12.304440 910.996800 50.715000
12.321290 912.223200 23.992500
12.337650 920.976000 14.196000
12.369870 878.085600 18.259500
12.386720 870.105600 24.843000
12.419430 936.566400 20.212500
12.434080 1005.446400 31.416000
12.450200 1006.135200 20.359500
12.466550 1014.988800 5.932500
12.483400 1010.284800 8.211000
12.631590 1097.560800 29.473500
12.649170 1099.089600 18.826500
12.714840 1131.748800 3.601500
12.731450 1140.770400 15.634500
12.747800 1138.804800 26.586000
12.780760 1005.967200 18.595500
12.829830 577.298400 65.562000
12.860600 564.933600 41.191500
12.876710 583.161600 27.132000
12.893310 584.455200 31.363500
12.909670 599.844000 36.708000
12.927980 619.113600 27.079500
12.942630 617.668800 21.861000
12.958980 588.268800 21.325500
12.975590 577.852800 6.940500
12.991940 578.155200 8.011500
13.008540 552.417600 16.548000
13.028810 586.387200 5.953500
13.057860 583.212000 6.331500
13.076900 577.449600 16.926000
13.106930 584.791200 30.565500
13.123540 592.250400 54.358500
13.155760 561.926400 51.607500
13.172610 556.365600 25.536000
13.205810 608.832000 76.891500
13.223880 583.598400 88.998000
13.241210 581.834400 83.611500
13.256840 554.635200 100.075500
13.273930 552.333600 78.078000
13.290280 550.737600 73.227000
13.307370 539.565600 5.271000
13.322750 541.027200 20.328000
13.339600 546.000000 35.416500
13.356200 546.554400 100.852500
13.372310 552.854400 153.100500
13.389400 554.416800 157.405500
13.405270 572.661600 106.911000
13.419430 576.643200 88.546500
13.435790 576.979200 89.565000
13.452390 581.649600 119.815500
13.468750 536.020800 101.283000
13.484860 532.660800 91.885500
13.500980 547.428000 33.411000
13.518310 573.350400 5.953500
13.550780 626.404800 42.693000
13.567630 590.738400 33.337500
13.583500 595.324800 48.321000
13.600100 983.220000 87.958500
13.618900 1024.564800 105.094500
13.635740 1024.749600 104.233500
13.651370 1058.836800 90.751500
13.667720 1035.132000 62.517000
13.684570 1037.047200 39.490500
13.699710 1061.323200 22.995000
13.717290 1040.844000 31.426500
13.732670 1039.869600 41.832000
13.749510 1011.108000 43.270500
13.766360 1016.803200 34.912500
13.799070 1054.200000 59.104500
13.813230 1019.944800 90.153000
13.845700 912.088800 28.455000
13.864990 901.958400 42.346500
13.895510 891.492000 50.410500
13.914060 883.008000 38.314500
13.944820 887.628000 59.682000
13.964110 891.945600 66.990000
13.994870 912.945600 32.004000
14.012210 901.084800 42.651000
14.042970 897.758400 78.361500
14.059080 911.736000 54.274500
14.092770 907.284000 50.347500
14.109380 911.181600 50.232000
14.142330 965.916000 54.726000
14.158690 1055.292000 37.569000
14.191890 1044.909600 26.985000
14.208500 1057.862400 24.391500
14.242430 1066.447200 14.973000
14.259520 1041.583200 23.656500
14.289550 1046.421600 47.596500
14.306150 1038.592800 58.107000
14.343750 1104.146400 39.091500
14.359620 1045.060800 50.935500
14.389160 1084.070400 17.860500
14.408940 1078.308000 29.326500
14.440920 1076.796000 9.576000
14.458250 1034.157600 38.671500
14.489500 568.428000 0.525000
14.503660 520.648800 45.003000
14.536130 531.501600 62.937000
14.552730 571.435200 61.446000
14.568850 573.048000 66.129000
14.585210 574.929600 36.067500
14.602050 553.257600 63.924000
14.618410 554.803200 68.533500
14.634280 542.976000 74.193000
14.653320 510.535200 65.110500
14.667480 507.074400 55.755000
14.683590 495.465600 45.801000
14.701900 530.510400 61.110000
14.733150 671.983200 40.519500
14.752440 689.774400 35.910000
14.783690 674.503200 24.675000
14.800290 661.600800 17.409000
14.817630 658.963200 5.901000
14.882810 645.103200 1.785000
14.899170 637.022400 7.003500
14.916020 638.568000 13.251000
14.931880 627.900000 17.787000
14.949460 636.736800 28.108500
14.967770 637.005600 29.158500
14.983890 641.373600 38.892000
14.997800 633.561600 22.270500
15.047360 566.092800 22.092000
15.064210 567.739200 27.300000
15.080080 682.500000 42.273000
15.097170 774.379200 78.750000
15.111820 775.135200 83.076000
15.127440 741.552000 79.369500
15.143310 744.945600 71.788500
15.159910 743.400000 62.632500
15.176510 754.370400 24.559500
15.193120 755.092800 47.523000
15.226070 736.696800 16.107000
15.243160 766.533600 53.014500
15.276120 743.836800 44.215500
15.296390 759.847200 82.362000
15.309330 758.167200 71.610000
15.326420 763.056000 42.619500
15.345700 768.196800 15.319500
15.376220 866.073600 0.168000
15.392820 857.052000 48.909000
15.409180 857.791200 59.818500
15.426030 848.198400 28.119000
15.441410 904.982400 32.760000
15.476810 897.674400 27.793500
15.491210 890.954400 30.313500
15.523680 909.854400 50.893500
15.541020 898.850400 26.134500
15.557130 898.497600 14.952000
15.588870 827.870400 5.565000
15.654300 856.564800 5.565000
15.670650 949.855200 51.838500
15.686520 1048.504800 59.451000
15.719240 1021.860000 45.013500
15.735840 1025.757600 38.503500
15.769290 1009.562400 28.959000
15.785160 1001.380800 49.339500
15.819580 1002.825600 17.986500
15.836910 998.172000 35.889000
15.869630 996.072000 27.331500
15.885740 983.925600 32.592000
15.918210 1082.054400 40.729500
15.934330 1090.000800 56.175000
15.967770 1111.471200 69.069000
15.984130 1116.444000 56.784000
16.016600 836.505600 12.442500
16.033690 616.761600 6.090000
16.066410 552.031200 68.271000
16.083010 564.597600 68.124000
16.114990 544.924800 70.896000
16.132810 552.350400 40.078500
16.164550 548.385600 73.069500
16.181150 541.816800 67.042500
16.197020 543.244800 71.253000
16.213380 546.453600 88.651500
16.229490 541.480800 58.873500
16.247800 537.835200 48.132000
16.263670 534.441600 40.624500
16.279790 522.144000 19.183500
16.313960 643.591200 39.616500
16.329100 588.789600 64.774500
16.345460 590.436000 70.119000
16.362060 593.476800 58.222500
16.378660 596.114400 41.506500
16.395260 596.416800 42.546000
16.410640 620.911200 77.668500
16.426760 603.708000 47.166000
16.459230 624.926400 84.451500
16.475590 615.501600 43.596000
16.508540 632.452800 43.165500
16.525390 613.788000 44.247000
16.542480 612.024000 38.797500
16.557860 740.712000 77.469000
16.574710 751.951200 80.619000
16.591800 751.111200 75.610500
16.607910 761.628000 101.325000
16.624270 690.446400 79.149000
16.639890 692.697600 89.428500
16.657230 700.728000 77.007000
16.673830 715.428000 94.132500
16.706300 695.906400 61.236000
16.722660 699.871200 62.527500
16.756100 665.145600 97.146000
16.771730 646.682400 73.731000
16.804200 649.706400 132.310500
16.823240 648.009600 128.152500
16.856200 684.600000 92.326500
16.871830 857.136000 57.949500
16.904300 893.844000 68.292000
16.920410 913.432800 55.986000
16.954590 890.719200 55.902000
16.971190 877.228800 88.221000
17.002200 929.796000 126.861000
17.018070 905.856000 107.835000
17.035400 905.856000 107.835000
17.052000 897.338400 92.127000
17.067870 909.283200 127.774500
17.083980 909.064800 122.598000
17.101070 917.246400 52.678500
17.120360 943.538400 67.389000
17.135740 943.672800 62.695500
17.152100 752.875200 95.781000
17.168460 742.929600 118.009500
17.185790 744.693600 127.858500
17.200680 717.561600 118.083000
17.215580 731.085600 127.774500
17.248780 737.889600 124.908000
17.265140 749.901600 106.942500
17.281490 748.960800 101.671500
17.299800 723.256800 108.874500
17.314940 758.368800 110.533500
17.331790 755.848800 95.581500
17.348390 722.920800 61.089000
17.364260 765.105600 79.789500
17.380860 766.617600 89.701500
17.396970 761.812800 116.739000
17.413330 782.376000 89.859000
17.430180 783.820800 100.443000
17.446040 819.991200 163.642500
17.462890 824.241600 162.939000
17.495360 811.070400 130.063500
17.512450 807.660000 108.097500
17.544680 811.272000 115.416000
17.562010 799.646400 131.040000
17.593990 727.288800 131.323500
17.611080 764.013600 132.016500
17.643310 762.115200 152.628000
17.660160 739.569600 126.304500
17.692870 748.692000 156.670500
17.709960 738.561600 137.109000
17.741940 732.916800 167.412000
17.758300 740.342400 159.295500
17.790770 748.776000 146.391000
17.807370 713.748000 176.862000
17.839360 710.959200 129.454500
17.856690 695.402400 132.961500
17.873050 696.343200 137.613000
17.888670 701.584800 132.625500
17.906490 693.420000 145.036500
17.922610 694.209600 149.005500
17.939210 675.208800 126.966000
17.958010 685.070400 135.051000
17.971920 684.146400 130.819500
17.989260 783.384000 127.102500
18.005130 777.638400 140.731500
18.021480 778.108800 144.858000
18.038090 761.325600 146.790000
18.057130 762.871200 138.600000
18.070310 760.636800 124.750500
18.087400 780.444000 104.916000
18.103520 773.724000 127.974000
18.119870 773.136000 123.322500
18.136230 781.972800 130.462500
18.152830 767.508000 157.300500
18.169430 768.196800 161.952000
18.185790 785.685600 129.223500
18.202390 794.959200 120.193500
18.218990 794.539200 115.647000
18.235110 769.473600 85.575000
18.251220 785.517600 109.095000
18.268070 786.878400 119.028000
18.286620 762.484800 184.422000
18.300540 827.568000 172.305000
18.317380 827.568000 172.305000
18.333500 779.251200 168.609000
18.350100 776.025600 158.770500
18.366460 775.437600 153.930000
18.385250 795.446400 143.325000
18.399170 786.525600 124.582500
18.415530 785.181600 114.912000
18.430660 795.765600 123.879000
18.447750 790.507200 129.255000
18.465090 789.734400 124.278000
18.480960 810.079200 173.659500
18.498050 816.093600 87.108000
18.514890 816.043200 86.688000
18.530270 797.160000 62.401500
18.547610 793.783200 79.264500
18.564450 795.093600 89.628000
18.579590 842.469600 121.716000
18.596920 825.535200 177.712500
18.615230 826.224000 182.742000
18.628910 777.571200 148.953000
18.646240 783.232800 148.543500
18.662840 782.527200 143.850000
18.678710 794.589600 125.107500
18.695310 791.784000 114.534000
18.709230 793.094400 124.372500
18.725340 803.577600 135.124500
18.741700 791.246400 130.662000
18.774900 800.200800 136.846500
18.791260 809.894400 137.140500
18.825930 791.985600 173.418000
18.840580 801.393600 168.829500
18.873050 794.640000 151.095000
18.889890 823.200000 165.826500
18.922850 778.092000 125.706000
18.939450 801.444000 139.251000
18.971920 872.692800 158.245500
18.990480 902.748000 143.944500
19.023440 865.636800 149.814000
19.043700 877.128000 120.393000
19.055910 876.573600 110.103000
19.072270 845.157600 106.312500
19.089110 858.933600 114.282000
19.121580 835.850400 96.736500
19.140380 837.715200 145.771500
19.169680 873.633600 144.858000
19.187740 845.544000 126.115500
19.218990 878.959200 140.353500
19.238280 884.335200 158.791500
19.254390 884.805600 168.577500
19.274170 850.886400 144.291000
19.284420 819.940800 127.459500
19.317140 936.516000 136.206000
19.333980 966.806400 144.469500
19.350100 966.537600 153.090000
19.366460 931.660800 137.875500
19.382810 930.232800 163.936500
19.415280 934.718400 148.155000
19.432130 916.322400 130.420500
19.448730 916.171200 121.548000
19.464840 922.252800 123.543000
19.481200 905.973600 105.178500
19.514400 1044.388800 165.501000
19.532960 1022.918400 99.865500
19.565920 1051.461600 144.963000
19.582520 1060.701600 179.728500
19.599850 1061.928000 170.152500
19.614750 1067.640000 85.239000
19.631590 1068.664800 92.872500
19.648440 1069.924800 82.771500
19.664310 1054.082400 77.721000
19.681400 1037.517600 110.743500
19.698240 1035.720000 129.171000
19.712890 1023.019200 158.854500
19.729490 1018.936800 151.000500
19.745120 1018.113600 161.028000
19.762210 998.306400 196.854000
19.778810 1027.740000 153.898500
19.795170 1028.529600 145.309500
19.811520 971.460000 148.396500
19.827880 1003.850400 162.288000
19.844730 1003.262400 170.751000
19.860840 1007.294400 172.011000
19.877690 1011.024000 130.662000
19.894530 1011.242400 125.664000
19.910160 1046.337600 108.234000
19.930180 1000.305600 95.214000
19.942140 1001.263200 81.469500
19.959470 1015.106400 83.107500
19.975830 1028.781600 111.195000
19.992190 1027.908000 120.886500
20.009520 1136.520000 136.930500
20.027100 1151.035200 160.177500
20.058350 1114.344000 168.682500
20.074710 1134.201600 170.898000
20.107910 1139.056800 208.099500
20.124020 1130.287200 171.916500
20.142820 1131.295200 167.307000
20.157230 1151.774400 155.452500
20.173580 1144.567200 138.663000
20.190430 1146.465600 129.412500
20.205810 1139.426400 125.265000
20.223140 1099.140000 120.393000
20.239750 1098.501600 125.128500
20.255620 714.369600 202.219500
20.271970 601.860000 147.682500
20.288820 604.917600 157.363500
20.305420 558.264000 135.733500
20.321530 548.990400 132.048000
20.354980 551.712000 147.514500
20.370120 579.482400 182.626500
20.403320 567.117600 142.128000
20.420410 578.692800 172.893000
20.452150 603.170400 142.737000
20.471680 584.791200 130.641000
20.501950 588.235200 157.615500
20.518550 589.108800 188.853000
20.551270 582.388800 149.856000
20.567870 597.105600 183.739500
20.583980 598.399200 187.750500
20.600590 667.615200 146.002500
20.617430 719.241600 169.659000
20.634030 718.888800 168.378000
20.650150 708.540000 137.508000
20.666500 722.517600 111.090000
20.684330 719.880000 97.692000
20.698490 656.090400 104.380500
20.716060 673.999200 91.864500
20.731930 676.384800 102.039000
20.748780 677.090400 143.787000
20.765380 685.608000 200.340000
20.781010 687.708000 208.708500
20.799800 688.531200 198.429000
20.814210 692.109600 227.440500
20.847660 707.128800 202.755000
20.863280 709.984800 193.494000
20.880370 708.086400 185.010000
20.896730 720.854400 143.272500
20.912600 713.025600 153.048000
20.929200 711.866400 147.861000
20.945560 727.053600 148.743000
20.963130 828.256800 121.905000
20.978030 827.736000 117.358500
20.994140 889.677600 110.964000
21.012450 872.961600 110.953500
21.027340 873.163200 115.584000
21.044430 869.534400 114.103500
21.060300 859.320000 118.020000
21.077150 858.631200 108.339000
21.093750 844.015200 103.971000
21.109860 838.622400 138.085500
21.128420 838.236000 133.140000
21.143310 835.833600 126.052500
21.159670 834.523200 82.131000
21.176270 835.413600 91.980000
21.192630 939.120000 113.704500
21.208740 946.562400 145.183500
21.225340 946.444800 155.053500
21.240970 953.215200 194.019000
21.257570 958.154400 172.158000
21.290530 895.036800 93.828000
21.306880 889.173600 141.288000
21.340820 933.290400 172.116000
21.355960 960.019200 186.679500
21.388920 941.119200 209.412000
21.406740 932.349600 124.278000
21.439210 877.934400 141.613500
21.455810 871.634400 148.071000
21.487300 935.272800 107.499000
21.504150 995.635200 116.581500
21.520260 994.980000 129.885000
21.536870 1050.974400 154.749000
21.553470 1028.277600 169.218000
21.569090 1028.025600 168.367500
21.585940 1027.236000 168.105000
21.602540 1070.210400 194.250000
21.619870 1072.965600 173.796000
21.635250 1060.584000 161.784000
21.652100 1008.554400 145.582500
21.669680 1007.731200 159.012000
21.684570 1054.032000 164.041500
21.701420 1033.855200 148.974000
21.717290 1034.846400 137.854500
21.734380 934.735200 124.614000
21.750240 837.496800 127.417500
21.767090 836.388000 114.597000
21.783200 683.323200 122.850000
21.799800 706.927200 123.270000
21.816410 711.144000 143.167500
21.833010 713.344800 149.446500
21.849370 713.899200 139.072500
21.865480 712.790400 133.969500
21.882080 708.170400 121.642500
21.898930 767.104800 161.574000
21.914790 765.576000 152.218500
21.930660 584.841600 147.945000
21.947510 558.700800 150.601500
21.963870 560.380800 155.683500
21.980960 558.684000 187.351500
21.997800 529.519200 161.710500
22.012700 533.232000 171.328500
22.029050 566.428800 171.349500
22.045900 532.560000 158.235000
22.062990 532.560000 158.235000
22.078860 584.841600 207.144000
22.095210 579.297600 164.860500
22.112060 577.634400 159.894000
22.128910 579.448800 217.140000
22.145020 564.564000 196.938000
22.161130 561.204000 187.782000
22.177980 560.196000 142.705500
22.194090 562.447200 148.606500
22.227540 577.281600 172.693500
22.243410 585.849600 169.974000
22.260250 587.563200 174.699000
22.275630 597.391200 169.323000
22.292480 599.978400 195.268500
22.309330 601.406400 199.699500
22.325680 691.672800 194.953500
22.342040 734.479200 154.875000
22.358150 733.740000 150.454500
22.374270 777.487200 207.574500
22.390630 760.838400 237.321000
22.406980 762.434400 246.046500
22.423580 781.284000 276.811500
22.440190 779.738400 212.730000
22.472900 732.362400 204.571500
22.489750 745.852800 233.404500
22.522220 727.104000 235.462500
22.539060 700.190400 246.582000
22.571530 731.572800 209.107500
22.588380 733.807200 209.538000
22.621340 709.665600 260.484000
22.637700 700.224000 243.421500
22.653810 698.964000 238.948500
22.669920 675.813600 179.392500
22.686770 681.021600 170.089500
22.703130 680.047200 165.375000
22.719730 660.912000 239.841000
22.735840 646.531200 202.902000
22.752200 649.185600 212.037000
22.768550 791.229600 190.848000
22.785160 863.940000 158.182500
22.801760 863.251200 148.239000
22.818850 905.217600 142.831500
22.836180 919.598400 127.354500
22.851070 919.464000 117.442500
22.867680 925.898400 137.655000
22.884280 929.426400 147.651000
22.900390 929.510400 165.606000
22.916990 941.354400 173.890500
22.932860 917.229600 256.620000
22.949710 917.397600 265.660500
22.967040 918.724800 248.724000
22.983890 934.852800 302.253000
23.015870 817.908000 245.280000
23.031980 814.447200 300.132000
23.064210 751.245600 161.385000
23.080570 738.108000 167.275500
23.114260 769.356000 193.756500
23.130620 758.116800 203.794500
23.146970 758.956800 207.921000
23.165530 757.478400 218.956500
23.179930 783.316800 236.029500
23.196780 783.854400 239.736000
23.212160 715.596000 229.635000
23.229250 693.134400 221.529000
23.245610 691.168800 213.601500
23.261230 699.098400 167.800500
23.278320 704.608800 194.617500
23.310550 707.716800 174.363000
23.327390 698.913600 250.540500
23.360110 705.331200 156.744000
23.376950 684.835200 195.982500
23.409420 671.899200 179.959500
23.426030 734.714400 188.517000
23.458980 733.790400 182.826000
23.476070 712.790400 180.295500
23.508060 767.944800 178.153500
23.524660 771.355200 164.787000
23.557130 767.911200 186.900000
23.573970 759.628800 178.962000
23.606450 824.712000 174.226500
23.623780 808.802400 171.475500
23.655760 835.984800 213.475500
23.673100 812.414400 199.164000
23.705320 641.676000 317.415000
23.721680 646.027200 305.235000
23.754150 646.077600 341.218500
23.770750 651.520800 338.047500
23.803710 607.538400 320.470500
23.820560 624.859200 366.334500
23.855470 633.628800 310.590000
23.871830 687.372000 330.739500
23.902830 789.818400 342.237000
23.918210 787.164000 345.618000
23.952390 799.327200 299.733000
23.970210 789.398400 299.428500
23.985110 788.558400 295.186500
24.001460 795.211200 359.089500
24.017580 909.249600 214.011000
24.034420 909.031200 213.528000
24.050780 1000.456800 227.682000
24.066650 995.534400 287.815500
24.082760 994.761600 299.376000
24.099370 994.173600 247.338000
24.115970 996.676800 229.183500
24.131840 997.180800 221.529000
24.147220 1014.266400 208.467000
24.165040 993.804000 223.156500
24.197750 945.134400 240.355500
24.214360 969.326400 247.978500
24.231450 969.242400 251.632500
24.247800 994.526400 238.213500
24.264650 1010.066400 225.981000
24.281490 1010.402400 220.458000
24.297120 1024.111200 205.338000
24.313720 1027.068000 173.628000
24.329350 1028.109600 160.933500
24.345700 957.650400 150.528000
24.362790 856.480800 176.295000
24.379150 857.068800 181.566000
24.395020 855.573600 183.183000
24.411130 842.268000 215.355000
24.428470 842.755200 219.681000
24.444340 875.834400 210.997500
24.460940 865.032000 212.656500
24.476810 864.393600 203.868000
24.493410 859.370400 149.898000
24.509770 871.852800 177.534000
24.525880 872.323200 182.311500
24.542720 849.676800 188.706000
24.560060 822.763200 207.312000
24.575680 824.342400 220.479000
24.592530 843.813600 183.361500
24.609130 832.322400 288.970500
24.626460 833.162400 296.310000
24.641600 848.971200 266.836500
24.657960 847.560000 287.196000
24.674320 847.106400 283.510500
24.691160 994.845600 227.577000
24.707760 982.464000 237.037500
24.723630 982.867200 229.414500
24.739990 966.772800 224.122500
24.756350 973.711200 275.635500
24.789310 965.815200 306.684000
24.805910 1014.300000 262.038000
24.838870 1023.943200 248.157000
24.854740 1040.272800 276.643500
24.871340 1041.297600 268.023000
24.887940 1128.153600 280.959000
24.904050 1047.866400 244.314000
24.920900 1048.941600 235.609500
24.937260 1086.909600 208.530000
24.955570 1138.972800 243.747000
24.970210 1137.074400 252.283500
24.986570 1060.701600 225.477000
25.002930 1081.768800 270.081000
25.036130 1114.159200 263.424000
25.052250 1129.615200 244.324500
25.084960 1114.344000 247.506000
25.101810 1103.642400 271.120500
25.118410 1102.012800 279.688500
25.133790 631.814400 231.210000
25.150390 609.789600 194.848500
25.166500 608.294400 190.081500
25.183350 599.592000 212.583000
25.200200 579.952800 183.855000
25.216550 576.727200 174.583500
25.232180 584.488800 177.523500
25.249760 574.644000 175.371000
25.281490 584.808000 199.888500
25.298830 570.108000 177.964500
25.331300 575.030400 188.118000
25.348140 565.152000 162.130500
25.364260 566.932800 167.233500
25.380620 574.677600 170.215500
25.397220 593.913600 199.668000
25.414060 597.038400 208.887000
25.429930 612.225600 253.438500
25.446780 579.566400 246.340500
25.462890 584.119200 258.499500
25.479000 596.366400 266.269500
25.495610 603.338400 251.853000
25.511960 604.581600 255.664500
25.529050 629.664000 264.558000
25.545410 603.523200 225.928500
25.561280 597.962400 209.538000
25.578610 616.492800 210.367500
25.594480 665.750400 224.395500
25.627440 840.604800 244.093500
25.644040 823.872000 242.088000
25.676510 835.346400 264.684000
25.693360 858.396000 271.005000
25.726320 868.375200 294.976500
25.742680 854.968800 302.599500
25.775150 872.692800 296.950500
25.791020 885.410400 306.705000
25.823970 912.072000 286.156500
25.840580 1062.499200 237.058500
25.873780 1013.594400 313.687500
25.890380 1036.660800 292.582500
25.922850 1021.860000 258.930000
25.939210 1019.844000 295.596000
25.972170 1054.620000 265.303500
25.988530 1024.884000 235.242000
26.005130 1024.581600 238.990500
26.021730 1029.033600 253.228500
26.038090 1027.488000 262.426500
26.054930 1027.152000 266.091000
26.071040 1041.146400 263.035500
26.087400 1017.861600 285.106500
26.104250 1018.533600 277.914000
26.119630 1028.193600 236.460000
26.136720 1055.308800 272.926500
26.168950 880.101600 258.930000
26.185790 868.274400 270.165000
26.201660 868.660800 273.934500
26.219970 859.336800 293.076000
26.235600 889.459200 285.138000
26.252440 889.694400 288.687000
26.268310 864.964800 302.043000
26.285400 865.804800 282.649500
26.301510 865.233600 275.352000
26.317630 859.756800 337.564500
26.335690 849.744000 326.739000
26.368160 728.884800 291.291000
26.386470 767.810400 295.848000
26.415770 752.455200 320.092500
26.432370 759.124800 339.444000
26.464840 743.433600 283.930500
26.481930 739.435200 284.791500
26.515140 765.021600 279.037500
26.531250 744.508800 267.004500
26.547120 746.104800 274.743000
26.564450 745.500000 278.271000
26.580320 754.286400 276.129000
26.613280 776.361600 291.658500
26.629640 766.516800 274.512000
26.646240 765.088800 266.773500
26.662840 722.164800 291.249000
26.678470 769.507200 310.296000
26.712160 736.713600 321.037500
26.728030 728.481600 304.374000
26.761230 752.052000 316.260000
26.777100 772.279200 346.405500
26.809810 766.550400 306.138000
26.826420 754.588800 295.333500
26.859620 755.378400 252.819000
26.875730 744.492000 259.171500
26.909180 717.259200 281.746500
26.925290 749.128800 303.754500
26.959230 793.968000 294.756000
26.976070 926.822400 241.605000
27.009520 988.478400 257.796000
27.027340 1007.529600 250.204500
27.056640 998.575200 296.016000
27.073240 979.456800 280.665000
27.105960 971.628000 332.556000
27.122800 964.320000 312.595500
27.155270 971.527200 294.336000
27.172120 963.984000 318.318000
27.204350 944.899200 291.858000
27.221920 1026.177600 291.952500
27.253910 1078.560000 281.116500
27.270260 1063.322400 275.089500
27.286380 1062.247200 282.555000
27.302730 1091.647200 299.365500
27.320310 1108.749600 333.238500
27.353520 1092.571200 315.304500
27.369140 1094.452800 332.283000
27.385250 1095.813600 325.258500
27.401860 1087.245600 315.021000
27.418950 1101.441600 289.506000
27.451900 1073.654400 248.304000
27.467770 1087.615200 282.282000
27.484130 1086.338400 289.684500
27.500980 818.059200 351.529500
27.517330 722.954400 353.745000
27.533450 721.845600 349.387500
27.549800 683.860800 369.810000
27.566890 711.160800 353.850000
27.582280 709.195200 346.794000
27.599610 711.076800 373.632000
27.615480 684.868800 391.660500
27.631840 688.178400 402.360000
27.648680 667.900800 388.941000
27.666020 684.364800 403.714500
27.682370 682.315200 397.309500
27.697020 590.822400 353.094000
27.711670 613.653600 363.258000
27.747310 578.323200 330.319500
27.763180 605.220000 348.747000
27.780520 606.429600 352.306500
27.796140 574.341600 341.355000
27.812260 600.768000 367.720500
27.829590 604.900800 378.115500
27.845700 608.529600 394.464000
27.861820 565.168800 319.504500
27.878660 562.060800 312.154500
27.894040 611.116800 391.629000
27.909420 637.240800 429.796500
27.925290 631.797600 415.915500
27.941650 587.983200 359.163000
27.958250 578.709600 370.702500
27.974610 577.096800 366.775500
27.990970 589.982400 421.354500
28.008300 613.620000 403.357500
28.026120 615.098400 407.232000
28.040530 605.606400 400.438500
28.058840 609.453600 400.291500
28.075680 612.444000 407.547000
28.091550 556.164000 365.788500
28.106450 571.821600 426.300000
28.140630 556.651200 412.104000
28.157710 563.623200 408.544500
28.173830 565.118400 411.621000
28.190430 551.863200 409.458000
28.207030 563.505600 423.759000
28.223630 565.051200 426.919500
28.239750 587.496000 477.445500
28.254150 573.064800 389.686500
28.272950 571.485600 386.053500
28.288570 528.057600 367.363500
28.305660 564.463200 384.856500
28.321530 562.615200 381.192000
28.339840 557.424000 368.413500
28.354000 531.636000 374.818500
28.370610 531.988800 375.553500
28.387450 596.198400 384.793500
28.404300 592.569600 395.199000
28.436770 591.780000 375.007500
28.453860 624.842400 369.768000
28.471680 626.035200 373.191000
28.486820 650.160000 408.481500
28.502440 637.492800 414.529500
28.519290 639.945600 420.924000
28.535890 628.891200 405.678000
28.552000 628.303200 439.309500
28.568120 630.974400 445.809000
28.584720 727.238400 418.152000
28.601810 754.404000 437.041500
28.617680 754.202400 436.779000
28.634030 741.434400 457.285500
28.650150 730.212000 414.939000
28.667720 726.734400 401.520000
28.683110 709.632000 354.795000
28.699710 703.214400 344.116500
28.716310 704.306400 348.232500
28.732420 701.282400 355.771500
28.749020 730.648800 381.213000
28.765380 728.985600 374.640000
28.781250 838.387200 341.491500
28.797850 837.429600 329.259000
28.831050 881.244000 392.343000
28.847660 880.521600 395.545500
28.880860 855.607200 431.917500
28.896730 894.297600 364.507500
28.913570 894.633600 371.311500
28.931150 860.361600 460.519500
28.945800 860.664000 429.376500
28.962400 861.117600 432.526500
28.978520 871.281600 419.128500
28.995360 857.354400 448.696500
29.011720 856.900800 445.305000
29.027590 866.980800 399.672000
29.044680 839.731200 400.564500
29.062260 838.958400 394.201500
29.078860 806.904000 414.141000
29.095700 855.422400 407.263500
29.128170 836.774400 398.905500
29.144780 841.411200 423.958500
29.175290 879.916800 399.682500
29.191650 929.359200 377.118000
29.224370 1041.969600 350.616000
29.241210 1047.648000 450.523500
29.273680 1076.409600 396.543000
29.290530 1073.049600 402.108000
29.322510 1134.403200 408.145500
29.340820 1147.792800 399.399000
29.357180 1149.052800 394.915500
29.372800 1089.883200 434.112000
29.389400 1085.952000 422.142000
29.405760 1084.742400 428.053500
29.421390 1009.512000 359.394000
29.437990 959.431200 384.930000
29.454830 959.280000 389.350500
29.471920 952.711200 431.298000
29.488280 977.356800 408.376500
29.504640 977.709600 402.171000
29.521480 980.212800 361.389000
29.537840 984.530400 365.326500
29.570800 1000.339200 387.880500
29.586670 976.970400 427.665000
29.603270 977.373600 420.462000
29.620120 1087.447200 367.605000
29.636470 1099.560000 325.783500
29.668700 1080.979200 355.498500
29.685300 1091.042400 389.319000
29.702390 1089.530400 396.732000
29.718260 1127.364000 365.631000
29.734860 1115.419200 400.249500
29.770510 980.817600 416.083500
29.784180 838.656000 371.406000
29.801030 838.908000 374.293500
29.817140 697.552800 469.581000
29.833980 690.312000 432.537000
29.850340 689.068800 429.040500
29.866700 672.957600 421.921500
29.883060 707.464800 398.559000
29.899170 707.666400 399.262500
29.915280 688.262400 375.616500
29.930910 681.979200 393.823500
29.948240 683.004000 397.068000
29.963620 700.946400 379.449000
29.980710 681.945600 423.727500
29.997800 684.028800 430.017000
30.012700 640.836000 399.262500
30.030270 605.186400 503.317500
30.062500 613.099200 552.373500
30.079590 572.628000 473.193000
30.112060 582.103200 493.279500
30.128660 547.965600 451.363500
30.146000 546.268800 448.203000
30.161870 574.812000 468.667500
30.178960 642.936000 470.809500
30.198490 640.550400 464.961000
30.211670 658.896000 504.021000
30.226810 627.379200 486.580500
30.259520 577.214400 493.720500
30.277100 578.558400 414.708000
30.309080 627.110400 485.226000
30.325440 623.464800 446.439000
30.341800 626.085600 452.697000
30.358640 586.756800 431.665500
30.375000 613.351200 474.379500
30.391360 616.140000 480.532500
30.408450 594.518400 478.873500
30.423830 610.344000 499.737000
30.440190 607.504800 493.731000
30.456540 701.836800 437.419500
30.472660 707.935200 452.508000
30.490480 706.977600 449.431500
30.506840 700.980000 438.868500
30.523440 724.852800 529.546500
30.538820 727.456800 537.684000
30.555660 756.352800 472.573500
30.572270 714.184800 492.334500
30.588870 712.336800 486.538500
30.605470 749.229600 482.905500
30.621340 621.885600 465.160500
30.639400 619.231200 459.028500
30.655030 510.232800 490.329000
30.670410 597.928800 591.853500
30.703610 537.919200 482.527500
30.719480 601.221600 533.746500
30.752690 588.806400 550.263000
30.769290 598.248000 437.104500
30.802250 600.196800 488.407500
30.818600 566.529600 496.156500
30.835450 569.620800 502.026000
30.853030 651.268800 598.479000
30.867920 611.419200 523.435500
30.884770 614.224800 529.158000
30.900390 595.106400 508.242000
30.916990 597.945600 525.535500
30.933590 595.005600 519.750000
30.949460 576.055200 508.263000
30.966310 615.199200 541.800000
30.982910 612.494400 536.340000
30.999270 776.680800 447.909000
31.015870 797.664000 490.917000
31.032960 798.823200 496.713000
31.048340 810.616800 527.614500
31.065430 773.102400 479.745000
31.081050 773.774400 482.758500
31.097900 802.183200 565.015500
31.114750 795.799200 487.620000
31.131350 795.160800 484.396500
31.146970 816.463200 577.878000
31.163820 832.591200 532.812000
31.180180 831.768000 527.562000
31.195800 843.864000 505.680000
31.212650 853.540800 595.959000
31.228760 854.229600 600.810000
31.245120 978.062400 519.340500
31.261720 934.332000 593.019000
31.295170 925.293600 529.609500
31.311520 941.136000 509.754000
31.327640 941.186400 504.147000
31.343990 917.716800 501.259500
31.361330 948.914400 598.059000
31.393550 946.512000 535.321500
31.409910 945.940800 583.453500
31.443120 973.795200 558.715500
31.459470 987.924000 545.674500
31.476320 987.470400 550.924500
31.491460 1087.077600 482.863500
31.509520 1106.498400 467.764500
31.523680 1105.003200 473.770500
31.541260 1117.082400 498.403500
31.557370 1052.755200 594.394500
31.574950 1053.796800 589.428000
31.592040 1099.795200 488.344500
31.609130 1145.760000 465.475500
31.625730 1146.784800 462.336000
31.639650 1102.819200 486.874500
31.656250 1104.230400 506.604000
31.673340 1102.819200 512.011500
31.688960 1085.414400 574.822500
31.706050 1086.976800 540.519000
31.740720 1089.295200 517.009500
31.755370 1041.616800 501.826500
31.771970 1040.676000 507.601500
31.787840 708.590400 664.849500
31.804690 638.080800 621.232500
31.838620 626.740800 562.432500
31.853520 636.669600 606.973500
31.870120 634.048800 601.912500
31.885990 644.582400 573.205500
31.902830 647.925600 575.389500
31.919430 650.428800 580.702500
31.935300 641.373600 598.626000
31.951900 601.305600 663.138000
31.969240 600.096000 661.153500
31.984860 589.310400 634.893000
32.002200 582.069600 607.236000
32.018310 577.298400 599.812500
32.034180 646.413600 625.285500
32.051760 643.339200 639.618000
32.066890 645.758400 644.080500
32.083500 618.643200 620.445000
32.100590 604.850400 635.722500
32.116700 601.977600 630.640500
32.132570 811.675200 549.055500
32.151370 842.923200 642.495000
32.168950 842.436000 638.515500
32.185060 852.499200 629.874000
32.200680 872.860800 501.942000
32.215090 873.936000 513.712500
32.231200 927.830400 707.269500
32.248780 925.478400 630.220500
32.264650 925.394400 627.837000
32.282710 870.508800 574.434000
32.297610 868.543200 606.144000
32.313720 868.744800 608.506500
32.330320 861.924000 537.274500
32.346680 884.822400 654.108000
32.363280 885.511200 661.258500
32.380370 829.819200 908.806500
32.401370 810.297600 606.091500
32.413570 808.147200 596.274000
32.428470 742.257600 590.709000
32.445560 756.168000 552.205500
32.461670 754.639200 546.871500
32.478270 737.772000 564.900000
32.495610 758.503200 633.318000
32.510740 759.981600 637.875000
32.526860 791.162400 604.506000
32.543460 758.738400 566.748000
32.576170 845.460000 677.208000
32.592770 825.686400 565.729500
32.625980 641.508000 664.765500
32.643070 637.476000 647.136000
32.658690 640.046400 651.745500
32.675780 598.080000 598.584000
32.691650 585.765600 608.338500
32.708250 584.270400 605.787000
32.727050 620.172000 695.635500
32.741210 626.673600 654.507000
32.757320 625.027200 651.882000
32.773190 573.182400 625.716000
32.790280 598.802400 599.256000
32.806880 596.047200 594.468000
32.824460 571.334400 622.293000
32.839110 561.892800 612.832500
32.871580 582.624000 623.112000
32.889160 570.393600 620.077500
32.906980 573.468000 624.834000
32.923100 627.900000 695.950500
32.943360 643.288800 667.516500
32.954830 646.968000 673.564500
32.971190 555.256800 570.087000
32.987790 537.314400 632.331000
33.003910 535.516800 629.706000
33.021240 588.621600 654.118500
33.038330 581.817600 659.442000
33.059080 575.853600 650.601000
33.070800 544.000800 636.709500
33.085940 691.555200 745.888500
33.102290 693.604800 749.511000
33.118410 669.144000 622.555500
33.135250 738.746400 746.413500
33.151860 741.804000 753.270000
33.167480 700.324800 677.260500
33.184570 714.873600 707.815500
33.200200 716.940000 711.648000
33.217530 748.927200 751.737000
33.233640 742.996800 724.615500
33.249760 738.175200 713.412000
33.267090 680.114400 639.166500
33.283200 667.161600 560.311500
33.299560 665.935200 557.508000
33.315920 845.107200 579.967500
33.332760 806.500800 701.956500
33.348390 807.206400 703.825500
33.364990 827.484000 618.891000
33.381590 864.460800 655.714500
33.397460 864.158400 653.457000
33.414060 880.773600 610.669500
33.430420 879.362400 629.958000
33.448730 880.286400 639.072000
33.465580 893.424000 631.123500
33.485110 902.109600 720.720000
33.497560 902.361600 722.830500
33.513180 854.868000 661.615500
33.530030 864.360000 612.034500
33.546390 863.133600 602.343000
33.562260 1055.090400 620.770500
33.578370 1081.264800 635.586000
33.595700 1081.735200 633.370500
33.611080 1073.772000 611.688000
33.627440 1078.610400 693.325500
33.644530 1077.417600 697.210500
33.660890 1141.526400 586.425000
33.677730 1102.903200 680.862000
33.709720 1132.084800 622.576500
33.726810 1110.429600 619.143000
33.743160 1109.740800 621.537000
33.759030 1085.498400 617.599500
33.776370 1088.656800 606.795000
33.792720 1087.816800 609.451500
33.810300 1148.044800 743.799000
33.824950 1158.108000 619.300500
33.841800 1157.251200 621.117000
33.857670 1188.146400 597.744000
33.874760 1175.193600 637.707000
33.892090 1174.320000 639.817500
33.908200 1160.896800 638.515500
33.929200 1165.668000 610.365000
33.940920 1165.332000 611.163000
33.956300 1176.336000 619.846500
33.973140 1150.867200 616.266000
33.989260 1151.925600 614.019000
34.005620 1173.345600 570.360000
34.022710 1171.027200 625.800000
34.038090 1173.950400 618.733500
34.055180 1033.284000 714.472500
34.071530 979.490400 730.453500
34.087890 979.507200 730.306500
34.104490 1056.921600 603.697500
34.121090 1056.888000 593.124000
34.138670 1055.829600 598.090500
34.153810 988.932000 679.465500
34.170170 971.964000 640.878000
34.186280 972.064800 638.893500
34.203130 1043.834400 637.413000
34.218990 1045.430400 618.702000
34.235350 1047.312000 609.504000
34.250980 1028.664000 610.984500
34.268550 1018.046400 563.419500
34.284910 1017.340800 568.491000
34.301030 1042.238400 547.890000
34.317380 1027.336800 639.019500
34.333500 1026.328800 643.503000
34.350830 1000.708800 696.874500
34.366940 1032.410400 640.678500
34.383300 1031.251200 646.800000
34.400150 1031.856000 610.984500
34.415770 896.448000 644.269500
34.432620 896.515200 645.036000
34.448970 681.744000 778.365000
34.464840 693.067200 775.992000
34.481690 691.975200 774.280500
34.498050 633.746400 821.793000
34.514400 681.458400 768.852000
34.531490 677.056800 761.817000
34.547360 670.941600 772.936500
34.563480 638.534400 771.393000
34.580320 637.324800 769.629000
34.596680 683.205600 753.732000
34.613770 603.153600 676.914000
34.628910 604.464000 678.993000
34.646000 609.403200 670.855500
34.663570 609.352800 698.901000
34.680180 608.042400 696.990000
34.695800 636.232800 690.501000
34.712650 639.777600 714.220500
34.729250 644.767200 722.064000
34.745360 649.555200 770.248500
34.761960 685.288800 795.133500
34.778810 687.540000 798.535500
34.794430 574.106400 725.203500
34.811040 578.491200 761.460000
34.843990 589.495200 742.591500
34.862060 633.040800 764.221500
34.893800 589.226400 738.685500
34.914310 594.652800 720.751500
34.927000 591.578400 716.614500
34.942140 581.548800 736.176000
34.958980 648.748800 768.348000
34.992680 712.370400 706.282500
35.011470 743.551200 768.747000
35.027590 745.264800 772.369500
35.041750 770.901600 842.761500
35.059570 695.990400 774.816000
35.091310 710.808000 767.266500
35.108400 699.350400 787.825500
35.140870 681.912000 699.069000
35.155030 701.299200 750.949500
35.189210 629.664000 758.268000
35.205570 627.799200 782.082000
35.237300 594.249600 754.729500
35.254640 572.157600 732.910500
35.287600 600.180000 747.946500
35.304690 618.693600 776.664000
35.320310 621.196800 779.835000
35.337400 608.882400 770.553000
35.352780 563.824800 756.273000
35.369380 568.327200 761.334000
35.386230 693.890400 818.044500
35.401860 665.767200 779.079000
35.420650 664.742400 777.252000
35.436040 716.016000 845.040000
35.455320 721.963200 845.628000
35.470210 718.586400 840.462000
35.484380 679.694400 818.118000
35.500490 684.129600 805.371000
35.533690 646.396800 772.915500
35.550290 665.397600 718.095000
35.565670 661.802400 711.721500
35.582520 712.756800 739.483500
35.599120 726.650400 665.437500
35.615720 725.894400 663.631500
35.633300 762.518400 751.380000
35.648440 753.614400 803.712000
35.664790 756.756000 810.064500
35.681150 762.820800 824.365500
35.696780 726.768000 752.031000
35.713870 724.886400 748.230000
35.729490 738.343200 770.343000
35.746340 756.453600 773.818500
35.763430 754.185600 768.705000
35.780030 756.688800 728.805000
35.796390 782.964000 691.803000
35.812740 781.720800 687.855000
35.829100 929.728800 811.860000
35.846190 879.732000 746.623500
35.862060 880.488000 751.884000
35.878420 870.424800 752.944500
35.894530 855.456000 732.963000
35.912110 855.892800 734.674500
35.927980 844.418400 685.261500
35.944820 861.873600 696.486000
35.960690 861.470400 694.512000
35.977290 876.556800 758.226000
35.993650 795.244800 721.507500
36.010010 797.664000 729.298500
36.025880 803.325600 748.860000
36.043210 815.052000 789.904500
36.059080 813.976800 786.460500
36.075930 797.479200 811.650000
36.092770 839.395200 819.168000
36.109620 838.034400 814.611000
36.124760 802.485600 781.588500
36.142090 782.796000 766.437000
36.157960 782.846400 766.584000
36.174320 761.157600 716.509500
36.190670 697.704000 837.406500
36.207030 699.770400 840.304500
36.222900 637.980000 819.084000
36.240720 616.862400 816.658500
36.256590 614.073600 813.540000
36.272950 640.180800 776.107500
36.289550 608.764800 771.330000
36.305910 610.125600 772.716000
36.322270 588.033600 809.739000
36.338130 605.488800 803.229000
36.354980 611.217600 809.655000
36.371830 609.873600 798.619500
36.387700 651.268800 832.398000
36.420170 579.532800 758.898000
36.436280 593.426400 854.427000
36.470210 580.574400 841.669500
36.485600 614.090400 810.180000
36.518800 718.065600 912.786000
36.535160 529.267200 774.679500
36.568360 617.702400 896.584500
36.584960 668.203200 895.230000
36.601560 667.161600 894.159000
36.617920 678.619200 910.644000
36.634030 623.683200 866.071500
36.650880 619.668000 861.934500
36.666750 581.162400 820.953000
36.683110 609.453600 846.373500
36.699460 609.336000 846.258000
36.715820 544.740000 841.785000
36.732180 557.373600 834.015000
36.749760 559.372800 835.537500
36.767580 627.160800 821.971500
36.782470 599.592000 858.333000
36.798340 603.624000 862.186500
36.814700 559.120800 951.867000
36.831300 593.762400 979.177500
36.845950 592.267200 978.232500
36.862300 557.239200 916.881000
36.880130 568.999200 977.193000
36.896730 563.152800 974.127000
36.913570 606.597600 954.450000
36.929690 579.062400 939.918000
36.946780 580.608000 940.768500
36.962650 542.119200 910.791000
36.979250 522.732000 936.904500
36.995360 524.244000 937.975500
37.012210 647.354400 788.056500
37.028810 671.580000 825.678000
37.044680 671.680800 825.804000
37.062010 664.238400 822.223500
37.077880 684.852000 838.141500
37.094970 683.407200 836.293500
37.110840 698.712000 864.307500
37.126950 587.143200 721.444500
37.143800 585.513600 719.092500
37.160160 669.160800 814.002000
37.176760 651.688800 752.566500
37.192870 652.780800 754.267500
37.208980 634.905600 790.345500
37.225590 656.292000 776.485500
37.242190 657.501600 778.302000
37.258540 709.732800 848.809500
37.274900 679.946400 822.108000
37.291500 677.829600 819.210000
37.307130 646.632000 791.427000
37.323730 663.684000 835.254000
37.340580 667.228800 839.622000
37.357180 668.824800 867.195000
37.373290 674.284800 745.773000
37.390380 676.519200 749.448000
37.406490 690.698400 808.006500
37.423100 718.284000 798.199500
37.438960 716.318400 794.797500
37.455810 678.854400 797.128500
37.472170 649.437600 739.063500
37.488530 650.512800 740.743500
37.504390 687.691200 768.358500
37.521730 706.809600 821.908500
37.537840 704.827200 818.895000
37.555660 867.501600 768.337500
37.570560 885.007200 834.477000
37.587160 884.436000 830.256000
37.603270 901.857600 801.318000
37.620120 904.898400 838.582500
37.636470 905.200800 842.835000
37.652340 925.008000 879.028500
37.668950 861.487200 776.926500
37.685550 861.520800 777.063000
37.701660 927.780000 849.618000
37.718750 890.652000 759.664500
37.734860 890.769600 761.439000
37.750730 884.822400 764.400000
37.766600 841.176000 795.448500
37.784180 841.142400 795.312000
37.799800 611.116800 879.102000
37.817140 564.782400 837.921000
37.833500 561.506400 834.949500
37.852290 577.147200 910.108500
37.868160 606.782400 886.819500
