0.080750 742.043400 350.209125 0.065610 50.847866 0.017760
0.164120 729.116640 399.386400 0.081120 108.608067 0.017520
0.262760 665.439600 311.403750 0.031800 79.750782 0.016660
0.311220 709.811200 377.671000 0.049860 209.231234 0.118660
0.479740 587.445600 207.952500 0.013060 77.378397 0.017030
0.509830 663.944400 196.318500 0.033140 206.813602 0.065310
0.608280 525.506400 42.673500 0.132260 89.250254 0.016480
0.757020 471.996000 114.103500 0.013370 112.632169 0.083740
0.854130 463.596000 1.785000 0.195980 131.246466 0.015810
1.065920 593.880000 17.650500 0.065850 64.192901 0.098390
1.230160 530.880000 29.968312 0.215090 159.944297 0.065860
1.511110 667.951200 112.392000 0.016360 76.833877 0.033020
1.560490 647.411520 38.354400 0.099790 142.699062 0.131280
1.791560 772.329600 107.336250 0.032110 87.360559 0.032840
1.856510 757.512000 21.241500 0.017760 61.936316 0.017760
1.892030 702.550800 49.796250 0.063540 101.247967 0.032100
1.987670 724.634400 148.606500 0.032350 57.574362 0.016780
2.036800 700.000000 96.568500 0.048650 131.475676 0.049680
2.135130 826.887600 130.998000 0.032720 72.393028 0.032650
2.200500 870.206400 72.996000 0.016110 85.785677 0.017770
2.234380 784.610400 78.697500 0.015990 72.112882 0.032470
2.282840 853.764800 99.141000 0.050170 196.110344 0.130800
2.463810 1049.820800 103.757500 0.049010 180.520677 0.066280
2.579100 884.150400 32.056500 0.015630 49.328468 0.017330
2.612060 931.177800 46.946812 0.180120 172.598997 0.098990
2.891170 1103.183200 32.644500 0.049500 85.517652 0.031990
2.972660 1090.857600 117.269250 0.049920 140.353137 0.097900
3.120480 1001.280000 9.219000 0.032410 65.620056 0.017460
3.170350 1047.496800 55.802250 0.031980 512.902833 0.132510
3.334840 539.515200 126.682500 0.016170 101.101512 0.033450
3.384460 477.036000 47.197500 0.015500 53.139962 0.016790
3.416750 515.659200 83.695500 0.016420 87.378615 0.034600
3.467770 594.014400 122.367000 0.032230 63.129693 0.017210
3.517210 551.031600 76.130250 0.031310 95.380467 0.065800
3.614320 477.926400 14.868000 0.015810 159.973190 0.065850
3.695980 539.355600 162.576750 0.197940 49.695112 0.015260
3.909180 511.929600 121.135000 0.098510 148.712041 0.049320
4.057010 656.863200 154.444500 0.017330 27.213880 0.015560
4.089900 630.050400 149.789500 0.066530 52.318290 0.032470
4.188900 577.773000 151.857562 0.131720 164.214344 0.049070
4.369690 739.300800 181.440000 0.017390 37.925256 0.016000
4.403080 710.357200 156.933000 0.099610 47.660059 0.309870
4.812560 739.697280 119.374500 0.165590 92.724006 0.015620
4.993770 814.968000 65.226000 0.016850 120.358313 0.032230
5.042850 870.189600 172.168500 0.016780 78.034725 0.032840
5.092470 817.088160 114.987600 0.081600 36.058737 0.016660
5.190730 823.216800 79.453500 0.016240 167.075667 0.049440
5.256410 979.994400 137.203500 0.015930 81.353406 0.017270
5.289610 901.145280 117.173700 0.083310 180.660301 0.065980
5.438900 1079.257200 86.936500 0.131110 41.190821 0.016970
5.586980 1044.069600 108.349500 0.019470 33.838762 0.012140
5.618590 1067.270400 132.982500 0.081120 573.004046 0.556940
6.256650 494.575200 151.793250 0.033510 129.362132 0.232000
6.522160 622.704218 169.612227 0.196350 165.959683 0.082450
6.800960 770.120400 93.381750 0.098330 42.230198 0.015930
6.915220 808.281600 75.295500 0.049680 149.462618 0.049930
7.014830 928.342800 164.314500 0.031620 38.368399 0.018800
7.065250 959.957600 142.574250 0.097350 101.730609 0.032350
7.194950 1023.724800 221.838750 0.032960 94.179256 0.033200
7.261110 993.921600 132.499500 0.015990 126.629464 0.033450
7.310550 1089.261600 215.838000 0.015440 67.921833 0.033200
7.359190 1025.858400 191.478000 0.016600 113.953777 0.032960
7.408750 1095.466400 101.255000 0.130500 568.122405 0.130490
7.669740 528.712800 140.668500 0.016360 37.190611 0.016960
7.703060 503.199900 113.608688 0.131170 18.892512 0.015990
7.850220 484.584800 110.383000 0.049930 104.069919 0.053400
7.953550 528.298400 204.827000 0.049440 65.477971 0.029240
8.032230 550.410000 266.458500 0.033200 150.215800 0.082760
8.148190 626.287200 136.815000 0.015510 111.925036 0.048520
8.212220 681.928800 233.929500 0.016720 32.602394 0.016120
8.245060 663.852000 206.797500 0.066460 71.188364 0.016180
8.327700 614.465600 155.526000 0.049500 113.685005 0.066340
8.443540 728.145600 156.592800 0.082340 41.641982 0.016480
8.542360 762.520080 180.097050 0.164550 80.497941 0.016360
8.723270 809.978400 245.117250 0.032590 23.158770 0.032470
8.788330 797.720000 225.468833 0.164860 126.999362 0.049860
9.003050 886.720800 134.872500 0.015750 45.891839 0.016110
9.034910 906.732960 176.171100 0.164980 155.797826 0.065980
9.265870 1062.530700 176.007563 0.148920 72.228979 0.032840
9.447630 1085.308000 107.464000 0.049070 90.864028 0.035160
9.531860 1109.728200 194.985000 0.079100 596.020867 0.152100
9.763060 513.707345 194.864727 0.192200 88.778739 0.082030
10.037290 601.050800 178.965500 0.098700 181.133849 0.082450
10.218440 478.354800 45.717000 0.032540 69.640645 0.032280
10.283260 503.500200 110.659500 0.066650 65.755519 0.016060
10.365970 505.554000 176.382937 0.148430 92.721326 0.032840
10.547240 598.117800 170.980425 0.343930 60.777834 0.017460
10.908630 620.298000 227.566500 0.031920 146.410276 0.065980
11.006530 585.253200 85.412250 0.032650 189.996758 0.066230
11.105410 731.270400 206.976000 0.114010 63.281443 0.035460
11.254880 737.503200 144.002250 0.129520 99.653578 0.032780
11.417180 826.588933 188.662833 0.295590 139.404733 0.049130
11.761900 961.764873 222.738409 0.197510 95.431161 0.034610
11.994020 1050.952560 256.689300 0.165710 104.038029 0.028690
12.188420 1090.269600 160.366500 0.016350 93.523197 0.065920
12.270690 1179.362800 188.809250 0.099310 639.989868 0.114990
12.484990 544.258400 267.736000 0.049680 161.794783 0.065060
12.599730 491.916600 114.641625 0.065740 89.236978 0.033750
12.699220 515.088000 200.817750 0.031920 336.419826 0.081850
12.812990 850.690400 224.255500 0.049930 38.003865 0.016470
12.879390 848.793600 262.212000 0.115240 71.393243 0.032350
13.026980 780.536400 241.284750 0.033320 60.776512 0.016540
13.076840 720.468000 232.034250 0.033150 52.387351 0.015500
13.125490 770.120400 248.739750 0.033320 129.344868 0.064820
13.223630 881.260800 182.574000 0.015510 70.914574 0.034480
13.273620 878.892000 253.449000 0.032410 96.905225 0.032840
13.338870 924.411600 167.900250 0.033200 65.445108 0.016420
13.388490 863.526720 143.898300 0.083920 126.674118 0.047670
13.520080 976.298400 201.594750 0.131040 11.268290 0.016670
13.667790 970.972800 211.525125 0.130980 72.847239 0.017580
13.816350 1030.159200 253.995000 0.015380 126.234024 0.049620
13.881350 1144.029600 199.510500 0.016290 122.966799 0.016730
13.914370 1026.316200 163.952250 0.065550 110.429986 0.033570
14.013490 1060.080000 269.094000 0.032100 93.128340 0.016670
14.062260 1150.741200 247.800000 0.033140 69.848417 0.016050
14.111450 1125.388800 182.715000 0.115300 566.565331 0.114680
14.341430 561.696800 239.702750 0.098820 97.292432 0.033140
14.473390 489.064800 174.969375 0.064820 153.541915 0.066400
14.604610 642.260640 185.272500 0.213990 104.543139 0.032540
14.851140 737.967411 227.337711 0.360960 99.069940 0.049980
15.262080 835.171867 208.202750 0.295050 71.086506 0.016720
15.573850 898.789920 239.920800 0.081910 72.859869 0.016240
15.672000 946.906800 185.209500 0.033260 107.733210 0.049200
15.754460 876.220800 266.511000 0.016050 107.396485 0.033630
15.804140 894.763800 160.727438 0.147280 145.795616 0.049860
16.001280 998.625600 263.046000 0.016360 55.235288 0.016780
16.034420 960.380400 223.193250 0.032290 87.369418 0.033020
16.099730 1044.708000 246.046500 0.016180 56.397802 0.016840
16.132750 1025.214400 193.124750 0.098390 338.781938 0.065860
16.297000 688.070880 226.403100 0.246270 170.307276 0.049380
16.592650 518.968800 206.178000 0.015020 63.450993 0.017090
16.624760 475.666800 159.799500 0.032890 99.910182 0.049200
16.706850 522.541600 248.031000 0.048700 88.179796 0.017090
16.772640 604.665600 215.916750 0.032720 57.800031 0.017090
16.822450 547.713600 206.052000 0.016110 76.690746 0.032660
16.871220 624.398880 206.967600 0.082450 48.525106 0.015570
16.969240 621.684000 158.518500 0.017450 102.802411 0.015690
17.002380 653.436000 256.294500 0.048160 180.097363 0.032470
17.083010 639.139200 76.765500 0.015930 68.653892 0.033450
17.132390 688.228800 124.761000 0.081780 88.702620 0.032960
17.247130 750.482880 187.947900 0.084540 108.745937 0.032400
17.364070 644.792400 162.351000 0.031560 75.277250 0.022090
17.417720 717.343200 182.427000 0.012820 99.263717 0.031800
17.462340 619.348800 166.603500 0.017580 207.621028 0.311460
17.791380 817.488000 228.630500 0.050110 102.435461 0.016240
17.857730 784.014000 325.442250 0.032220 70.453194 0.016540
17.906490 822.858400 266.665000 0.049020 89.886873 0.033690
17.989200 895.253673 213.386727 0.181330 16.338480 0.031310
18.201840 883.108800 202.457500 0.049620 47.352444 0.015690
18.267150 929.426400 192.612000 0.016600 321.176113 0.083010
18.366760 613.334400 249.532500 0.015810 84.795685 0.016420
18.398990 535.155600 216.693750 0.031610 107.876008 0.034980
18.465580 580.288800 314.674500 0.015500 124.880381 0.082580
18.563660 483.436800 235.840500 0.051510 49.025726 0.031560
18.646730 526.493100 259.285687 0.130130 65.811503 0.016780
18.793640 511.677600 195.163500 0.016300 290.984029 0.066340
18.876280 801.320800 223.065500 0.049560 55.951082 0.016850
18.942690 758.772000 186.732000 0.032220 73.969363 0.016000
18.990910 749.162400 260.074500 0.033990 43.145182 0.016790
19.041690 725.202240 224.193900 0.179200 188.811417 0.082330
19.303220 912.896880 244.699350 0.196230 184.875198 0.050170
19.549620 1097.308800 231.619500 0.015750 113.953391 0.034360
19.599730 984.026400 243.967500 0.015260 59.571054 0.016720
19.631710 1040.134200 263.983125 0.079840 62.163015 0.016840
19.728390 1027.992000 203.017500 0.016240 56.438223 0.115660
19.860290 974.786400 221.844000 0.019170 144.143161 0.047660
19.927120 1115.144471 254.659588 0.279670 8.353898 0.015810
20.222600 1112.260800 262.500000 0.017330 54.611132 0.015500
20.255430 1153.426400 298.385500 0.050300 41.747683 0.015800
20.321530 1188.247200 321.415500 0.016600 703.987608 0.098640
20.436770 486.820320 261.424800 0.081360 32.158462 0.032710
20.550840 503.944800 288.644625 0.494080 51.859347 0.015690
21.060610 539.649600 251.034000 0.016970 89.703328 0.032340
21.109920 452.608800 229.341000 0.017950 96.884209 0.047850
21.175720 548.094400 245.743750 0.197450 62.471271 0.015560
21.388730 575.962800 301.654500 0.033570 245.365296 0.082160
21.504460 794.337600 189.777000 0.016410 52.970479 0.032540
21.553410 804.481650 241.767094 0.262750 129.229637 0.083930
21.900090 925.411200 287.334000 0.113520 170.196365 0.049200
22.062810 1087.769760 236.280100 0.247130 107.521230 0.032470
22.342410 1164.609600 311.489500 0.049560 95.205442 0.065310
22.457280 1159.317600 216.431250 0.032950 627.340301 0.098030
22.588260 532.820400 183.918000 0.032590 60.165065 0.016300
22.637150 535.752000 244.011600 0.082760 69.423237 0.016720
22.736630 503.987400 305.741625 0.131530 58.257554 0.015630
22.883790 562.077600 310.154250 0.033690 74.093902 0.015630
22.933110 493.550400 281.977500 0.032890 77.680963 0.018010
22.984010 562.350600 318.045000 0.065060 47.373376 0.032470
23.081540 516.153120 307.555500 0.082520 92.129651 0.015930
23.179990 516.852000 215.428500 0.017150 181.206171 0.474920
23.672060 667.051200 316.798500 0.115840 57.382843 0.034060
23.821960 689.774400 264.106500 0.015630 67.532448 0.032890
23.870480 631.982400 299.045250 0.033020 80.669718 0.016120
23.919620 664.725600 372.771000 0.015990 107.381747 0.049560
23.985170 668.110800 265.442625 0.065670 39.783613 0.016540
24.067380 657.076000 303.665250 0.098570 135.686695 0.065860
24.231810 792.741600 306.057750 0.229490 138.273948 0.051210
24.512510 654.511200 302.587687 0.130070 80.678417 0.016110
24.658690 729.976800 331.117500 0.016180 113.457370 0.049740
24.724610 625.815273 286.140273 0.180180 138.678676 0.050410
24.955200 762.829694 307.560441 0.295040 144.698744 0.049320
25.299560 621.132000 336.877500 0.229310 163.129775 0.066280
25.595150 783.081600 356.464500 0.018190 49.253904 0.031130
25.644470 734.653500 347.483062 0.130370 132.863623 0.066410
25.841250 604.247700 322.045500 0.147950 88.936732 0.032890
26.022090 672.588000 378.960750 0.049690 111.604198 0.032040
26.103820 598.458840 295.531950 0.329650 109.997249 0.048280
26.481750 693.148800 351.507000 0.115300 84.669909 0.049070
26.646120 667.531200 270.805500 0.017210 72.396777 0.032410
26.695740 695.478000 337.590750 0.033390 77.213311 0.048400
26.777530 732.127200 405.552000 0.033440 107.742296 0.048280
26.859250 658.910700 326.509312 0.148500 152.130152 0.065190
27.072940 809.256000 349.744500 0.033440 99.091440 0.048530
27.154910 764.453760 261.359700 0.083250 97.274417 0.033140
27.271300 810.440400 347.077500 0.032110 84.062771 0.065610
27.369020 889.027200 317.233500 0.132020 71.057335 0.049070
27.550110 891.360960 246.214500 0.114680 58.311787 0.050110
27.714900 856.531200 199.447500 0.016060 89.358122 0.032220
27.763180 916.011600 266.133000 0.032470 82.554182 0.033940
27.829590 996.013200 245.763000 0.032040 70.491180 0.063790
27.925420 1039.987200 300.856500 0.033080 66.544548 0.032960
27.991460 985.908000 339.633000 0.032890 108.565076 0.065620
28.089970 1094.284800 346.024000 0.051020 63.572700 0.017090
28.158080 1045.111200 386.316000 0.032040 51.984823 0.017280
28.207400 1033.092480 335.739600 0.144770 139.201597 0.100160
28.452330 1136.772000 242.854500 0.031860 105.999312 0.067380
28.551570 1132.776960 348.778500 0.115480 593.882338 0.129460
28.796510 546.657067 253.072167 0.163940 140.178350 0.054560
29.015010 664.507200 328.975500 0.013070 48.477073 0.016900
29.044980 683.104800 284.207700 0.098390 135.098141 0.048160
29.191530 550.368000 309.356250 0.033570 142.124515 0.015500
29.240600 413.011200 345.859500 0.015930 165.945136 0.147710
29.404240 574.980000 381.969000 0.016410 68.644972 0.016480
29.437130 506.746800 389.476500 0.049320 99.765178 0.049010
29.535460 589.075200 333.128250 0.032900 244.660280 0.281370
29.849730 833.632800 340.215750 0.032170 313.170817 0.100460
29.982360 1146.525046 353.421923 0.232060 48.420812 0.014220
30.228640 1151.875200 401.546250 0.032040 678.946335 0.079770
30.340450 473.760000 367.962000 0.017030 34.051703 0.017520
30.375000 473.642400 402.013500 0.016170 56.091608 0.016610
30.407780 492.996000 454.660500 0.016600 103.976383 0.132140
30.556520 577.550400 394.149000 0.032840 65.290312 0.095820
30.685180 514.794000 376.136250 0.033390 193.930562 0.148620
30.867190 666.724800 255.612000 0.015930 73.397985 0.034910
30.918030 651.991200 327.516000 0.031740 62.296730 0.016660
30.966430 680.870400 272.317500 0.016790 133.325844 0.048640
31.031860 597.048900 375.998437 0.149110 54.347917 0.032530
31.213500 643.171200 404.746125 0.081600 75.008614 0.016730
31.311830 697.452000 352.978500 0.015990 26.004930 0.016910
31.344730 673.096941 362.093735 0.295900 76.815000 0.031920
31.672550 736.075200 318.113250 0.281060 112.683025 0.031130
31.984740 847.593600 334.272167 0.197570 62.384854 0.016790
32.199100 785.238720 336.205800 0.083070 102.134458 0.031550
32.313720 887.191200 342.300000 0.016850 35.467309 0.016290
32.346860 852.163200 347.865000 0.016360 72.021153 0.016600
32.379820 914.170320 311.229450 0.196900 121.671655 0.065250
32.641970 1016.131200 377.622000 0.017090 47.818759 0.016110
32.675170 983.556000 342.615000 0.016420 11.440921 0.017090
32.708680 974.569527 335.534182 0.180240 123.391956 0.031980
32.920900 1097.960640 335.078100 0.099120 56.333174 0.017090
33.037110 1041.685120 337.626100 0.328670 45.444007 0.015690
33.381470 1043.112000 292.204500 0.015750 108.408446 0.049980
33.447200 1142.131200 336.336000 0.016610 130.598117 0.064940
33.528750 1149.968400 466.698750 0.033930 648.787596 0.146180
33.708860 531.190800 271.661250 0.049440 186.844316 0.032900
33.791200 602.532000 444.349500 0.019770 103.129046 0.031680
33.842650 535.422300 366.043125 0.131290 155.397875 0.067140
34.041080 684.549600 409.741500 0.013610 36.522803 0.017030
34.071720 659.200500 383.448188 0.147820 79.794430 0.130130
34.349670 728.672000 422.702000 0.048520 61.656904 0.018620
34.416810 743.022000 362.738250 0.066040 72.932439 0.016540
34.499390 805.042560 324.363900 0.097840 46.897535 0.016480
34.613710 765.156000 349.030500 0.016910 83.710588 0.032280
34.662900 848.515200 356.692500 0.132270 29.658195 0.015740
34.810910 857.085600 385.085400 0.082030 87.415102 0.032720
34.925660 789.532800 329.605500 0.016600 82.267947 0.033510
34.975770 846.909000 388.563000 0.065180 110.930717 0.065800
35.106750 952.095709 353.329773 0.181030 65.872956 0.032530
35.320310 931.072800 415.758000 0.016240 78.466243 0.049130
35.385680 1007.814000 399.395250 0.230350 68.675725 0.032770
35.648800 952.711200 358.407000 0.015990 202.782877 0.083130
35.747920 1138.620000 439.393500 0.016000 114.380910 0.049070
35.812990 1081.308000 340.407000 0.132020 73.001689 0.050720
35.995730 1154.294400 341.901000 0.020690 72.635891 0.010920
36.027340 1094.671200 300.415500 0.015750 525.769199 0.163270
36.206360 571.519200 352.810500 0.017030 135.059161 0.063960
36.287350 496.641600 465.213000 0.017220 58.557805 0.016170
36.320740 466.704000 414.886500 0.017150 132.909612 0.132510
36.470400 599.495400 409.282125 0.064940 72.177319 0.016540
36.551880 565.597200 345.560250 0.033200 133.817070 0.049990
36.635070 631.226400 462.178500 0.032350 68.225581 0.116090
36.783510 642.490800 394.889250 0.079410 151.978486 0.049560
36.912480 752.959200 499.264500 0.016110 58.294741 0.049800
36.978390 719.395600 451.601500 0.098030 132.083934 0.051880
37.128300 841.765527 401.884636 0.195610 42.639528 0.032960
37.356870 852.675600 360.664500 0.033630 73.338363 0.049750
37.440250 899.581200 417.041625 0.065120 103.924374 0.033940
37.539310 938.397600 320.638500 0.017030 467.158844 0.080990
37.637330 472.432800 354.018000 0.016050 69.789875 0.016360
37.669740 535.466400 383.974500 0.016840 88.322379 0.015450
37.702030 485.436000 456.760500 0.014520 128.082782 0.216190
37.932740 606.933600 497.301000 0.015990 90.879029 0.016910
37.965640 569.066400 414.687000 0.016540 83.625748 0.015620
37.997800 575.601600 498.057000 0.017280 102.432278 0.095820
38.110900 670.135200 458.613750 0.032900 48.497474 0.016420
38.160220 674.175600 506.942625 0.066040 105.698777 0.032590
38.258850 570.460800 486.559500 0.033080 49.344666 0.033510
38.325440 609.453600 516.799500 0.015810 120.588704 0.016480
38.357730 690.093600 427.140000 0.015990 49.602070 0.147760
38.521480 724.928400 462.451500 0.033330 117.110190 0.032470
38.587280 742.156800 346.615500 0.016050 106.490877 0.033690
38.637020 765.468480 450.523500 0.098510 82.517612 0.016360
38.751890 845.980800 432.442500 0.033270 103.532957 0.049370
38.834530 870.790200 331.926000 0.065490 230.910108 0.690800
39.590820 1095.175200 277.420500 0.015080 156.053828 0.033020
39.638920 1072.461600 431.812500 0.016600 99.232162 0.098810
39.754330 1170.573600 416.944500 0.016420 687.853153 0.262210
40.032960 490.274400 315.283500 0.082400 75.595341 0.016660
40.132020 565.840800 317.375100 0.081850 42.382401 0.016420
40.230290 528.578400 297.181500 0.033260 46.020045 0.015990
40.279540 564.089400 326.452875 0.065800 96.594374 0.034360
40.379700 591.696000 233.887500 0.014950 61.400122 0.016670
40.411320 636.056400 276.339000 0.048700 32.568074 0.066350
40.526370 617.097600 302.820000 0.032590 269.728227 0.164370
40.723330 781.720800 516.484500 0.015990 38.003239 0.016910
40.756230 798.327600 482.301750 0.032340 83.922529 0.016850
40.805420 748.759200 550.021500 0.015990 48.194233 0.017460
40.838870 701.836800 539.022750 0.032160 51.694812 0.016360
40.887390 700.896000 487.336500 0.032960 78.416813 0.049190
40.969540 702.718800 565.732125 0.066350 409.349796 0.412840
41.448730 1083.709200 416.020500 0.046690 73.905364 0.018070
41.513490 1052.755200 483.131250 0.032590 70.225628 0.017090
41.563170 982.682400 487.761750 0.081610 4.466541 0.098690
41.743470 983.102400 483.315000 0.016840 106.562980 0.015870
41.776180 1050.274400 566.041000 0.049260 138.330756 0.049380
41.874820 1048.857600 427.717500 0.016960 88.458801 0.015750
41.907530 1046.640000 516.148500 0.033200 65.036637 0.033150
41.973880 1109.889200 531.291250 0.098260 614.335791 0.131170
42.203310 499.921800 458.159625 0.082580 53.561193 0.016660
42.302550 529.099200 413.243250 0.032840 119.295360 0.032840
42.368230 524.361600 532.444500 0.016290 87.866284 0.033200
42.417720 610.600200 515.610375 0.064760 61.078586 0.017460
42.499940 563.472000 476.757750 0.031740 92.514567 0.065790
42.597470 471.380000 467.925500 0.049440 56.063251 0.017270
42.664180 469.203840 411.904500 0.081670 137.976358 0.032230
42.778080 598.197600 460.874750 0.099670 27.464288 0.016050
42.893800 582.094036 438.627000 0.196590 161.910228 0.099250
43.189640 742.610400 459.826500 0.016350 68.995943 0.032840
43.238830 697.670400 407.473500 0.016300 92.742948 0.033020
43.288150 710.969700 499.257937 0.130920 67.392263 0.016600
43.435670 719.443200 432.400500 0.015990 118.602433 0.030580
43.482240 663.776400 537.127500 0.033630 194.876682 0.049190
43.565060 681.357600 731.209500 0.015990 237.601325 0.082830
43.663880 758.800000 506.583000 0.066160 32.716134 0.017460
43.747500 764.450400 538.807500 0.047970 213.911268 0.065610
43.861080 756.957600 325.027500 0.018860 87.837205 0.016970
43.896910 807.710400 396.718000 0.048460 122.950252 0.035040
43.980410 909.523440 465.644550 0.194820 93.786856 0.098760
44.273990 973.492800 534.229500 0.016900 125.391746 0.081850
44.372740 975.828000 408.859500 0.081790 80.136844 0.016540
44.471070 985.262880 488.439000 0.082460 45.189153 0.015380
44.568910 969.060960 446.254200 0.098630 75.686026 0.016660
44.684200 1042.027636 466.359886 0.361150 80.208114 0.016360
45.061710 1083.495000 535.017000 0.066520 567.195542 0.096500
45.224730 531.535200 404.436900 0.082340 173.264622 0.050530
45.357600 552.837600 576.387000 0.016420 80.614864 0.032840
45.406860 604.497600 514.500000 0.017270 176.759175 0.098820
45.522950 587.479200 690.438000 0.015380 145.428257 0.017090
45.555420 548.973600 550.200000 0.016110 86.915922 0.032290
45.603820 614.880000 493.536750 0.048950 37.466075 0.032720
45.685490 626.556000 529.137000 0.050660 98.887375 0.016350
45.752500 582.657600 440.527500 0.015870 86.426713 0.049200
45.817570 654.213000 488.998125 0.065490 96.415689 0.017570
45.900630 719.359200 560.075250 0.032170 86.895110 0.016110
45.948910 675.386880 485.127300 0.165710 105.565975 0.064400
46.179020 772.060800 527.534000 0.047850 39.830879 0.016900
46.243770 773.012800 487.714500 0.049080 71.357973 0.049500
46.342350 722.030400 537.642000 0.032410 52.006744 0.016350
46.391110 773.740800 543.186000 0.016540 226.542728 0.131470
46.539120 547.478400 531.919500 0.016060 17.756504 0.016900
46.572080 563.547600 524.364750 0.049140 132.662887 0.066770
46.687990 643.524000 630.210000 0.016540 107.901057 0.031430
46.735960 585.702600 539.109375 0.099790 91.266725 0.015750
46.851500 670.783200 506.080500 0.114440 86.434764 0.016540
46.982480 659.947680 420.327600 0.099000 37.502224 0.016050
47.097530 639.609600 451.836000 0.016240 147.694665 0.066280
47.180050 771.786400 517.737500 0.065490 89.387379 0.081790
47.327330 686.145600 492.129750 0.051150 93.796381 0.014950
47.393430 711.253200 582.503250 0.032660 323.919213 0.231320
47.657410 1029.151200 520.338000 0.033020 80.085214 0.032900
47.723330 1065.358000 591.771250 0.099060 118.246208 0.048150
47.870540 1060.533600 473.623500 0.017090 55.700502 0.032350
47.919980 1073.362080 527.826600 0.083990 531.835706 0.095030
48.099000 546.823200 602.700000 0.017390 36.550853 0.015810
48.132200 527.469600 633.706500 0.016360 85.032610 0.016780
48.165340 575.937600 703.573500 0.017030 199.939688 0.048950
48.231320 507.712800 515.634000 0.015510 148.132421 0.049190
48.296020 529.670400 662.130000 0.016420 65.212561 0.166010
48.478450 464.587200 658.024500 0.014530 68.218687 0.016480
48.509460 396.379200 659.232000 0.033200 184.708559 0.035220
48.577880 533.954400 535.983000 0.016240 118.605262 0.031920
48.626040 588.688800 641.203500 0.015870 230.108767 0.114010
48.755920 779.956800 513.271500 0.016600 31.918809 0.098330
48.870850 748.490400 518.626500 0.016600 188.807576 0.067870
48.955320 559.752480 523.754700 0.081120 55.918295 0.016540
49.052980 615.039600 515.376750 0.032590 222.343511 0.097470
49.183040 809.205600 623.710500 0.016300 117.017777 0.034000
49.233340 741.283200 528.423000 0.015380 133.702396 0.049250
49.297970 826.627200 631.344000 0.032840 89.933151 0.016600
49.347410 777.336000 556.122000 0.016420 107.240959 0.082090
49.445920 863.419200 620.077500 0.032900 206.572717 0.065550
49.544370 935.810400 426.604500 0.017030 93.138237 0.032230
49.593630 932.030400 519.666000 0.016600 42.679315 0.032840
49.643070 890.299200 510.720000 0.016900 98.290423 0.032600
49.692570 965.630400 573.856500 0.016480 20.056311 0.082700
49.791750 982.934400 583.996875 0.081540 75.289562 0.017210
49.890500 918.993600 544.246500 0.015570 115.817086 0.049860
49.955930 946.310400 656.796000 0.015990 90.669543 0.017890
49.989810 970.116000 569.307375 0.146910 146.317259 0.032350
50.169070 824.745600 552.688500 0.016480 109.049440 0.049620
50.235170 932.047200 572.134500 0.032960 45.142200 0.132140
50.400270 950.208000 530.806500 0.015500 63.170932 0.016540
50.432310 996.979200 488.344500 0.031980 145.737470 0.115420
50.579710 910.728000 605.818500 0.016790 57.199285 0.016170
50.612670 964.751200 624.613500 0.049010 194.852038 0.164920
50.826600 1124.614400 513.208500 0.131040 581.077362 0.165530
51.123170 554.332800 401.719500 0.033450 110.233437 0.170530
51.327150 549.192000 511.833000 0.010980 109.398397 0.147100
51.485230 596.551200 413.217000 0.015010 158.906407 0.133610
51.633850 634.116000 567.619500 0.015750 117.899468 0.067500
51.717100 721.593600 646.663500 0.014830 292.447403 0.131170
51.863100 611.469600 375.742500 0.031370 256.852774 0.083860
51.978330 786.038400 564.154500 0.017090 83.564237 0.013610
52.009030 705.388320 542.278800 0.100470 105.112610 0.067990
52.177490 797.563200 491.757000 0.014280 294.981564 0.279540
52.471310 1033.620000 668.650500 0.016790 83.443412 0.034420
52.522520 1091.487600 608.532750 0.031560 89.808091 0.015990
52.570070 1080.508800 697.667250 0.033870 26.745308 0.015630
52.619570 1084.843200 671.275500 0.015990 521.813847 0.146300
52.781860 620.894400 432.442500 0.016910 185.214637 0.067010
52.865780 573.333600 611.446500 0.016670 133.169653 0.081480
52.963930 452.407200 667.222500 0.016840 30.630401 0.064030
53.044800 482.899200 664.314000 0.032900 34.340115 0.016230
53.093930 476.061600 630.661500 0.016670 149.018058 0.263910
53.374510 618.408000 586.572000 0.033330 163.515411 0.065370
53.473210 771.799200 529.929000 0.114680 60.054253 0.033080
53.620970 766.491600 589.748250 0.032960 52.506604 0.016420
53.670350 725.636800 556.766000 0.097350 44.757733 0.017270
53.784970 681.718800 548.136750 0.033210 78.696159 0.016050
53.834230 708.355200 474.085500 0.017450 252.796033 0.098330
53.950010 838.152000 691.015500 0.032230 176.658813 0.329100
54.311340 924.974400 537.164250 0.049190 67.335324 0.017160
54.377690 858.261600 546.299250 0.032100 46.470206 0.016720
54.426510 870.940000 591.006500 0.048770 91.396267 0.196530
54.671810 957.180000 560.742000 0.018010 146.144522 0.048580
54.738400 1024.396800 690.511500 0.016120 130.443786 0.066040
54.820560 1086.750000 575.935500 0.033870 87.158669 0.015500
54.869930 1056.222109 657.573000 0.180730 582.403572 0.196290
55.246950 476.254800 604.357950 0.195550 202.958409 0.200260
55.642760 678.972000 614.250000 0.098080 24.689578 0.016610
55.757450 668.522400 591.880800 0.082520 70.800647 0.032530
55.872500 730.867200 558.327000 0.015930 74.989826 0.016540
55.904970 773.700480 619.880100 0.082150 34.651938 0.016540
56.003660 739.544400 625.721250 0.066230 227.726359 0.096980
56.166870 963.984000 587.170500 0.016850 90.422401 0.032410
56.216130 1050.403200 560.563500 0.017570 74.013920 0.049140
56.282840 1022.694400 629.195000 0.048890 75.352652 0.015620
56.347350 1008.000000 703.101000 0.017150 114.836756 0.049500
56.414000 967.720800 595.560000 0.112610 128.608070 0.183410
56.710020 1095.192000 612.622500 0.016050 76.230748 0.032960
56.759030 1089.026400 688.603500 0.114260 86.679564 0.017760
56.891050 1080.418080 602.352450 0.163820 90.561983 0.033260
57.088130 1051.428000 688.149000 0.016420 45.895237 0.015570
57.120120 1077.350400 650.275500 0.048150 51.732254 0.016360
57.184630 1038.172800 684.059250 0.033940 87.042847 0.016960
57.235530 1071.299815 603.566654 0.213260 118.646552 0.049070
57.497860 1176.840000 657.772500 0.016240 87.365516 0.033510
57.547610 1144.382400 576.660000 0.016660 558.377573 0.180240
57.744510 590.032800 643.608000 0.016110 113.867711 0.033570
57.794190 507.427200 565.236000 0.015140 55.082325 0.113830
57.923160 475.860000 610.375500 0.033020 185.249027 0.164490
58.120670 584.500000 460.327000 0.081910 79.235088 0.065910
58.268490 654.727200 423.634500 0.115970 288.122937 0.130250
58.514710 576.954000 701.062250 0.099550 43.808481 0.035280
58.649540 601.608000 664.849500 0.014160 159.784902 0.362550
59.026250 760.183200 684.474000 0.016540 153.336150 0.033260
59.076050 700.207200 543.354000 0.016480 137.980869 0.032160
59.124690 822.960600 606.364500 0.067630 73.416148 0.015200
59.207520 885.528000 644.773500 0.015380 95.273314 0.016360
59.239260 855.876000 554.232000 0.015260 167.289188 0.116210
59.370730 1012.569600 612.822000 0.032160 180.445657 0.033510
59.436400 970.250400 788.235000 0.033020 290.865335 0.195010
59.664430 1042.182400 506.404500 0.049380 154.703865 0.083980
59.797790 976.795680 646.611000 0.082210 102.044276 0.033150
59.913150 997.869600 746.455500 0.016480 210.317344 0.081230
60.010860 1156.415400 608.265000 0.066720 46.679472 0.016720
60.094300 1137.827600 651.084000 0.098390 486.626166 0.098810
60.291500 651.218400 655.147500 0.014350 122.498234 0.018370
60.324220 532.392000 625.380000 0.015200 131.689104 0.047730
60.387150 508.804800 754.939500 0.017090 58.564938 0.016290
60.420530 503.815200 696.587500 0.065800 124.467478 0.133050
60.619380 618.234400 647.593625 0.197030 123.059738 0.032590
60.849000 679.240800 754.467000 0.017090 119.816764 0.065730
60.931820 711.715200 639.135000 0.015990 174.294727 0.082160
61.029970 880.740000 596.599500 0.032840 291.743366 0.115660
61.178470 641.575200 763.675500 0.032960 99.350803 0.015990
61.227420 589.075200 679.329000 0.015930 140.430287 0.032900
61.276250 648.564000 806.536500 0.016470 116.576207 0.032170
61.324890 626.673600 692.034000 0.017880 74.788011 0.031860
61.374630 640.987200 765.439500 0.017520 176.431032 0.049260
61.441410 546.100800 616.696500 0.015190 156.282010 0.050480
61.507080 702.206400 624.120000 0.016240 81.824181 0.032770
61.556090 620.424000 621.505500 0.016180 246.268806 0.149100
61.721370 863.238600 662.607750 0.082340 35.804712 0.019530
61.823240 898.850400 666.319500 0.012450 136.782879 0.050480
61.886170 876.069600 801.192000 0.015870 104.932948 0.017030
61.919070 857.102400 697.987500 0.020990 81.171111 0.108650
62.048710 927.286080 738.767400 0.082330 32.289813 0.032960
62.164000 909.064800 712.110000 0.016360 106.777514 0.049380
62.229740 981.220800 790.818000 0.015740 134.602812 0.082830
62.328310 1061.524800 682.794000 0.015870 29.892107 0.017150
62.361330 1035.380640 697.286100 0.164730 101.711266 0.032530
62.558590 1028.227200 798.745500 0.016420 78.506771 0.015990
62.591000 1050.873600 723.576000 0.016970 131.318019 0.049870
62.657840 1073.284800 852.967500 0.015190 102.132828 0.016550
62.689580 1092.080640 752.579100 0.084220 123.477203 0.036080
62.809880 1080.828000 875.542500 0.012810 620.789691 0.210210
63.032900 576.223200 513.943500 0.016480 198.755937 0.184380
63.233760 542.240160 709.772700 0.080820 147.987584 0.131160
63.445740 670.320000 635.638500 0.016050 91.577831 0.050110
63.511900 631.831200 718.735500 0.015690 78.942082 0.146540
63.674130 676.284000 783.972000 0.098270 294.432316 0.081480
63.853880 816.009600 524.805750 0.032960 157.142917 0.133000
64.019840 842.914800 679.628250 0.049800 114.080688 0.032410
64.102050 930.988800 752.136000 0.016540 70.240132 0.032590
64.151180 868.576800 784.360500 0.016730 70.223301 0.015870
64.183780 932.517600 755.328000 0.016720 120.329849 0.015810
64.216310 871.852800 859.246500 0.017210 83.554569 0.033140
64.266660 912.021600 785.981000 0.065370 117.631145 0.032840
64.364870 873.594400 674.803500 0.049620 30.900455 0.015620
64.430110 842.704800 675.622500 0.033270 129.168191 0.147520
64.610900 905.301600 788.609500 0.049320 106.569420 0.017580
64.677800 851.726400 696.486000 0.015680 185.620479 0.097720
64.791200 1025.942400 760.546500 0.016720 75.843287 0.017460
64.825380 995.601600 830.056500 0.015500 27.836039 0.099430
64.940310 978.028800 808.468500 0.015870 86.163923 0.066160
65.022340 957.986400 724.668000 0.015990 148.535583 0.049740
65.088070 1103.849600 696.619000 0.066040 63.094068 0.015510
65.169620 1065.367800 646.618875 0.065730 43.990927 0.016660
65.252010 1067.791200 690.543000 0.049260 60.445451 0.016480
65.317750 1099.568400 639.124500 0.049560 80.933974 0.032780
65.400090 1154.820800 698.264000 0.048460 516.950393 0.114740
65.563290 642.700800 768.768000 0.017340 98.505870 0.032710
65.613340 544.639200 759.423000 0.016660 105.105485 0.033820
65.663820 528.343200 655.588500 0.031980 84.348377 0.016970
65.712770 545.781600 738.114563 0.147890 157.468237 0.048640
65.909300 701.954400 758.271500 0.049010 133.361326 0.214600
66.172910 834.724800 745.731000 0.018190 73.653448 0.047180
66.238280 891.391200 792.781500 0.016180 100.579390 0.016600
66.271060 838.051200 707.511000 0.016720 87.767947 0.114930
66.402710 925.579200 701.025500 0.065800 87.967445 0.082520
66.551030 1008.739200 729.708000 0.032040 88.456406 0.017210
66.600280 980.481600 813.529500 0.015500 110.983888 0.033700
66.649480 964.346880 703.724700 0.081170 73.881364 0.016910
66.747560 963.492600 777.601125 0.065250 61.557916 0.034660
66.847470 911.064000 745.342500 0.015140 180.831087 0.098330
66.960940 1091.882400 743.200500 0.016350 52.843339 0.017580
66.994870 1093.612800 796.015500 0.015690 66.666126 0.016660
67.027220 1070.183100 733.602187 0.130680 97.847391 0.148250
67.306150 1165.886400 753.973500 0.017890 649.903457 0.278380
67.602420 519.960000 682.185000 0.015560 81.059843 0.049620
67.667600 587.422800 727.123500 0.295900 387.737214 0.049380
68.012880 836.791200 1024.033500 0.016110 246.982151 0.034240
68.063230 720.686400 806.043000 0.014530 104.760409 0.100890
68.178650 652.092000 726.862500 0.078920 105.642228 0.050170
68.307740 709.548000 815.514000 0.049320 369.409694 0.607970
68.965030 1070.109600 735.147000 0.016900 140.765369 0.048470
69.030400 1031.167200 870.418500 0.016170 120.185201 0.066530
69.113100 1029.420000 750.246000 0.034240 118.155272 0.032350
69.179690 1135.932000 699.100500 0.015440 62.830824 0.017150
69.212280 1122.912000 760.567500 0.016480 529.858608 0.195980
69.424740 593.695200 786.639000 0.016420 101.016063 0.016360
69.457520 535.001600 704.424000 0.049680 117.362536 0.049010
69.556210 582.691200 811.660500 0.016850 226.045777 0.147700
69.720760 765.710400 678.993000 0.016240 134.148931 0.032960
69.769960 821.335200 801.066000 0.016840 106.548991 0.064950
69.851750 874.372800 708.655500 0.016290 102.431709 0.032780
69.900820 790.053600 650.496000 0.032830 57.326670 0.016300
69.949950 842.410800 627.149250 0.033750 86.891771 0.065370
70.049070 926.839200 606.606000 0.016540 107.456533 0.033210
70.098820 972.024480 704.100600 0.082150 91.693364 0.032780
70.213750 882.168000 685.839000 0.016350 64.864987 0.016790
70.246890 933.626400 725.329500 0.016230 44.096517 0.016790
70.279910 905.044000 691.750500 0.048950 89.085576 0.033080
70.361940 862.804320 613.315500 0.082460 154.546816 0.098080
70.542480 1006.370400 670.530000 0.015690 104.278879 0.033440
70.591610 1080.508800 597.198000 0.015930 97.230073 0.033700
70.641240 1017.878400 671.569500 0.016170 98.963277 0.033690
70.691100 1115.508800 687.757000 0.102660 58.742249 0.028260
70.822020 1074.746400 730.054500 0.016600 79.945127 0.016670
70.855290 1110.267200 658.434000 0.048950 533.058188 0.114800
71.019040 577.701600 681.345000 0.016730 26.463760 0.016780
71.052550 598.634400 697.536000 0.015570 62.195236 0.033440
71.101560 538.675200 681.009000 0.015690 106.137443 0.016480
71.133730 627.480000 739.137000 0.032410 90.463220 0.016780
71.182920 537.079200 735.777000 0.033210 209.620230 0.098260
71.314390 746.650800 740.292000 0.033020 120.393501 0.033140
71.380550 637.879200 688.684500 0.016360 39.371989 0.016480
71.413390 674.301600 703.636500 0.016850 28.323894 0.015740
71.445980 683.037600 730.579500 0.066230 32.291405 0.016230
71.528440 685.115200 698.355000 0.048950 56.167622 0.115420
71.692810 718.607400 653.265375 0.089110 31.586744 0.024480
71.806400 737.088800 678.881000 0.066890 146.665567 0.180180
72.053470 882.599200 697.252500 0.098450 100.446212 0.032710
72.184630 930.451200 608.937000 0.016180 111.319242 0.034240
72.235050 988.764000 703.761000 0.114500 83.297514 0.048770
72.398320 961.304400 782.402250 0.032890 139.487240 0.049200
72.480410 1079.820000 708.844500 0.016600 49.844444 0.017030
72.514040 1031.007600 718.935000 0.032960 95.448522 0.032100
72.579100 1063.540800 808.668000 0.016910 76.990819 0.048580
72.644590 1015.064400 748.854750 0.049680 51.309857 0.032840
72.727110 1061.964000 728.043000 0.114500 68.464697 0.021490
72.863100 1100.704500 671.593125 0.127260 100.393988 0.032830
73.023190 1149.223600 759.484250 0.098700 555.877761 0.065060
73.186950 593.857600 735.637000 0.049620 92.761699 0.016850
73.253420 662.793600 797.706000 0.016360 135.513976 0.049620
73.319400 580.540800 690.009600 0.081480 105.770516 0.081790
73.482670 686.009100 682.019625 0.197260 80.637301 0.048830
73.728760 608.524000 659.694000 0.049620 78.755391 0.016180
73.794560 610.106000 738.433500 0.097900 31.516989 0.016290
73.908750 631.108800 761.932500 0.017640 95.553684 0.081970
74.008360 715.646400 806.473500 0.017460 70.771387 0.047540
74.073360 653.410800 772.779000 0.049320 61.308763 0.017640
74.140320 693.386400 819.262500 0.032530 127.007025 0.014890
74.187740 610.293600 723.208500 0.017090 110.572053 0.033940
74.238770 716.990400 752.225250 0.032590 74.942238 0.098330
74.369690 760.074000 690.905250 0.032350 136.197215 0.033080
74.435120 896.170800 685.676250 0.033390 57.855138 0.016290
74.484800 906.595200 742.584500 0.049380 24.790799 0.032590
74.566770 926.805600 728.227500 0.016730 98.626027 0.098080
74.681580 828.676800 718.336500 0.016540 129.472810 0.131470
74.829590 940.044000 784.371000 0.032960 57.740818 0.181270
75.043820 971.426400 832.839000 0.016120 102.529881 0.066220
75.126160 1055.857600 774.669000 0.049440 51.913042 0.048890
75.224490 1020.230400 736.911000 0.017150 96.178605 0.032040
75.273680 1115.032800 720.699000 0.018310 20.124190 0.096740
75.388730 1133.146255 711.930545 0.182070 221.040850 0.081480
75.652280 914.978400 747.453000 0.016050 19.286551 0.033390
75.701720 899.897600 759.475500 0.048220 308.720516 0.180720
75.930660 591.561600 774.879000 0.016360 117.990966 0.263370
76.210390 709.329600 782.129250 0.049250 33.593397 0.082280
76.341920 706.204800 748.681500 0.016300 221.324749 0.032890
76.391110 832.557600 930.394500 0.016730 182.903424 0.049440
76.457280 712.902400 792.060500 0.049310 85.121197 0.031800
76.538390 733.409600 709.446500 0.049320 99.605418 0.049190
76.636900 832.910400 714.010500 0.016970 96.975899 0.049320
76.703190 817.471200 809.749500 0.032410 161.571783 0.116450
76.852050 967.876800 750.727500 0.129700 85.466294 0.017090
76.998840 882.532000 746.172000 0.097900 209.869701 0.066590
77.163330 1091.008800 770.311500 0.032530 67.846023 0.015750
77.211610 1031.906400 736.995000 0.016540 51.465665 0.016110
77.244260 1065.943200 775.598250 0.032960 69.124311 0.017030
77.294250 1028.960800 717.199000 0.048520 216.732887 0.099120
77.441890 826.572600 794.737125 0.065740 73.409213 0.033140
77.540770 757.831200 768.978000 0.032960 90.076287 0.032530
77.606260 845.913600 787.825500 0.015810 123.963904 0.034060
77.656130 741.468000 721.056000 0.016720 79.873708 0.019470
77.692320 815.530800 750.964375 0.193610 52.261760 0.031920
77.917850 773.707200 782.302500 0.017510 74.958782 0.049560
77.984920 786.811200 708.498000 0.031990 38.417378 0.016840
78.033750 793.457700 746.336062 0.197020 36.530792 0.097540
78.328310 824.465600 765.649500 0.082880 75.545864 0.016910
78.428100 891.038400 801.360000 0.015990 67.051091 0.015570
78.459660 869.638000 737.815750 0.099240 71.967919 0.016300
78.575200 858.278400 666.750000 0.016350 92.570471 0.033020
78.624570 863.536800 759.171000 0.016790 59.944924 0.016420
78.657780 825.106800 713.165250 0.033020 56.805891 0.015990
78.706790 879.244800 730.369500 0.015560 37.362690 0.016480
78.738830 883.696800 767.466000 0.017820 69.863076 0.015870
78.772520 944.212500 732.556125 0.130920 53.635614 0.016910
78.920350 929.824000 680.886500 0.049250 144.867652 0.114570
79.084170 810.936000 763.665000 0.016110 9.997725 0.016360
79.116640 814.240000 754.229000 0.082150 67.164421 0.017640
79.216430 839.143200 816.606000 0.049260 79.091902 0.065790
79.331480 917.515200 805.959000 0.016180 137.309619 0.016480
79.364140 918.069600 668.650500 0.033140 71.549544 0.049010
79.446290 965.361600 722.342250 0.049070 61.562597 0.016050
79.511410 927.531360 770.910000 0.082220 111.657326 0.016360
79.609990 970.452000 667.831500 0.016470 90.492952 0.033210
79.659670 946.461600 755.086500 0.098690 89.272331 0.032290
79.790650 905.049600 834.172500 0.016480 80.759508 0.032160
79.839290 926.794400 756.395500 0.066900 57.191053 0.049440
79.955630 942.116000 701.295000 0.048890 79.875896 0.033080
80.037600 987.056000 767.329500 0.048890 114.509694 0.017510
80.104000 935.524800 869.589000 0.015450 115.514747 0.033320
80.152770 970.368000 759.454500 0.015750 25.177179 0.016900
80.185420 995.236800 755.526000 0.114810 82.537556 0.032590
80.332820 1076.712000 768.726000 0.065980 63.100511 0.032780
80.431580 1090.160400 707.075250 0.048580 57.151364 0.016610
80.496770 1053.662400 751.054500 0.049680 65.678978 0.033380
80.579830 1119.300000 753.385500 0.065490 570.218863 0.130620
80.775940 553.291200 684.222000 0.017150 32.378179 0.032590
80.825680 555.665600 716.513000 0.148440 133.384387 0.032720
81.006840 679.308000 766.552500 0.016290 71.097965 0.016730
81.039860 657.644400 698.835375 0.081540 139.091891 0.049250
81.170650 762.182400 790.587000 0.033270 149.434093 0.033510
81.237430 618.189600 750.629250 0.032710 47.900428 0.016180
81.286320 665.918400 746.578000 0.049680 90.408688 0.031920
81.367920 577.365600 728.353500 0.017150 212.992514 0.048100
81.433170 790.179600 737.072000 0.148310 109.586562 0.049560
81.631040 836.791200 836.251500 0.016790 192.150649 0.048460
81.696290 739.510800 670.545750 0.033630 239.165020 0.115420
81.845340 978.600000 676.567500 0.032280 89.971904 0.032540
81.910160 982.665600 766.447500 0.016540 113.932256 0.082030
82.008730 870.747360 787.775100 0.115840 91.782427 0.047850
82.172420 797.882400 731.965500 0.033630 222.811307 0.065010
82.271060 1019.684400 753.149250 0.050290 85.201689 0.048950
82.370300 934.483200 753.438000 0.032350 58.874197 0.016300
82.418950 991.788000 766.941000 0.034180 102.953800 0.031180
82.484310 898.296000 810.054000 0.016910 224.721377 0.082340
82.583560 1028.596800 626.965500 0.016720 184.637133 0.081730
82.682010 1034.661600 811.503000 0.016960 119.040908 0.033020
82.731990 1072.881600 698.764500 0.016000 69.990763 0.015500
82.763490 1041.297600 761.223750 0.049740 41.506183 0.017280
82.830510 1067.656800 729.162000 0.016350 222.222120 0.115480
82.962340 848.131200 694.648500 0.031860 80.045082 0.049440
83.043640 852.684000 774.564000 0.015560 52.947555 0.034490
83.093690 885.477600 732.994500 0.015380 66.489591 0.032530
83.141600 890.442000 799.298500 0.099490 27.624391 0.017150
83.258240 917.780640 803.261550 0.180420 82.922812 0.016300
83.454960 886.849600 726.323500 0.082520 99.677969 0.081780
83.619260 984.804800 707.871500 0.049810 55.312347 0.015620
83.684690 955.743600 754.934250 0.048890 59.731077 0.016360
83.749940 1005.799200 722.342250 0.035340 83.430546 0.014890
83.800170 972.165600 645.991500 0.015990 156.046347 0.082770
83.898930 1124.270400 680.842500 0.131100 102.049699 0.082270
84.112300 1225.896000 671.548500 0.015570 323.425571 0.164370
84.292240 915.872160 763.686000 0.098570 26.583467 0.016970
84.407780 923.580000 738.244500 0.015930 168.004221 0.098630
84.522340 968.721600 900.070500 0.016840 161.704569 0.049380
84.588560 856.195200 783.940500 0.034120 107.600955 0.051030
84.673710 858.160800 891.523500 0.016110 172.235696 0.096010
84.785830 999.574800 793.201500 0.032220 105.427925 0.017160
84.835210 1023.892800 895.786500 0.015860 114.492531 0.033390
84.884460 1027.706400 781.357500 0.016420 68.527627 0.015990
84.916870 1020.675600 849.523500 0.032590 81.934690 0.033760
84.983220 1019.499600 767.597250 0.032770 56.235834 0.015930
85.031920 1065.472800 799.984500 0.016360 130.914475 0.033260
85.081540 934.710000 793.684500 0.032050 72.571910 0.069450
85.183040 910.509600 725.266500 0.030950 25.021382 0.097230
85.311220 923.563200 746.613000 0.016840 43.325004 0.031130
85.359190 948.502800 711.186000 0.049380 113.993961 0.066830
85.475400 1058.671040 740.470500 0.246520 30.012511 0.032840
85.754760 1058.696800 770.483000 0.049010 98.925427 0.033570
85.837340 1093.411200 677.848500 0.016180 115.808992 0.049680
85.903200 1080.912000 792.981000 0.016420 492.427510 0.114680
86.034300 590.258400 751.221000 0.115110 60.090100 0.016420
86.165830 535.819200 725.781000 0.048590 47.623896 0.016410
86.230830 542.556000 772.926000 0.017220 24.411419 0.015740
86.263790 549.939600 749.658000 0.098820 6.408144 0.015870
86.378480 544.152000 746.907000 0.016170 60.178791 0.018620
86.413270 604.094400 741.578250 0.031070 51.714960 0.017150
86.461490 552.563200 745.934000 0.050780 530.951168 0.129390
86.641660 1082.580800 777.406000 0.049500 47.920409 0.016910
86.708070 1118.132400 745.274250 0.032410 77.106634 0.016050
86.756530 1054.396000 788.669000 0.050230 295.631263 0.065190
86.871950 760.256700 759.005625 0.164370 5.526987 0.016540
87.052860 757.982400 764.043000 0.032280 105.975692 0.066350
87.151490 862.276800 782.845269 0.214110 186.463069 0.081120
87.446720 1048.387200 771.382500 0.016780 108.874532 0.032780
87.496280 966.487200 699.646500 0.016540 339.066148 0.131830
87.644650 628.650400 728.493500 0.082770 49.407379 0.021120
87.748540 606.009600 684.579000 0.026610 90.735280 0.017150
87.792300 683.155200 732.343500 0.032410 316.513359 0.164610
87.989320 998.699520 757.092000 0.114930 63.567610 0.032650
88.136900 1035.782160 808.722600 0.164130 77.628048 0.033560
88.334590 1076.423600 874.861750 0.098390 175.504101 0.081360
88.514340 1087.531200 699.709500 0.016910 93.016195 0.032710
88.563960 1091.076000 792.658125 0.082520 51.063052 0.016000
88.662480 1139.009200 810.260500 0.115290 600.853942 0.196230
88.974000 539.044800 777.577500 0.017520 112.583818 0.032650
89.024170 510.988800 668.545500 0.016110 52.482742 0.131600
89.171880 471.962400 703.636500 0.016900 147.702498 0.081540
89.270320 608.641600 759.626000 0.066410 17.559862 0.016540
89.353270 618.122400 774.406500 0.015810 91.781014 0.016480
89.385560 662.818800 854.568750 0.032710 67.574430 0.016480
89.434750 619.214400 802.945500 0.295350 106.596880 0.033270
89.763370 717.012800 760.538333 0.148370 122.713015 0.146980
90.058720 837.429600 784.166250 0.032710 182.582758 0.214170
90.305600 995.870400 874.902000 0.015930 52.711578 0.034240
90.355770 976.449600 825.898500 0.015690 149.831390 0.032780
90.404240 1007.344800 679.287000 0.017090 152.059413 0.032710
90.454040 1008.991200 831.337500 0.017520 105.236438 0.031860
90.503420 961.027200 737.667000 0.015930 94.818289 0.081110
90.600460 1048.110000 775.178250 0.033080 103.183400 0.032410
90.665950 1035.686400 877.611000 0.016850 21.988440 0.016600
90.699400 1037.681400 855.713250 0.098940 106.709274 0.032960
90.831300 1078.912800 757.291500 0.015930 51.843033 0.016540
90.863770 1027.622400 764.841000 0.016420 66.456155 0.033020
90.913210 1077.426000 808.841250 0.033450 280.977443 0.064450
91.011110 857.892000 984.207000 0.017270 162.400700 0.031250
91.059630 798.840000 832.923000 0.018190 63.326344 0.048100
91.125920 824.636400 890.757000 0.034050 69.543736 0.016300
91.176270 796.101600 827.337000 0.033020 71.277268 0.031860
91.241150 782.577600 897.319500 0.017330 304.257080 0.081360
91.339840 547.024800 704.739000 0.016910 172.692545 0.032470
91.389220 672.672000 823.210500 0.015990 24.341890 0.016420
91.421630 651.184800 834.648500 0.066710 99.243713 0.113650
91.601990 737.150400 884.239125 0.066960 55.392790 0.017270
91.686220 743.041600 829.160500 0.049800 156.080559 0.147400
91.883420 787.264800 679.476000 0.016180 119.689351 0.049130
91.948730 817.471200 795.291000 0.016300 92.273115 0.016230
91.981260 732.496800 759.323250 0.032470 241.713245 0.066100
92.079830 942.463200 879.070500 0.017030 94.997256 0.033820
92.130680 906.168480 791.280000 0.080440 35.128944 0.016110
92.227230 901.958400 826.155750 0.032840 80.533365 0.065920
92.325990 981.788640 836.774400 0.081850 42.774778 0.016660
92.424500 1021.686400 821.352000 0.049440 61.177968 0.016170
92.490110 1019.289600 760.221000 0.016600 253.707415 0.032960
92.539670 1015.560000 1013.901000 0.015870 268.498209 0.131650
92.687190 1126.332480 769.318200 0.115730 97.348347 0.049440
92.852360 1124.785200 866.654250 0.049070 521.127335 0.098510
92.999940 605.665200 912.350250 0.033140 0.000000 0.098510
