0.000000 453.835200 227.293500
0.016050 455.330400 233.688000
0.032590 304.147200 43.659000
0.049190 315.823200 68.586000
0.065190 316.864800 72.198000
0.081910 315.268800 78.078000
0.098570 324.508800 78.498000
0.114930 325.449600 81.826500
0.131100 313.924800 28.486500
0.147460 308.296800 79.632000
0.164000 310.262400 85.858500
0.179990 324.945600 82.288500
0.197080 319.905600 82.729500
0.229250 321.249600 75.526500
0.245790 292.084800 117.022500
0.278690 324.189600 82.141500
0.294620 315.672000 77.164500
0.311710 313.706400 70.686000
0.328250 300.972000 86.509500
0.344540 315.520800 64.375500
0.377010 315.756000 59.640000
0.393920 326.054400 70.287000
0.410220 324.105600 63.420000
0.426390 511.476000 52.857000
0.444520 575.736000 27.951000
0.462100 575.299200 24.160500
0.477170 580.389600 35.700000
0.525270 569.604000 8.568000
0.541630 570.830400 27.006000
0.557860 571.653600 33.946500
0.574340 583.044000 50.557500
0.591130 581.246400 36.949500
0.607240 582.036000 43.911000
0.623660 591.796800 43.459500
0.640200 589.680000 77.311500
0.656190 590.620800 84.063000
0.672670 548.402400 85.890000
0.689450 516.784800 92.904000
0.722470 528.393600 116.938500
0.738650 523.269600 125.128500
0.755370 521.572800 114.576000
0.986760 645.136800 38.892000
4.534060 434.112000 18.585000
4.550660 434.767200 21.661500
4.566650 409.332000 0.966000
4.583190 434.901600 19.341000
4.633060 426.098400 7.077000
4.649350 427.341600 13.125000
4.665410 438.681600 3.076500
4.682070 450.592800 21.462000
4.698610 451.197600 24.307500
4.714660 449.584800 13.041000
4.731450 441.117600 3.475500
4.749020 440.412000 0.304500
4.764040 464.352000 6.226500
4.780760 465.981600 7.539000
4.798100 464.822400 1.669500
4.813420 461.210400 18.889500
4.830080 480.900000 16.254000
4.846560 480.345600 13.482000
4.862550 484.377600 8.106000
4.911990 487.132800 13.629000
4.931030 492.777600 25.725000
4.944890 493.315200 28.770000
4.961180 575.467200 18.616500
4.977910 576.290400 22.837500
4.994260 575.500800 16.317000
5.290040 689.253600 1.617000
5.355160 691.420800 1.134000
5.377620 716.940000 3.202500
5.552310 719.812800 28.161000
5.568660 511.946400 12.726000
5.586670 512.450400 15.750000
5.601620 461.815200 44.562000
5.617980 469.761600 57.246000
5.651060 461.126400 53.424000
5.667790 465.561600 44.761500
5.684270 464.956800 41.779500
5.700320 459.698400 17.167500
5.717040 454.456800 52.584000
5.734010 453.163200 46.483500
5.749570 421.596000 69.982500
5.766360 419.311200 48.783000
5.783330 419.966400 51.408000
5.799440 428.416800 74.193000
5.815550 421.495200 76.083000
5.831970 422.200800 78.949500
5.848390 440.815200 58.947000
5.865110 445.670400 63.766500
5.881410 446.359200 66.948000
5.897710 446.073600 84.745500
5.914430 438.093600 68.365500
5.931210 436.783200 62.832000
5.947080 518.884800 52.111500
5.963500 502.152000 41.947500
5.980290 501.681600 39.028500
5.997070 516.096000 29.295000
6.013920 524.496000 58.138500
6.031490 524.949600 60.994500
6.046020 512.534400 56.868000
6.062680 508.200000 79.653000
6.094360 515.289600 49.507500
6.110840 516.028800 44.772000
6.143920 517.910400 36.414000
6.160400 527.100000 40.467000
6.193180 505.226400 42.052500
6.209960 628.941600 29.862000
6.226260 629.227200 32.791500
6.243160 615.266400 79.065000
6.258850 612.864000 73.615500
6.275510 612.460800 70.455000
6.291690 605.472000 68.680500
6.308470 606.631200 55.692000
6.324770 605.942400 49.633500
6.340640 618.525600 39.679500
6.357360 622.356000 35.154000
6.390080 588.302400 44.856000
6.406980 583.010400 45.297000
6.423100 584.052000 54.064500
6.439390 582.439200 72.492000
6.455810 591.444000 85.470000
6.472350 591.880800 88.620000
6.489010 578.810400 68.964000
6.505370 588.050400 114.838500
6.522030 587.680800 112.014000
6.735780 604.699200 42.273000
6.751890 601.893600 55.818000
6.784120 598.416000 20.065500
6.800600 593.325600 22.029000
6.833680 603.775200 8.368500
6.850460 654.158400 0.840000
6.866940 654.410400 3.780000
6.883300 653.990400 11.980500
6.903930 666.708000 10.489500
6.917360 667.094400 16.117500
6.932430 677.762400 32.340000
6.948910 668.808000 40.036500
6.981750 669.698400 43.312500
6.998660 660.408000 48.121500
7.031130 654.528000 65.499000
7.048030 660.038400 56.017500
7.064270 659.332800 47.229000
7.080510 666.573600 17.640000
7.097230 671.596800 19.309500
7.113890 671.798400 22.239000
7.129940 655.972800 56.553000
7.146610 648.446400 46.998000
7.163020 648.228000 44.142000
7.179080 661.113600 44.394000
7.195620 661.416000 46.809000
7.212280 661.852800 52.668000
7.228760 659.282400 55.261500
7.245120 673.965600 49.707000
7.277400 652.293600 66.370500
7.294370 646.396800 58.632000
7.327150 775.807200 57.561000
7.343320 780.729600 14.017500
7.376100 748.389600 27.205500
7.392640 747.331200 21.325500
7.409360 747.247200 18.301500
7.425540 739.536000 9.334500
7.441890 758.637600 62.874000
7.458370 758.654400 65.740500
7.474610 769.692000 64.827000
7.491270 758.637600 74.686500
7.507750 758.671200 77.542500
7.524110 772.699200 27.415500
7.540770 771.422400 49.182000
7.557500 771.388800 54.915000
7.573120 769.070400 65.845500
7.589110 757.360800 82.246500
7.622920 849.139200 41.328000
7.639100 850.584000 69.258000
7.657780 850.432800 72.019500
7.671630 837.513600 58.558500
7.688480 843.864000 70.644000
7.721190 844.384800 48.615000
7.737920 831.180000 49.633500
7.771060 862.881600 65.026500
7.787960 838.118400 73.668000
7.819760 831.734400 56.931000
7.836240 853.456800 78.235500
7.853090 853.944000 69.489000
7.868840 898.732800 55.240500
7.885500 955.600800 67.053000
7.901920 956.608800 58.359000
7.918330 952.644000 62.391000
7.934940 954.139200 43.764000
7.951480 954.676800 38.262000
7.967830 931.392000 23.793000
7.986270 939.019200 20.527500
8.004940 938.666400 23.667000
8.017640 962.892000 25.431000
8.035770 973.308000 36.319500
8.051030 972.888000 39.427500
8.066770 957.868800 66.160500
8.084470 956.608800 88.032000
8.101260 956.222400 90.814500
8.116150 963.513600 57.718500
8.132080 965.294400 65.992500
8.314090 789.885600 53.728500
8.329160 573.669600 88.914000
8.361760 473.004000 50.809500
8.378720 463.512000 78.960000
8.395200 462.235200 72.828000
8.411130 480.412800 43.312500
8.427670 487.082400 49.045500
8.444270 487.636800 51.943500
8.460630 496.860000 36.991500
8.477110 449.702400 29.715000
8.493840 450.273600 32.466000
8.509700 442.159200 41.328000
8.526550 423.343200 74.823000
8.542720 424.855200 81.102000
8.559080 435.674400 75.421500
8.575810 449.601600 78.970500
8.608340 444.645600 87.223500
8.624760 440.748000 92.074500
8.642880 440.126400 89.386500
8.657350 529.183200 68.428500
8.673520 541.665600 77.605500
8.706240 544.807200 69.594000
8.722960 538.826400 69.268500
8.755920 560.767200 60.795000
8.771970 555.794400 62.443500
8.788760 555.324000 59.514000
8.805050 531.904800 52.657500
8.822570 530.157600 106.858500
8.854740 530.426400 83.317500
8.871520 536.239200 83.905500
8.904300 528.696000 101.787000
8.921260 549.326400 92.652000
8.953310 642.247200 64.743000
8.970700 631.965600 61.131000
8.986450 630.940800 51.618000
9.002320 653.772000 38.272500
9.018550 649.488000 27.258000
9.035030 649.236000 24.328500
9.051390 644.952000 27.510000
9.068420 650.428800 34.083000
9.100950 649.706400 49.140000
9.117370 656.577600 18.102000
9.133910 657.367200 28.077000
9.150210 623.851200 57.813000
9.166750 636.501600 71.431500
9.199520 639.928800 47.197500
9.215940 650.613600 62.076000
9.249330 661.432800 62.065500
9.265200 738.931200 68.680500
9.281680 738.880800 65.887500
9.298160 763.308000 65.478000
9.314700 739.653600 54.274500
9.331050 739.586400 51.187500
9.347050 748.440000 42.409500
9.363950 757.092000 49.245000
9.381100 757.159200 52.164000
9.397460 739.754400 55.335000
9.414490 767.121600 64.071000
9.446110 803.224800 50.589000
9.462890 807.172800 58.201500
9.480100 807.088800 61.351500
9.496280 812.179200 88.473000
9.513180 812.011200 87.003000
9.532350 812.112000 84.189000
9.545650 799.612800 77.700000
9.562260 820.646400 71.158500
9.580690 820.495200 74.004000
9.594600 823.250400 75.484500
9.611760 839.630400 86.919000
9.644590 863.284800 39.249000
9.659850 915.549600 61.309500
9.692080 902.798400 75.337500
9.708680 899.253600 72.429000
9.741580 941.690400 52.773000
9.757750 923.882400 55.923000
9.774600 923.512800 58.842000
9.790770 939.254400 85.102500
9.807130 955.584000 84.252000
9.823850 955.130400 87.003000
9.840030 933.609600 73.878000
9.856630 972.820800 67.651500
9.889530 983.287200 86.877000
9.906740 988.276800 79.842000
9.923220 988.831200 77.028000
9.939030 987.940800 57.099000
9.958800 992.460000 48.856500
9.987670 984.513600 65.877000
10.004700 987.201600 47.722500
10.037110 993.081600 61.813500
10.054200 993.602400 65.530500
10.070500 993.064800 68.449500
10.086790 1011.998400 64.648500
10.103640 999.600000 76.660500
10.136470 1028.462400 76.104000
10.152530 1034.493600 80.776500
10.185360 1034.913600 90.877500
10.202330 1023.842400 84.031500
10.234560 1052.805600 90.205500
10.251340 1023.943200 67.557000
10.283810 737.100000 86.835000
10.300660 520.766400 98.763000
10.333010 432.650400 77.049000
10.352290 429.172800 88.777500
10.384770 445.250400 91.560000
10.399170 450.357600 87.811500
10.431700 432.129600 111.111000
10.448490 439.723200 105.168000
10.464840 440.328000 107.719500
10.480960 461.932800 113.095500
10.497500 448.610400 126.588000
10.529600 464.940000 90.657000
10.546690 467.594400 98.700000
10.579280 451.130400 129.465000
10.597110 480.732000 123.616500
10.616700 479.572800 118.167000
10.630370 560.431200 109.756500
10.645390 547.696800 106.113000
10.678160 570.057600 99.876000
10.694520 575.316000 95.529000
10.727480 573.064800 83.937000
10.743100 558.012000 126.073500
10.760560 558.835200 131.439000
10.776550 611.217600 149.404500
10.793150 622.910400 164.178000
10.826350 600.919200 154.990500
10.847110 605.908800 163.548000
10.875730 617.097600 140.196000
10.893010 622.742400 137.581500
10.909060 622.490400 135.019500
10.924870 613.267200 136.101000
10.942930 613.956000 146.517000
10.974000 638.433600 114.051000
10.990600 637.728000 141.246000
11.007140 637.459200 138.505500
11.023250 641.508000 141.067500
11.039790 679.980000 140.658000
11.058290 679.408800 131.974500
11.072450 669.698400 111.520500
11.088870 677.762400 100.695000
11.105410 677.628000 98.007000
11.122500 668.690400 104.937000
11.139530 667.783200 111.457500
11.155820 668.001600 114.072000
11.173710 677.913600 80.650500
11.187500 654.729600 96.841500
11.203740 655.603200 108.412500
11.220150 679.644000 119.080500
11.236880 665.700000 134.767500
11.253480 665.952000 137.487000
11.269780 663.348000 139.030500
11.286380 715.344000 131.113500
11.302370 715.226400 128.268000
11.318600 720.081600 139.671000
11.335450 716.234400 118.177500
11.351750 715.848000 109.609500
11.368230 710.388000 106.270500
11.384520 712.622400 86.226000
11.400820 712.471200 83.422500
11.417420 699.182400 78.949500
11.434390 711.362400 83.275500
11.466550 709.128000 83.674500
11.483890 718.452000 72.366000
11.500980 718.603200 75.537000
11.516240 737.368800 107.404500
11.532710 708.792000 95.424000
11.565250 708.691200 91.402500
11.582150 708.808800 88.315500
11.614620 618.492000 43.858500
11.633790 616.644000 55.765500
11.649960 616.963200 58.653000
11.666440 600.398400 52.909500
11.683040 588.050400 66.969000
11.713010 604.044000 74.308500
11.729740 606.765600 55.230000
11.762150 587.143200 45.916500
11.778810 588.336000 42.630000
11.794860 587.949600 39.774000
11.811220 597.777600 37.705500
11.828490 605.119200 37.558500
11.860530 593.023200 45.864000
11.876890 597.760800 36.340500
11.910030 654.393600 32.508000
11.926880 657.602400 25.242000
11.943050 658.005600 31.038000
11.959170 668.220000 53.329500
11.976070 657.720000 44.709000
11.992310 658.123200 50.421000
12.008300 659.097600 53.056500
12.025390 676.300800 37.894500
12.041380 676.704000 43.585500
12.057800 674.772000 71.400000
12.074580 673.344000 49.413000
12.106810 662.625600 71.043000
12.123900 667.413600 71.011500
12.140140 667.094400 65.362500
12.156310 658.207200 32.004000
12.172970 640.332000 11.487000
12.189330 640.012800 8.652000
12.205380 660.643200 33.421500
12.222410 673.982400 4.735500
12.304810 659.164800 3.013500
12.354430 676.300800 39.585000
12.374020 680.198400 59.818500
12.387700 680.551200 65.425500
12.403320 711.278400 48.363000
12.420470 727.490400 45.517500
12.436650 727.725600 54.306000
12.452820 723.525600 70.182000
12.469970 740.342400 66.675000
12.486760 740.275200 63.987000
12.501890 757.327200 96.043500
12.518980 787.584000 60.627000
12.535280 787.600800 57.949500
12.551510 826.896000 64.753500
12.568050 839.143200 68.334000
12.585210 839.260800 65.688000
12.600520 837.194400 76.209000
12.617250 830.894400 67.221000
12.650090 819.016800 79.600500
12.666750 828.794400 56.941500
12.683110 828.895200 54.033000
12.699460 811.288800 49.455000
12.715820 832.339200 40.855500
12.732600 832.440000 37.926000
12.748840 837.648000 27.310500
12.766170 823.972800 42.682500
12.797970 957.213600 36.760500
12.815120 958.490400 38.440500
12.830140 958.137600 41.370000
12.846070 975.088800 16.369500
12.863100 958.977600 33.390000
12.879640 958.641600 36.435000
12.895750 952.845600 21.199500
12.913700 968.335200 24.465000
12.928770 968.688000 21.357000
12.945250 987.537600 1.522500
12.962280 977.306400 34.471500
12.978760 976.920000 37.233000
12.995000 956.793600 25.966500
13.011720 957.348000 24.580500
13.043760 961.060800 63.105000
13.060420 954.626400 56.112000
13.076840 954.256800 59.125500
13.092900 973.677600 58.527000
13.109560 823.216800 74.329500
13.126100 823.368000 71.725500
13.142030 502.555200 73.878000
13.161190 542.085600 49.906500
13.177800 541.598400 46.935000
13.193970 544.420800 93.807000
13.209050 533.433600 76.986000
13.241390 556.567200 85.050000
13.258240 544.992000 86.499000
13.290470 561.254400 72.135000
13.307250 545.949600 103.330500
13.323550 546.739200 108.853500
13.339780 550.116000 79.558500
13.358760 551.174400 109.210500
13.373170 550.754400 106.407000
13.389470 535.315200 99.298500
13.405880 537.448800 83.454000
13.422790 537.868800 86.142000
13.438420 539.733600 78.886500
13.455570 537.868800 89.113500
13.472170 538.272000 91.602000
13.487670 568.478400 120.466500
13.504520 652.596000 124.971000
13.520810 652.881600 127.879500
13.537110 649.689600 145.215000
13.554380 628.269600 130.378500
13.572200 627.950400 127.774500
13.585630 640.970400 110.019000
13.602840 640.096800 102.795000
13.618900 639.609600 97.744500
13.635380 649.723200 122.356500
13.651860 632.940000 117.327000
13.684330 660.441600 105.241500
13.701230 645.187200 97.629000
13.733890 674.738400 90.856500
13.750790 664.070400 100.149000
13.784300 741.081600 86.404500
13.801570 778.260000 59.136000
13.832520 741.787200 72.481500
13.849300 731.707200 53.340000
13.880980 742.761600 55.744500
13.897890 725.508000 58.989000
13.930790 741.484800 49.129500
13.947450 718.737600 84.220500
13.979800 728.716800 69.688500
13.996830 714.974400 89.050500
14.028870 766.164000 122.325000
14.046020 767.071200 97.713000
14.062190 767.054400 94.899000
14.078490 747.919200 102.081000
14.095340 752.152800 101.860500
14.128720 766.080000 96.001500
14.145390 775.353600 88.903500
14.177670 782.997600 97.524000
14.194950 769.843200 78.928500
14.211000 769.826400 81.847500
14.227600 776.714400 89.250000
14.242860 827.719200 102.417000
14.275700 850.080000 98.364000
14.292360 846.585600 118.912500
14.308780 846.753600 116.140500
14.325200 856.699200 90.258000
14.341490 859.135200 83.632500
14.374450 827.803200 89.428500
14.390750 911.517600 85.879500
14.423520 917.095200 75.369000
14.440000 910.593600 93.334500
14.456420 910.291200 96.190500
14.472720 935.726400 91.413000
14.489440 941.337600 101.986500
14.506290 940.984800 104.548500
14.522460 906.259200 115.668000
14.538570 914.020800 109.483500
14.554990 913.718400 112.108500
14.571720 936.583200 92.736000
14.588010 938.330400 90.163500
14.621950 941.001600 119.374500
14.638670 993.535200 107.352000
14.655270 993.972000 104.737500
14.675480 1027.504800 48.268500
14.688350 1049.764800 40.215000
14.703490 1050.991200 34.230000
14.719300 1004.035200 43.680000
14.735900 1015.576800 53.140500
14.753780 1016.097600 50.127000
14.769650 999.818400 45.612000
14.787290 1005.732000 30.891000
14.818910 998.575200 47.617500
14.835940 994.039200 46.294500
14.852230 993.636000 49.297500
14.868470 1029.184800 37.149000
14.886290 1053.864000 46.231500
14.900700 1053.326400 49.203000
14.916140 1024.632000 65.289000
14.932980 1045.262400 69.195000
14.965820 793.279200 104.506500
14.982730 569.872800 117.201000
15.015630 410.776800 110.155500
15.031740 426.384000 116.833500
15.048460 427.005600 119.469000
15.064510 441.957600 92.463000
15.081300 437.388000 109.903500
15.097410 438.009600 112.539000
15.113530 425.208000 132.951000
15.130370 431.760000 155.421000
15.146970 432.398400 157.951500
15.163210 445.468800 150.129000
15.179750 443.688000 154.087500
15.196170 443.066400 151.599000
15.212590 437.942400 148.711500
15.228760 424.216800 140.805000
15.245120 423.595200 138.264000
15.261780 438.799200 145.488000
15.278440 427.341600 133.938000
15.310850 503.260800 142.800000
15.330020 484.394400 155.589000
15.362300 497.078400 154.854000
15.377080 495.650400 154.990500
15.409480 507.712800 92.830500
15.426090 498.254400 130.798500
15.442500 496.557600 122.797500
15.458560 467.023200 113.442000
15.476560 469.795200 109.504500
15.492740 468.552000 103.960500
15.508790 482.109600 105.693000
15.525760 474.062400 114.397500
15.543210 474.549600 116.928000
15.558170 465.847200 108.685500
15.573490 475.893600 110.029500
15.590580 477.556800 118.387500
15.606570 462.840000 125.863500
15.623170 518.817600 138.348000
15.639770 520.430400 146.433000
15.655760 545.210400 155.274000
15.672360 549.158400 146.097000
15.689030 549.561600 148.522500
15.705080 537.734400 162.897000
15.721620 544.824000 150.013500
15.902220 635.644800 90.447000
15.918700 640.113600 111.027000
15.935360 640.752000 117.022500
15.952210 629.176800 135.093000
15.967710 618.122400 143.650500
16.000120 631.394400 117.862500
16.017030 648.732000 114.366000
16.033510 648.496800 111.699000
16.049800 653.016000 117.043500
16.066590 730.212000 109.357500
16.082460 730.464000 116.697000
16.099430 687.976800 149.226000
16.115600 705.700800 144.144000
16.148500 689.892000 141.319500
16.164860 708.657600 134.547000
16.181400 708.876000 139.755000
16.198120 715.948800 149.184000
16.215210 691.740000 142.138500
16.231320 690.799200 128.520000
16.247920 684.516000 135.093000
16.264530 713.764800 133.140000
16.281430 714.067200 138.096000
16.297060 737.100000 120.729000
16.313660 755.193600 116.056500
16.330440 755.143200 113.599500
16.346070 748.826400 123.511500
16.362850 747.331200 164.629500
16.379460 747.600000 173.103000
16.395750 733.168800 156.082500
16.412170 742.543200 156.198000
16.428530 742.492800 153.762000
16.444340 805.123200 155.473500
16.460690 816.480000 172.872000
16.493840 831.314400 133.213500
16.510310 818.949600 112.738500
16.543090 820.596000 141.792000
16.559330 819.268800 166.467000
16.576230 819.352800 163.873500
16.591980 828.055200 124.656000
16.608950 835.615200 119.070000
16.641420 812.313600 135.807000
16.659790 797.613600 134.200500
16.674800 797.630400 131.544000
16.691040 837.076800 123.732000
16.707520 833.918400 123.574500
16.740050 864.158400 119.206500
16.756960 892.970400 141.886500
16.789310 903.571200 90.951000
16.806090 891.912000 112.276500
16.822510 891.693600 114.964500
16.838620 892.147200 135.198000
16.855040 891.105600 144.238500
16.871830 890.853600 146.853000
16.887820 908.896800 138.463500
16.904720 908.040000 117.852000
16.921020 907.771200 120.340500
16.937380 891.189600 132.741000
16.953920 893.222400 123.658500
16.970090 893.004000 126.094500
16.986450 986.731200 122.419500
17.002750 1002.237600 70.539000
17.035520 997.852800 93.534000
17.052120 993.921600 77.584500
17.232850 985.924800 120.288000
17.249390 997.466400 112.234500
17.265750 998.961600 102.900000
17.282040 1046.220000 51.334500
17.298460 1058.887200 46.116000
17.314580 1061.121600 33.883500
17.331420 1065.506400 25.977000
17.347840 1050.319200 34.944000
17.380800 1051.108800 48.541500
17.396790 1057.845600 46.914000
17.413700 1055.544000 58.695000
17.429870 1035.283200 67.011000
17.446290 1062.112800 87.538500
17.462950 1060.248000 96.873000
17.479000 867.854400 130.011000
17.495480 631.596000 150.118500
17.528320 462.705600 118.797000
17.545040 461.731200 142.443000
17.561220 459.799200 134.337000
17.577760 462.722400 134.725500
17.594180 459.513600 121.254000
17.626830 470.265600 109.798500
17.643370 458.220000 101.934000
17.659850 458.824800 104.443500
17.675960 431.340000 131.617500
17.694950 433.440000 134.473500
17.711670 435.741600 142.474500
17.727600 441.554400 149.236500
17.741940 449.097600 135.082500
17.758790 448.442400 132.331500
17.774780 448.627200 142.474500
17.791810 427.677600 125.758500
17.823850 447.333600 119.847000
17.840940 449.248800 119.343000
17.857300 448.627200 116.770500
17.873050 495.818400 153.069000
17.890080 499.195200 122.839500
17.907960 499.699200 125.674500
17.924190 486.292800 135.597000
17.941530 486.343200 147.987000
17.972230 520.262400 131.313000
17.989140 522.580800 129.223500
18.005550 523.051200 131.806500
18.021420 514.080000 125.653500
18.038150 500.572800 142.159500
18.070740 522.564000 160.104000
18.086910 512.500800 131.019000
18.103520 511.509600 125.569500
18.120120 514.634400 105.336000
18.136410 505.075200 116.634000
18.152890 504.067200 111.226500
18.169430 573.333600 88.935000
18.185550 564.933600 107.530500
18.202030 564.580800 104.727000
18.218630 574.526400 107.247000
18.234990 586.236000 113.547000
18.251530 586.588800 116.319000
18.269530 558.801600 116.665500
18.284300 569.973600 132.363000
18.316830 594.804000 144.805500
18.333740 698.191200 119.448000
18.350160 698.342400 122.052000
18.366210 763.996800 147.073500
18.383420 759.343200 157.668000
18.399480 759.309600 155.116500
18.415710 756.168000 163.590000
18.432310 760.334400 156.439500
18.465030 759.780000 150.612000
18.481320 761.376000 150.129000
18.514040 773.404800 147.546000
18.530820 758.520000 146.926500
18.547060 758.520000 149.478000
18.563420 781.754400 166.120500
18.579960 743.668800 159.652500
18.612610 735.336000 166.740000
18.629460 729.758400 162.739500
18.662230 733.572000 165.343500
18.678530 848.568000 175.476000
18.710940 843.259200 151.945500
18.728090 845.695200 171.801000
18.760500 869.097600 166.341000
18.777160 825.904800 152.344500
18.793460 826.022400 149.782500
18.809750 842.234400 144.490500
18.826600 844.435200 136.122000
18.859380 823.048800 162.487500
18.875850 817.370400 130.389000
18.910220 830.407200 145.908000
18.929690 838.723200 129.538500
18.958190 832.288800 145.908000
18.974730 818.227200 150.475500
18.991090 818.311200 147.850500
19.007200 829.113600 133.161000
19.024960 823.401600 123.574500
19.057920 925.276800 142.506000
19.073240 885.931200 152.050500
19.089540 885.712800 154.581000
19.105530 893.659200 153.678000
19.122130 912.374400 174.835500
19.154910 903.890400 157.531500
19.171810 929.611200 168.063000
19.188230 929.040000 172.945500
19.204470 924.688800 181.797000
19.221440 912.273600 177.229500
19.253420 957.885600 173.890500
19.270510 972.064800 181.167000
19.286560 971.678400 183.697500
19.303040 964.471200 179.613000
19.319520 959.935200 164.640000
19.336240 960.573600 159.694500
19.352420 957.852000 169.008000
19.368650 962.337600 162.225000
19.402530 981.237600 172.872000
19.419190 1031.469600 156.502500
19.697020 428.131200 152.848500
19.713750 438.732000 148.837500
19.730410 439.975200 153.909000
19.746520 431.978400 133.749000
19.763120 440.781600 110.386500
19.779300 441.403200 113.032500
19.796330 453.045600 145.215000
19.812380 462.504000 159.579000
19.828610 463.780800 164.776500
19.845150 523.471200 159.694500
19.861390 538.826400 161.941500
19.878170 538.356000 159.495000
19.895390 536.340000 180.547500
19.910770 527.503200 169.785000
19.927310 527.016000 167.349000
20.190550 594.283200 103.351500
20.206850 596.534400 129.255000
20.238770 620.373600 142.422000
20.255370 631.209600 125.758500
20.288450 642.549600 131.208000
20.305910 634.250400 125.832000
20.322330 633.998400 123.133500
20.338200 654.763200 146.401500
20.355710 639.643200 152.974500
20.371640 639.391200 150.349500
20.387630 655.233600 138.526500
20.406250 735.184800 151.956000
20.421140 735.252000 154.423500
20.437070 749.313600 138.127500
20.454960 752.035200 160.860000
20.473940 752.068800 165.847500
20.485410 751.984800 184.548000
20.501950 748.893600 171.559500
20.518740 748.944000 178.594500
20.535100 778.428000 207.312000
20.551760 779.368800 192.181500
20.569890 779.385600 189.787500
20.584470 763.190400 199.069500
20.600890 753.967200 174.342000
20.633360 752.992800 186.952500
20.650210 766.903200 170.572500
20.666750 766.886400 165.826500
20.682680 754.320000 179.203500
20.699580 817.286400 178.605000
20.716060 817.168800 181.020000
20.732120 840.386400 179.487000
20.748840 831.448800 192.076500
20.782900 828.475200 170.740500
20.797910 836.220000 188.580000
20.814640 836.354400 186.007500
20.830750 837.295200 190.533000
20.847470 831.768000 173.743500
20.879760 832.708800 172.704000
20.897400 871.029600 192.591000
20.913020 871.214400 190.270500
20.929260 904.495200 166.918500
20.945800 893.928000 173.985000
20.962100 893.928000 173.985000
20.978520 881.126400 198.397500
20.995300 889.257600 193.746000
21.011600 889.543200 191.467500
21.028080 871.416000 162.781500
21.044370 897.220800 171.801000
21.061830 897.456000 169.228500
21.077390 711.429600 145.467000
21.093750 501.412800 171.318000
21.110470 502.437600 176.326500
21.126650 430.584000 181.639500
21.143070 425.409600 175.213500
21.175960 452.642400 185.955000
21.192020 430.869600 195.394500
21.208070 432.180000 200.340000
21.224610 466.519200 170.047500
21.241330 433.120800 162.666000
21.273990 450.592800 199.479000
21.290650 433.507200 201.180000
21.323120 433.255200 202.828500
21.340030 456.892800 201.894000
21.356320 456.288000 199.573500
21.372740 456.943200 194.103000
21.389220 554.433600 181.072500
21.422060 546.940800 173.943000
21.438350 548.822400 179.403000
21.470950 550.536000 191.173500
21.487920 556.600800 198.933000
21.520570 540.254400 195.363000
21.536930 530.023200 188.223000
21.553530 529.552800 185.808000
21.569700 532.056000 195.027000
21.586300 510.669600 200.235000
21.602780 511.173600 202.576500
21.618840 532.610400 203.227500
21.635740 508.149600 207.028500
21.668460 547.814400 198.103500
21.685000 530.476800 202.692000
21.701170 530.980800 205.086000
21.717410 552.199200 213.769500
21.734250 545.697600 218.022000
21.750610 545.277600 215.722500
21.766850 551.359200 200.928000
21.783260 565.488000 196.486500
21.799870 565.891200 198.828000
21.816040 546.571200 211.827000
21.832820 538.557600 187.519500
21.848750 538.104000 185.041500
21.865300 582.187200 182.574000
21.881710 597.105600 217.213500
21.899050 596.736000 214.693500
21.915340 578.944800 197.515500
21.932010 582.943200 183.141000
21.948430 582.624000 180.799500
21.964540 566.412000 191.425500
21.981450 552.804000 193.945500
21.998290 553.257600 196.245000
22.013790 680.836800 185.829000
22.030520 675.662400 206.881500
22.063290 691.471200 220.762500
22.080200 681.105600 195.625500
22.096620 681.324000 197.946000
22.112370 697.670400 225.414000
22.129270 666.792000 301.969500
22.162350 647.656800 488.187000
22.178470 711.765600 416.125500
22.195070 711.849600 420.462000
22.410400 773.472000 205.569000
22.430790 785.786400 221.455500
22.458070 771.288000 190.659000
22.473690 785.584800 214.105500
22.507510 766.315200 186.406500
22.523860 768.230400 206.965500
22.540220 768.213600 204.466500
22.555540 770.162400 209.737500
22.572630 849.324000 199.206000
22.588990 849.156000 201.568500
22.605160 847.072800 186.165000
22.621890 864.326400 199.332000
22.655520 839.815200 194.218500
22.670780 838.068000 201.463500
22.703740 852.633600 215.638500
22.720580 848.282400 207.459000
22.736390 848.467200 205.170000
22.752990 857.203200 205.296000
22.769710 907.704000 183.498000
22.951110 1019.121600 200.497500
22.967710 1006.454400 211.522500
22.999880 1014.333600 231.157500
23.015870 1034.241600 242.434500
23.032350 1034.796000 240.030000
23.048520 1007.210400 198.691500
23.065060 1037.030400 227.472000
23.081480 1037.584800 225.025500
23.097530 1020.163200 207.732000
23.114260 976.147200 176.085000
23.130740 976.567200 173.523000
23.147160 516.667200 208.687500
23.163820 432.129600 184.674000
23.180050 433.423200 189.567000
23.196590 464.872800 206.104500
23.213260 450.004800 205.075500
23.229550 450.660000 207.700500
23.246150 443.385600 231.567000
23.262210 446.376000 194.932500
23.278500 447.602400 200.025000
23.294680 468.518400 221.329500
23.318120 456.573600 226.537500
23.329040 457.128000 228.753000
23.344240 453.700800 220.059000
23.360530 441.655200 227.367000
23.393370 436.128000 242.760000
23.410100 426.686400 225.529500
23.442810 427.190400 217.108500
23.459590 447.434400 216.562500
23.475770 446.846400 214.336500
23.492130 432.432000 215.775000
23.508790 444.444000 230.580000
23.524780 443.704800 227.986500
23.541380 462.403200 252.241500
23.558040 436.800000 243.757500
23.574460 436.144800 241.542000
23.590520 449.836800 265.303500
23.607060 450.643200 259.518000
23.639650 441.554400 269.776500
23.656740 456.741600 261.208500
23.673030 457.447200 263.644500
23.688780 446.342400 256.284000
23.705810 466.166400 257.113500
23.738650 476.347200 223.681500
23.754880 476.011200 284.025000
23.771550 475.456800 281.820000
23.787840 558.112800 244.786500
23.806700 543.228000 249.837000
23.836610 558.062400 279.783000
23.853390 554.517600 263.991000
23.886170 569.469600 260.715000
23.902890 538.843200 271.897500
23.935790 566.966400 276.066000
23.952150 556.130400 286.629000
23.985780 544.538400 235.116000
24.001400 539.750400 259.791000
24.034480 605.791200 282.691500
24.050960 596.920800 283.090500
24.067870 595.896000 275.352000
24.083560 599.558400 259.770000
24.100520 566.076000 241.552500
24.133060 660.055200 246.246000
24.149780 657.434400 213.507000
24.182370 667.178400 231.714000
24.198610 678.568800 240.408000
24.215150 679.375200 252.546000
24.231320 643.776000 268.044000
24.248290 666.069600 276.507000
24.265630 665.700000 271.477500
24.281800 663.180000 304.353000
24.301510 664.591200 270.732000
24.314700 664.759200 272.958000
24.329650 660.240000 252.567000
24.346800 667.060800 268.044000
24.362610 666.624000 263.854500
24.379390 662.054400 244.597500
24.396670 729.052800 231.336000
24.428340 745.180800 262.930500
24.445190 740.124000 271.141500
24.461790 740.107200 268.884000
24.478270 752.774400 256.357500
24.494750 733.605600 241.153500
24.527470 749.750400 273.367500
24.543760 743.668800 272.107500
24.560610 743.702400 274.344000
24.576660 743.013600 278.260500
24.593440 738.309600 270.952500
24.626040 746.760000 276.171000
24.642700 731.976000 276.570000
24.658870 731.976000 276.570000
24.675170 740.476800 272.254500
24.692140 751.951200 264.537000
24.708250 751.833600 254.656500
24.724490 753.933600 279.268500
24.741150 810.196800 253.050000
24.757630 810.079200 255.192000
24.773800 824.510400 279.184500
24.790590 840.840000 260.232000
24.806950 840.588000 262.500000
24.823000 842.284800 271.614000
24.839660 820.747200 278.470500
24.856020 820.176000 286.062000
24.872560 846.921600 288.508500
24.888850 860.546400 279.625500
24.906490 860.311200 281.652000
24.921630 835.077600 289.149000
24.938660 844.687200 301.738500
24.955080 866.947200 76.377000
25.250610 859.236000 29.788500
25.266970 853.843200 266.626500
25.282650 843.158400 294.388500
25.299010 855.573600 71.956500
25.546020 941.505600 98.868000
25.565060 930.333600 296.362500
25.579900 945.302400 296.341500
25.596370 946.058400 291.826500
25.613280 966.856800 306.495000
25.629030 916.204800 296.205000
25.644230 916.440000 294.252000
25.660640 931.543200 285.652500
25.677060 935.155200 286.965000
25.693660 963.883200 67.861500
25.941350 999.331200 124.708500
25.956600 987.420000 303.271500
25.974060 971.107200 297.853500
25.991030 1016.349600 14.353500
26.153500 1019.373600 285.285000
26.169980 1003.128000 278.292000
26.186650 1002.204000 282.471000
26.202510 992.443200 283.342500
26.219360 1018.348800 303.072000
26.235840 1017.391200 307.135500
26.251710 691.084800 357.262500
26.268310 506.856000 333.858000
26.285280 507.763200 337.911000
26.301330 442.142400 331.852500
26.318050 434.448000 345.208500
26.334290 433.070400 341.187000
26.350770 428.013600 316.858500
26.367190 420.705600 325.857000
26.383300 419.294400 321.856500
26.399660 414.523200 316.669500
26.416500 410.709600 322.665000
26.432920 410.054400 320.691000
26.448730 447.014400 300.331500
26.465390 422.486400 308.280000
26.482360 423.208800 310.380000
26.499020 437.320800 322.728000
26.515380 429.408000 318.580500
26.547910 456.321600 324.177000
26.564580 442.932000 312.501000
26.580750 442.209600 310.453500
26.596860 470.282400 295.039500
26.613770 487.132800 306.432000
26.630430 487.670400 308.343000
26.646670 500.001600 325.279500
26.663210 495.448800 315.955500
26.697020 482.126400 317.793000
26.713620 471.240000 304.689000
26.728330 472.399200 308.689500
26.744930 477.741600 321.153000
26.760620 479.841600 323.652000
26.777160 479.304000 321.762000
26.793520 548.150400 305.802000
26.811340 567.974400 310.012500
26.828310 568.344000 312.175500
26.845210 569.049600 327.138000
26.859680 575.551200 363.258000
26.875730 575.198400 361.410000
26.892520 582.439200 345.702000
26.909180 565.924800 342.825000
26.941890 564.076800 329.416500
26.958310 578.911200 331.348500
26.990780 586.874400 334.551000
27.007390 586.303200 333.249000
27.039920 588.890400 338.404500
27.056880 592.200000 342.100500
27.089600 595.375200 331.737000
27.106140 573.820800 334.141500
27.122800 538.473600 120.844500
27.368530 644.968800 116.823000
27.385010 682.550400 326.928000
27.401670 676.200000 318.675000
27.418210 676.200000 318.675000
27.434330 770.313600 315.777000
27.451230 771.741600 317.047500
27.483520 769.137600 324.775500
27.500180 744.928800 320.880000
27.516850 737.066400 39.396000
28.059330 945.974400 60.427500
28.075200 910.140000 326.403000
28.092040 898.212000 352.086000
28.125000 899.959200 356.800500
28.142400 906.024000 342.825000
28.158690 906.024000 342.825000
28.174440 895.221600 350.374500
28.191280 896.246400 330.340500
28.223510 997.701600 322.066500
28.240420 989.637600 320.460000
28.273190 997.684800 320.428500
28.289550 989.587200 325.552500
28.322510 993.031200 334.362000
28.339600 986.059200 307.629000
28.355650 985.605600 309.571500
28.371830 992.577600 329.017500
28.388180 1009.713600 309.907500
28.404850 1009.260000 311.850000
28.420900 996.626400 322.182000
28.437990 994.257600 324.282000
28.453860 993.804000 326.235000
28.470520 1010.570400 338.625000
28.487060 977.676000 338.950500
28.519710 1041.583200 352.012500
28.535950 1031.284800 344.421000
28.568540 1030.478400 348.327000
28.585210 1022.296800 328.251000
28.618650 1028.227200 359.814000
28.634640 995.920800 333.375000
28.668880 593.124000 391.167000
28.684690 473.944800 386.515500
28.701350 472.248000 380.625000
28.717470 467.140800 347.056500
28.734010 488.577600 336.535500
28.751160 486.897600 330.508500
28.766970 468.434400 373.201500
28.783260 456.590400 333.196500
28.799500 454.809600 327.274500
28.815120 435.002400 296.614500
28.831970 403.687200 308.490000
28.864500 430.819200 318.738000
28.881290 413.212800 327.873000
28.897280 413.918400 329.994000
28.913210 429.139200 305.560500
28.929930 426.232800 327.652500
28.963130 412.087200 335.128500
28.979860 412.708800 322.045500
29.012390 433.104000 320.061000
29.028690 411.768000 330.361500
29.045530 411.028800 328.230000
29.061280 498.220800 310.716000
29.078610 533.635200 323.925000
29.110530 518.162400 330.792000
29.127690 516.196800 320.460000
29.143860 517.792800 328.062000
29.160220 519.825600 315.966000
29.176450 510.888000 348.274500
29.193180 513.004800 356.065500
29.209590 509.762400 356.968500
29.226260 528.544800 360.748500
29.242610 530.577600 368.329500
29.258610 531.921600 382.452000
29.275570 533.668800 370.828500
29.308110 551.628000 365.515500
29.324340 517.960800 391.954500
29.358580 596.551200 378.073500
29.373780 620.407200 368.802000
29.390500 619.936800 365.211000
29.406560 606.900000 370.503000
29.424560 623.179200 356.139000
29.441590 622.742400 352.516500
29.455570 610.864800 333.889500
29.472290 619.348800 341.617500
29.489750 578.424000 58.999500
29.685730 620.894400 50.137500
29.702390 650.798400 340.725000
29.718990 651.672000 354.280500
29.751770 655.032000 331.695000
29.768310 651.588000 350.332500
29.800960 648.446400 344.757000
29.817260 645.489600 351.865500
29.850100 663.180000 327.306000
29.867490 651.890400 339.696000
29.899410 695.368800 355.393500
29.915830 672.168000 375.018000
29.932250 672.520800 378.850500
29.948610 676.620000 367.395000
29.965330 660.424800 361.630500
29.997680 686.296800 339.297000
30.015380 670.118400 342.373500
30.030880 670.303200 344.410500
30.047060 673.024800 356.275500
30.063780 686.028000 350.080500
30.080200 685.792800 346.164000
30.096130 825.115200 354.280500
30.113340 837.799200 326.025000
30.129580 845.812800 156.145500
30.145750 861.386400 22.396500
30.425170 784.358400 116.266500
30.441410 805.778400 337.228500
30.458070 827.568000 327.327000
30.490780 877.598400 319.074000
30.507320 897.607200 328.429500
30.523500 918.993600 116.298000
30.820310 1027.051200 102.637500
30.835880 971.611200 321.562500
30.853150 981.288000 327.726000
30.885380 966.033600 326.256000
30.902220 983.018400 318.549000
30.934630 1007.210400 317.268000
30.954220 1001.196000 325.206000
30.983400 1012.485600 347.875500
30.999880 1003.598400 348.253500
31.016170 1058.131200 75.411000
31.213380 358.831200 71.473500
31.229920 444.057600 341.187000
31.246400 424.905600 348.715500
31.280700 462.386400 336.903000
31.295470 432.499200 344.074500
31.312130 433.120800 346.069500
31.328370 500.472000 333.312000
31.346130 511.576800 330.204000
31.379150 491.971200 344.116500
31.395390 502.588800 341.082000
31.427370 497.985600 340.242000
31.444090 509.678400 354.417000
31.476260 493.281600 339.465000
31.493290 499.548000 338.688000
31.509700 500.052000 340.651500
31.525510 507.864000 305.350500
31.542480 485.822400 331.453500
31.575130 509.174400 338.446500
31.591610 503.412000 339.696000
31.625550 544.588800 357.388500
31.641050 555.189600 360.948000
31.657290 554.786400 359.110500
31.673160 550.972800 338.037000
31.689580 560.868000 364.675500
31.722230 586.219200 350.700000
31.738890 603.271200 354.396000
31.772830 584.875200 318.318000
31.792910 653.049600 355.918500
31.808530 652.864800 353.850000
31.824460 658.492800 362.701500
31.846310 666.976800 374.335500
31.854250 646.749600 161.605500
32.002320 631.360800 165.627000
32.018800 741.652800 352.390500
32.036930 751.279200 395.766000
32.067810 755.731200 357.000000
32.084350 736.108800 348.642000
32.100770 736.125600 346.636500
32.117250 738.343200 362.974500
32.135560 732.463200 377.286000
32.151430 732.564000 379.270500
32.167110 740.846400 345.576000
32.183110 735.302400 374.598000
32.199340 735.336000 376.530000
32.215330 744.744000 377.338500
32.231930 735.369600 354.081000
32.248720 735.436800 356.076000
32.266110 756.688800 395.965500
32.281620 834.120000 358.060500
32.313840 799.478400 360.780000
32.330810 818.412000 375.375000
32.363340 811.792800 377.391000
32.379760 809.121600 364.287000
32.396610 816.261600 87.486000
32.889470 966.168000 87.769500
32.905330 957.096000 370.293000
32.924070 941.539200 355.057500
32.954590 962.337600 366.744000
32.973450 961.346400 362.733000
33.004820 952.996800 340.861500
33.022400 941.858400 343.056000
33.053470 1003.178400 339.150000
33.070620 1004.304000 366.408000
33.086730 1003.816800 368.329500
33.102970 997.718400 358.890000
33.119750 988.663200 363.835500
33.135740 988.243200 365.809500
33.152040 1019.172000 362.071500
33.168700 1026.681600 367.689000
33.185490 1026.076800 369.621000
33.201350 682.147200 394.621500
33.218440 489.384000 389.686500
33.252010 468.199200 397.761000
33.269230 474.163200 387.271500
33.300600 470.786400 392.794500
33.317810 456.120000 414.372000
33.349850 462.840000 377.380500
33.368230 451.466400 390.946500
33.399110 438.076800 360.034500
33.416080 448.324800 388.972500
33.448550 444.561600 377.338500
33.465330 423.343200 379.081500
33.497740 416.119200 396.921000
33.513430 432.448800 394.033500
33.545960 430.869600 353.083500
33.562560 439.320000 363.688500
33.595640 455.246400 390.453000
33.611940 523.370400 374.776500
33.644650 527.318400 380.425500
33.661620 530.577600 391.503000
33.694520 506.368800 384.100500
33.710750 524.697600 389.592000
33.726870 525.117600 391.324500
33.742980 521.858400 390.358500
33.759700 519.540000 378.136500
33.791870 528.813600 375.784500
33.809020 520.262400 373.558500
33.841670 596.568000 387.901500
33.858280 592.569600 372.897000
33.891360 597.307200 367.101000
33.908390 581.649600 364.381500
33.940490 612.696000 386.095500
33.956970 600.247200 395.913000
33.973510 600.532800 397.656000
33.989690 616.795200 390.831000
34.006470 605.522400 379.501500
34.022280 605.287200 377.611500
34.038510 654.780000 390.432000
34.055730 643.540800 390.694500
34.072630 643.322400 388.773000
34.088810 663.885600 393.886500
34.106020 656.560800 388.857000
34.142580 714.907200 413.605500
34.155880 724.634400 422.971500
34.187930 716.436000 396.679500
34.203430 704.894400 397.551000
34.220030 705.096000 401.352000
34.236510 726.868800 406.549500
34.253110 729.103200 411.558000
34.269470 729.052800 409.752000
34.285400 687.892800 415.548000
34.302310 725.440800 380.541000
34.318540 725.541600 382.389000
34.334960 699.316800 402.192000
34.352480 723.693600 405.237000
34.384280 717.578400 403.000500
34.401000 742.795200 405.856500
34.417420 742.761600 403.977000
34.433410 708.523200 414.277500
34.450320 734.798400 393.235500
34.466980 734.781600 391.398000
34.482600 736.948800 362.617500
34.499570 730.665600 395.199000
34.532230 735.000000 392.406000
34.548830 731.253600 421.176000
34.565370 731.236800 423.087000
34.581300 830.642400 392.521500
34.598210 825.148800 402.864000
34.614500 825.367200 400.963500
34.630310 819.084000 381.003000
34.647460 823.620000 398.580000
34.663510 823.267200 402.076500
34.679750 808.399200 404.397000
34.696590 827.148000 393.550500
34.713130 827.332800 391.587000
34.729130 506.536800 396.984000
34.746030 441.067200 430.122000
34.761960 442.226400 433.639500
34.778380 455.918400 416.461500
34.796080 457.816800 390.106500
34.811400 456.069600 384.594000
34.827450 445.132800 399.672000
34.844600 459.950400 422.488500
34.860660 461.143200 426.037500
34.877010 471.307200 424.746000
34.893800 458.304000 415.033500
34.910340 457.699200 413.290500
34.926450 451.248000 413.070000
34.942990 432.532800 415.569000
34.959230 433.188000 417.448500
34.976500 418.404000 421.113000
34.993160 455.162400 415.075500
35.025510 453.986400 417.385500
35.041560 480.631200 408.250500
35.074040 536.961600 432.075000
35.093140 523.521600 422.929500
35.125430 558.247200 418.026000
35.140200 523.908000 437.010000
35.156310 524.344800 438.564000
35.172850 248.287200 972.583500
35.387760 600.835200 406.633500
35.419920 581.011200 454.219500
35.436830 577.348800 447.982500
35.453060 576.542400 444.622500
35.468380 651.621600 429.534000
35.485230 647.589600 412.198500
35.502140 647.119200 408.628500
35.518010 629.496000 390.894000
35.534420 631.629600 394.170000
35.551210 631.176000 390.652500
35.566890 632.436000 404.701500
35.583070 639.458400 419.685000
35.615970 636.636000 393.708000
35.632750 638.904000 396.585000
35.648990 638.904000 396.585000
35.664980 632.016000 396.448500
35.681700 626.001600 423.328500
35.714230 632.234400 423.864000
35.730770 648.412800 433.398000
35.765080 718.754400 435.288000
35.781680 702.391200 436.002000
35.798950 702.290400 434.154000
35.813720 716.570400 432.862500
35.831240 710.640000 421.501500
35.863040 703.634400 437.587500
35.880740 738.511200 428.725500
35.911380 703.214400 414.792000
35.928280 682.735200 425.397000
35.944640 683.037600 429.019500
35.961120 709.867200 418.950000
35.977780 689.203200 427.108500
36.011170 705.045600 460.677000
36.028020 748.356000 446.691000
36.060360 772.917600 415.695000
36.076900 772.900800 398.391000
36.093440 772.934400 396.574500
36.110110 735.252000 401.110500
36.126280 751.548000 398.454000
36.159240 736.394400 465.811500
36.175540 699.232800 412.629000
36.192020 699.316800 414.382500
36.208560 687.019200 444.559500
36.225650 719.073600 435.109500
36.240230 718.821600 428.967000
36.257020 693.991200 393.403500
36.273130 705.768000 413.931000
36.289790 705.684000 412.114500
36.306270 721.207200 442.407000
36.322330 699.602400 410.970000
36.339170 699.484800 407.641500
36.355470 687.052800 419.191500
36.372250 698.560800 403.158000
36.388610 698.980800 412.482000
36.404790 714.856800 412.471500
36.421570 705.028800 429.502500
36.437740 705.146400 431.340000
36.454100 743.047200 429.943500
36.470520 777.957600 425.281500
36.487430 778.024800 423.318000
36.503230 733.639200 420.871500
36.520080 742.442400 400.606500
36.536740 742.375200 393.372000
36.552730 764.198400 417.543000
36.568970 773.371200 416.829000
36.585630 773.455200 413.049000
36.602050 745.029600 399.556500
36.618530 772.178400 406.801500
36.634890 772.077600 410.560500
36.651000 743.937600 406.339500
36.667540 757.596000 405.772500
36.701540 748.473600 385.066500
36.718080 823.569600 425.145000
36.734740 823.166400 428.799000
36.750790 819.050400 428.473500
36.768620 824.712000 405.321000
36.798890 811.003200 397.246500
36.815490 809.172000 422.677500
36.833190 808.903200 426.520500
36.849180 819.218400 438.795000
36.866880 837.026400 437.965500
36.882390 857.253600 248.409000
36.897770 826.308000 38.650500
38.032100 1017.172800 326.707500
38.049680 1009.898400 351.004500
38.080320 989.217600 416.451000
38.097110 963.076800 373.023000
38.113650 962.690400 375.196500
38.129390 977.760000 399.168000
38.146300 975.576000 392.269500
38.164060 975.072000 394.327500
38.180480 971.661600 391.513500
38.196720 969.376800 389.959500
38.212220 968.923200 391.902000
38.228580 958.524000 421.407000
38.245000 1018.348800 420.252000
38.261720 1017.828000 422.089500
38.277770 1029.319200 412.335000
38.294190 1033.603200 442.753500
38.311580 1032.998400 444.580500
38.327090 1019.004000 408.775500
38.343870 1010.738400 440.181000
38.375980 1041.986400 413.343000
38.393190 1035.652800 395.115000
38.425350 1009.142400 404.281500
38.442080 1036.778400 411.495000
38.475160 970.368000 427.854000
38.491700 752.287200 436.086000
38.510680 752.388000 434.175000
38.524230 438.177600 435.991500
38.540830 437.035200 451.311000
38.573490 427.778400 423.664500
38.590210 472.029600 423.045000
38.623840 430.970400 452.749500
38.639280 434.767200 459.522000
38.655940 433.305600 455.469000
38.671880 423.511200 432.264000
38.688900 465.864000 446.334000
38.705930 464.049600 440.412000
38.722470 431.860800 436.558500
38.739620 431.743200 393.918000
38.754580 429.676800 387.796500
38.770510 440.344800 398.002500
38.786990 514.315200 389.014500
38.803650 515.793600 395.010000
38.819640 530.728800 410.634000
38.838130 528.292800 396.354000
38.852840 528.847200 398.580000
38.869140 528.595200 402.790500
38.886110 543.261600 416.850000
38.902040 544.236000 421.039500
38.918700 519.405600 421.732500
38.935060 532.005600 437.020500
38.968810 551.762400 427.465500
38.984620 545.059200 419.926500
39.000730 545.949600 423.843000
39.017270 530.846400 433.198500
39.033390 537.129600 417.879000
39.051150 537.616800 419.737500
39.066410 580.692000 435.571500
39.082950 575.920800 425.113500
39.115540 596.047200 429.870000
39.132450 580.255200 414.288000
39.166750 567.016800 445.641000
39.181700 572.846400 445.158000
39.214360 590.503200 422.908500
39.231080 638.988000 436.023000
39.247500 638.215200 430.111500
39.263670 637.980000 409.741500
39.279910 645.472800 413.238000
39.296940 645.674400 414.970500
39.312930 661.315200 432.768000
39.329350 652.008000 414.099000
39.362240 656.107200 414.078000
39.378910 652.831200 430.552500
39.395140 653.352000 434.721000
39.411320 665.901600 447.037500
39.427980 642.549600 441.294000
39.444460 642.297600 439.582500
39.460510 661.701600 452.623500
39.477170 651.991200 447.457500
39.494200 651.554400 443.625000
39.509580 699.602400 439.593000
39.526610 693.672000 433.314000
39.559270 688.531200 435.960000
39.576170 690.765600 415.842000
39.592470 690.396000 411.988500
39.608220 689.438400 412.587000
39.625120 696.662400 421.323000
39.641300 696.528000 419.244000
39.658020 695.167200 394.285500
39.674620 716.301600 431.655000
39.706730 774.748800 428.988000
39.723570 786.626400 456.309000
39.740300 786.542400 462.976500
39.756290 768.012000 437.209500
39.773130 776.008800 444.591000
39.789430 775.908000 448.444500
39.805540 752.404800 438.291000
39.825130 759.830400 449.463000
39.855100 797.664000 471.817500
39.871700 763.072800 449.316000
39.887940 763.106400 444.465000
39.905700 762.081600 417.921000
39.921020 784.140000 450.975000
39.937070 784.089600 452.718000
39.953550 830.827200 443.037000
39.970210 840.806400 471.765000
40.003850 876.540000 446.670000
40.020260 844.384800 451.615500
40.037230 844.032000 454.965000
40.053340 829.382400 456.897000
40.069640 858.631200 455.826000
40.084720 883.411200 214.977000
40.233520 873.633600 203.311500
40.249020 891.912000 461.590500
40.265440 901.773600 421.764000
40.282290 902.059200 419.790000
40.298400 895.893600 436.464000
40.314820 862.260000 453.190500
40.331120 862.461600 451.258500
40.347660 877.632000 415.674000
40.364500 858.345600 416.493000
40.380550 857.908800 419.968500
40.396790 856.279200 439.110000
40.413270 873.583200 456.330000
40.430110 873.314400 458.178000
40.446290 866.056800 415.716000
40.462590 840.235200 442.585500
40.479490 840.033600 444.444000
40.495300 908.762400 462.220500
40.512210 977.491200 479.377500
40.528690 978.280800 476.133000
40.544620 975.340800 454.219500
40.564580 989.536800 450.765000
40.595700 951.216000 451.857000
40.611630 960.120000 463.858500
40.643620 946.327200 452.707500
40.660280 985.706400 447.090000
40.693480 955.668000 461.097000
40.711300 949.720800 448.633500
40.741820 934.651200 439.194000
40.758420 991.216800 432.222000
40.790470 1014.636000 440.884500
40.807250 1054.519200 457.873500
40.840210 1026.681600 467.134500
40.856510 1025.320800 437.755500
40.889400 1034.544000 467.565000
40.906010 1028.731200 451.699500
40.939760 1023.540000 431.791500
40.955510 1011.360000 447.720000
40.972290 1011.360000 447.720000
40.988040 923.042400 466.011000
41.005000 681.424800 485.362500
41.037720 447.568800 452.571000
41.054440 434.128800 444.475500
41.070740 434.716800 446.281500
41.087160 453.196800 468.657000
41.103700 420.621600 480.700500
41.137450 458.119200 460.099500
41.152340 433.339200 493.542000
41.184940 465.746400 446.376000
41.201900 449.332800 461.821500
41.218320 448.711200 460.015500
41.234680 448.207200 477.666000
41.251160 446.779200 447.121500
41.283750 450.559200 475.429500
41.300350 506.856000 466.777500
41.316710 508.183200 471.597000
41.333190 542.808000 434.290500
41.351200 532.694400 473.571000
41.382510 523.252800 454.188000
41.398930 544.303200 452.581500
41.415590 543.799200 450.597000
41.431400 520.077600 450.996000
41.448300 528.528000 473.560500
41.464600 525.470400 462.745500
41.481020 524.059200 430.699500
41.497560 535.080000 402.423000
41.514220 533.500800 396.018000
41.530330 530.628000 425.397000
41.546690 526.293600 413.532000
41.563110 525.168000 409.090500
41.579590 563.505600 376.834500
41.595830 557.692800 401.121000
41.628600 569.251200 426.919500
41.645140 527.016000 400.081500
41.661800 528.024000 404.449500
41.679380 549.981600 398.611500
41.694820 538.742400 405.100500
41.711180 540.103200 411.400500
41.727290 562.212000 463.470000
41.744380 567.352800 447.216000
41.760310 568.562400 453.421500
41.776920 543.228000 475.356000
41.793150 559.893600 471.240000
41.809630 559.389600 469.213500
41.825870 544.656000 472.668000
41.842900 605.707200 472.983000
41.859070 605.035200 469.224000
41.875490 627.177600 438.322500
41.891720 613.334400 432.747000
41.908260 612.662400 428.914500
41.924260 613.956000 435.918000
41.941280 611.570400 433.786500
41.973690 624.674400 427.423500
41.990540 605.085600 437.545500
42.023320 627.446400 448.549500
42.039370 631.176000 416.661000
42.072630 609.336000 447.289500
42.088750 618.996000 434.931000
42.121580 621.348000 420.147000
42.138370 635.560800 432.862500
42.171080 620.877600 427.812000
42.187380 625.144800 418.467000
42.223270 688.497600 446.428500
42.236510 698.460000 427.539000
42.269590 694.041600 444.727500
42.286250 700.560000 427.812000
42.318790 703.113600 442.260000
42.335630 705.684000 422.866500
42.367980 704.407200 416.083500
42.384830 689.774400 425.743500
42.417540 701.786400 395.283000
42.434020 701.198400 406.959000
42.467770 699.434400 404.733000
42.483400 705.852000 430.909500
42.516240 799.713600 419.233500
42.532780 782.611200 449.788500
42.565250 797.160000 418.771500
42.581970 783.837600 444.727500
42.614930 791.784000 436.222500
42.631290 784.980000 448.003500
42.647520 784.476000 456.424500
42.663820 798.201600 471.765000
42.680600 779.805600 471.429000
42.697080 779.570400 479.997000
42.713130 784.610400 470.589000
42.730160 780.057600 468.216000
42.746150 779.671200 477.267000
42.762390 790.759200 526.144500
42.779110 845.695200 493.374000
42.795720 846.300000 488.439000
42.812130 881.059200 498.151500
42.828370 849.895200 496.986000
42.844910 875.868000 262.447500
44.816470 872.457600 9.040500
44.832400 889.476000 130.798500
44.849000 831.398400 255.192000
44.865480 824.224800 389.592000
44.881710 826.996800 486.727500
44.898190 824.745600 506.436000
44.930850 823.250400 515.392500
44.947630 802.804800 518.217000
44.980160 925.663200 504.304500
44.997010 925.932000 520.779000
45.013730 926.620800 517.618500
45.030330 920.640000 525.630000
45.047550 921.782400 514.164000
45.080140 925.965600 503.695500
45.095700 916.910400 499.359000
45.111940 917.246400 497.784000
45.128360 917.834400 491.788500
45.145140 927.964800 507.832500
45.161320 927.628800 509.502000
45.177370 998.390400 491.032500
45.194340 1036.039200 496.324500
45.210820 1036.610400 494.770500
45.226990 1025.640000 483.588000
45.243530 1019.541600 475.251000
45.275820 1022.767200 509.428500
45.293150 1047.547200 514.122000
45.325260 837.009600 525.682500
45.342410 629.546400 529.578000
45.374390 498.960000 529.042500
45.395870 527.973600 504.430500
45.423580 524.983200 504.483000
45.440190 508.368000 507.402000
45.473140 533.920800 500.871000
45.489690 521.673600 492.219000
45.522400 544.874400 533.515500
45.538940 530.745600 531.688500
45.571660 528.343200 507.654000
45.588130 516.280800 529.683000
45.620670 513.542400 525.997500
45.637390 568.310400 520.600500
45.670040 575.870400 518.469000
45.686890 560.414400 538.828500
45.720580 555.693600 493.878000
45.736080 581.532000 526.963500
45.768430 560.263200 521.892000
45.785280 597.038400 511.203000
45.820800 587.445600 513.187500
45.835020 574.123200 501.658500
45.867000 664.641600 469.045500
45.883670 646.296000 485.415000
45.901730 646.296000 485.415000
45.917790 637.341600 489.457500
45.934390 644.128800 502.036500
45.954470 623.851200 365.400000
45.966920 611.671200 212.005500
45.983580 594.921600 92.589000
47.707820 358.864800 106.344000
47.724240 420.940800 329.532000
47.740360 483.991200 547.417500
47.757140 469.324800 534.177000
47.789860 466.653600 568.417500
47.808410 474.650400 551.680500
47.839170 562.464000 582.519000
47.855770 722.316000 566.118000
47.888490 758.049600 587.853000
47.904660 741.686400 580.429500
47.937500 776.949600 566.706000
47.953740 777.940800 576.523500
47.987060 765.139200 563.902500
48.005190 774.379200 574.266000
48.036680 747.465600 568.606500
48.052610 821.251200 552.016500
48.085450 967.579200 541.600500
48.101870 948.326400 566.065500
48.136960 938.515200 591.160500
48.151550 945.000000 551.848500
48.183900 969.158400 552.877500
48.200620 949.788000 584.230500
48.233640 943.152000 557.770500
48.251340 960.657600 556.395000
48.282530 923.428800 580.786500
48.299740 932.887200 585.700500
48.332150 937.860000 587.107500
48.349180 917.700000 577.752000
48.381530 915.129600 550.126500
48.398190 915.516000 562.842000
48.430730 913.584000 588.525000
48.447270 917.985600 572.386500
48.479980 844.368000 553.444500
48.496460 833.817600 563.472000
48.530820 842.788800 562.180500
48.547240 832.843200 578.571000
48.577760 830.592000 554.463000
48.594480 839.008800 545.569500
48.627140 826.929600 581.689500
48.643860 847.375200 781.042500
48.923890 698.863200 535.206000
48.940490 685.692000 553.381500
48.955690 685.322400 548.866500
48.972170 717.427200 555.933000
48.988830 693.940800 549.580500
49.007390 693.739200 546.598500
49.021550 712.286400 494.823000
49.038210 706.020000 528.675000
49.054570 705.919200 525.829500
49.070800 683.692800 539.847000
49.087220 572.107200 557.287500
49.104060 572.745600 560.269500
49.120180 511.308000 545.265000
49.136660 494.642400 565.750500
49.153380 495.163200 567.147000
49.169250 532.694400 575.515500
49.187070 491.685600 557.035500
49.202210 492.189600 558.526500
49.218690 521.236800 585.690000
49.235350 512.904000 542.650500
49.251460 511.980000 539.469000
49.268070 523.672800 549.391500
49.284360 491.736000 531.982500
49.301150 490.677600 529.011000
49.317020 456.892800 591.391500
49.335880 434.313600 572.701500
49.350460 433.255200 569.887500
49.366880 446.594400 583.978500
49.385310 449.786400 576.313500
49.416990 449.568000 567.115500
49.433720 438.328800 566.254500
49.465580 450.912000 563.346000
49.482180 450.340800 592.987500
49.514950 468.501600 582.687000
49.531190 460.236000 552.856500
49.563960 503.109600 546.682500
49.580380 491.836800 572.985000
49.596680 492.357600 574.476000
49.612550 490.308000 559.702500
49.629330 527.839200 566.233500
49.663270 488.174400 529.546500
49.678770 495.868800 534.670500
49.711550 499.615200 559.818000
49.727970 496.944000 562.653000
49.744140 496.473600 561.225000
49.761840 509.292000 529.462500
49.782230 577.180800 551.365500
49.810360 563.085600 560.868000
49.827090 558.600000 543.532500
49.859500 525.067200 557.802000
49.876340 540.153600 557.644500
49.892940 540.590400 559.125000
49.909180 551.140800 556.101000
49.925290 577.348800 546.787500
49.941960 578.104800 549.853500
49.958310 659.534400 525.745500
49.975890 628.908000 539.259000
49.992980 598.012800 315.777000
50.007320 594.888000 74.655000
50.172910 512.635200 67.504500
50.188170 551.661600 298.830000
50.204280 587.496000 507.024000
50.220460 597.139200 523.593000
50.237550 597.576000 525.493500
50.253420 603.170400 524.128500
50.270320 593.460000 495.348000
50.302860 616.728000 505.690500
50.319210 620.642400 500.409000
50.335750 620.088000 496.744500
50.351930 582.506400 501.469500
50.368410 657.652800 529.903500
50.385010 657.854400 531.562500
50.401180 700.677600 547.596000
50.418030 697.317600 551.806500
50.434200 697.401600 553.266000
50.451350 700.526400 544.614000
50.468080 726.364800 571.788000
50.484620 726.482400 574.833000
50.500790 685.473600 561.340500
50.517270 700.459200 563.125500
50.533570 700.560000 564.616500
50.550840 694.545600 552.646500
50.567440 691.908000 557.088000
50.598570 683.961600 569.037000
50.615420 680.181600 560.553000
50.648130 750.086400 580.230000
50.664000 767.256000 573.783000
50.696960 770.884800 571.200000
50.713440 752.707200 587.674500
50.730160 751.581600 387.093000
50.746460 789.801600 151.420500
50.910460 838.958400 178.615500
50.927310 827.971200 378.913500
50.943360 843.057600 570.486000
50.960140 820.360800 566.664000
50.976320 820.092000 569.404500
50.992920 833.481600 562.170000
51.009340 837.681600 586.404000
51.027040 837.496800 587.769000
51.043330 824.964000 562.527000
51.063110 854.380800 602.269500
51.076660 853.809600 605.934000
51.093320 838.202400 597.061500
51.109620 822.108000 595.182000
51.125120 822.360000 592.609500
51.140870 829.214400 580.650000
51.158140 837.093600 570.622500
51.191470 848.736000 570.811500
51.208500 821.620800 575.883000
51.224300 822.124800 571.987500
51.239440 852.835200 560.185500
51.256230 821.956800 562.275000
51.288880 827.332800 573.016500
51.306150 837.698400 574.329000
51.322140 866.611200 364.875000
51.337950 877.699200 151.000500
51.453310 875.817600 174.888000
51.469730 857.001600 373.285500
51.486390 841.965600 538.303500
51.502750 842.133600 569.908500
51.518980 841.965600 571.399500
51.535400 836.791200 569.887500
51.552730 859.101600 571.210500
51.569210 858.849600 572.722500
51.585140 857.068800 563.451000
51.602050 839.899200 566.643000
51.635620 859.572000 577.825500
51.650570 870.256800 583.212000
51.666930 870.542400 581.752500
51.682680 861.638400 531.384000
51.699220 852.835200 550.210500
51.715700 852.667200 551.586000
51.732180 862.696800 545.076000
51.748410 856.884000 573.541500
51.781490 863.234400 531.583500
51.798400 866.577600 561.918000
51.814760 901.706400 349.765500
51.831120 910.005600 107.656500
51.995480 761.325600 145.656000
52.012080 759.343200 357.430500
52.027890 741.400800 567.136500
52.044740 735.722400 571.819500
52.060970 735.705600 574.476000
52.077450 746.088000 579.925500
52.094360 732.664800 582.582000
52.110470 732.765600 585.249000
52.126650 727.776000 588.766500
52.143310 738.796800 587.202000
52.159790 738.813600 584.545500
52.177610 755.311200 604.065000
52.194400 744.374400 578.644500
52.209960 744.424800 577.332000
52.226200 762.804000 553.402500
52.242740 757.293600 589.039500
52.275270 786.542400 566.716500
52.293760 874.658400 547.554000
52.308530 874.423200 549.034500
52.323550 904.948800 542.839500
52.340270 881.630400 554.085000
52.374270 849.357600 546.682500
52.389590 878.522400 557.487000
52.422120 871.768800 553.980000
52.438780 891.592800 555.744000
52.455380 911.181600 421.627500
52.471500 914.726400 301.339500
52.488100 916.372800 163.653000
52.505740 925.663200 32.025000
52.603150 970.888800 76.146000
52.619510 972.888000 184.149000
52.636230 951.501600 256.903500
52.653080 929.073600 393.361500
52.669010 903.621600 541.936500
52.685360 881.328000 540.687000
52.701900 905.520000 414.172500
52.718140 971.292000 272.590500
52.734380 964.051200 137.760000
52.751280 963.396000 143.409000
52.767330 916.742400 193.578000
52.783810 973.711200 166.698000
52.800480 973.207200 170.688000
52.816590 977.155200 203.311500
52.835570 961.665600 302.095500
52.849790 937.507200 437.293500
52.866090 916.204800 567.630000
52.882570 958.826400 555.660000
52.915100 924.806400 555.387000
52.931700 926.553600 534.145500
52.964230 945.352800 566.065500
52.981080 922.471200 569.320500
53.014830 923.865600 544.740000
53.033690 942.849600 596.326500
53.065310 957.280800 579.022500
53.080260 959.196000 567.955500
53.096370 960.288000 563.766000
53.112300 985.219200 529.893000
53.129460 989.872800 531.520500
53.145570 991.233600 527.142000
53.161870 994.240800 555.040500
53.178280 997.600800 544.078500
53.194640 998.894400 539.941500
53.210880 978.213600 504.735000
53.227170 997.970400 559.072500
53.259640 993.064800 514.815000
53.276310 994.274400 532.003500
53.309390 983.556000 554.284500
53.325740 986.311200 536.140500
53.360230 978.163200 543.375000
53.377080 984.446400 543.984000
53.392820 1042.372800 322.801500
53.408080 1139.611200 100.905000
53.572690 1026.110400 50.400000
53.588990 1012.788000 139.209000
53.606870 996.172800 235.672500
53.621890 1017.340800 165.532500
53.638180 1038.408000 43.785000
53.737120 1153.538400 46.368000
53.753420 1104.616800 136.311000
53.769710 1085.683200 304.216500
53.788270 1047.496800 428.127000
53.802920 974.752800 527.184000
53.820070 812.632800 584.766000
53.835080 812.448000 586.257000
53.851140 515.256000 552.394500
53.867800 485.301600 559.755000
53.885680 485.788800 561.162000
53.901920 476.515200 586.813500
53.918520 481.538400 583.842000
53.936040 482.109600 585.186000
53.950740 500.690400 575.578500
53.966740 495.700800 572.040000
53.983400 496.238400 573.415500
53.999330 509.342400 590.404500
54.015990 436.497600 548.877000
54.048890 463.881600 554.589000
54.065250 452.844000 561.319500
54.098210 451.466400 556.888500
54.114620 468.888000 563.934000
54.131290 469.946400 566.506500
54.148500 464.620800 588.672000
54.164250 457.531200 587.433000
54.180540 456.892800 586.005000
54.196410 683.491200 568.732500
54.213440 688.783200 585.133500
54.229680 688.682400 583.810500
54.245910 674.940000 559.062000
54.262270 672.235200 563.797500
54.278810 671.848800 559.639500
54.295410 687.926400 576.513000
54.313840 670.639200 552.793500
54.329410 670.790400 554.253000
54.345830 708.355200 572.250000
54.362060 699.787200 554.505000
54.380250 699.904800 555.985500
54.393800 690.832800 590.016000
54.410950 688.581600 596.442000
54.426880 689.152800 601.135500
54.443850 683.928000 615.699000
54.460630 666.926400 593.670000
54.478640 667.447200 597.229500
54.493650 667.346400 627.784500
54.508910 676.216800 617.095500
54.525150 676.771200 620.571000
54.541440 654.864000 606.501000
54.557920 666.976800 615.342000
54.590760 692.176800 623.101500
54.607300 750.019200 601.429500
54.639830 764.484000 618.733500
54.656680 776.277600 613.147500
54.689090 770.296800 622.125000
54.705810 788.256000 610.533000
54.738650 762.064800 627.217500
54.756590 760.620000 622.828500
54.789000 744.256800 615.793500
54.807740 758.872800 640.153500
54.837460 747.415200 639.555000
54.853330 762.048000 662.539500
54.886660 716.788800 641.571000
54.903380 736.377600 646.495500
54.935910 707.061600 574.339500
54.952330 721.711200 622.366500
54.985050 740.275200 591.496500
55.001830 723.139200 577.752000
55.034240 804.669600 627.039000
55.051090 794.740800 601.471500
55.083680 774.664800 606.637500
55.099980 796.723200 601.944000
55.134160 832.994400 622.146000
55.149780 807.021600 621.873000
55.181950 817.840800 607.603500
55.199040 805.593600 640.836000
55.231380 804.316800 616.402500
55.248350 801.427200 634.504500
55.280880 807.525600 621.463500
55.297550 863.620800 619.479000
55.329830 862.310400 603.571500
55.348390 892.248000 587.181000
55.379210 854.952000 611.793000
55.395940 873.952800 613.767000
55.428830 891.021600 601.692000
55.445010 872.188800 594.195000
55.477720 884.268000 613.011000
55.494260 909.602400 598.930500
55.528140 936.432000 604.810500
55.544920 944.176800 649.036500
55.581050 963.026400 652.081500
55.593380 926.637600 598.384500
55.626220 931.039200 626.850000
55.642760 933.492000 623.112000
55.675540 950.174400 628.624500
55.691830 944.244000 615.625500
55.724490 960.506400 597.859500
55.741210 928.536000 614.554500
55.773740 1008.655200 615.037500
55.790830 1018.819200 617.190000
55.822940 1020.129600 595.686000
55.839970 995.870400 623.847000
55.872310 979.288800 625.495500
55.889830 1004.404800 593.607000
55.920840 987.470400 625.758000
55.937740 990.595200 616.864500
55.970460 990.729600 631.690500
55.987120 984.967200 652.060500
56.019710 745.012800 688.789500
56.037050 576.475200 653.940000
56.069580 476.817600 649.740000
56.086670 495.650400 645.393000
56.119750 498.724800 651.010500
56.135620 498.993600 673.218000
56.168580 514.584000 658.581000
56.185360 493.567200 641.991000
56.217830 510.350400 645.036000
56.234680 508.317600 671.370000
56.266360 523.336800 638.830500
56.283940 610.327200 622.503000
56.316220 711.580800 620.361000
56.334050 700.526400 626.724000
56.365230 674.436000 658.066500
56.381650 694.377600 652.501500
56.414490 687.254400 654.412500
56.430910 681.777600 643.062000
56.463620 660.307200 650.863500
56.480410 685.524000 621.327000
56.512880 642.902400 642.621000
56.529600 633.679200 677.460000
56.562130 637.778400 666.981000
56.578980 605.304000 658.056000
56.612490 613.872000 646.821000
56.629210 621.112800 662.340000
56.662350 631.915200 636.352500
56.678530 621.331200 660.103500
56.710080 624.607200 655.011000
56.727050 642.045600 624.141000
56.759580 637.593600 640.395000
56.775940 676.267200 622.597500
56.808590 674.788800 636.447000
56.825560 671.244000 637.318500
56.858030 690.043200 649.561500
56.876040 679.425600 666.991500
56.907170 675.158400 645.099000
56.924380 673.041600 682.248000
56.956240 670.387200 645.193500
56.972410 666.691200 639.355500
57.005310 662.793600 671.821500
57.022520 665.968800 641.613000
57.054990 683.222400 654.780000
57.071410 667.766400 657.468000
57.103760 676.351200 629.884500
57.120790 673.831200 659.799000
57.153440 666.724800 638.190000
57.170290 681.273600 670.803000
57.205320 691.084800 686.521500
57.222470 669.009600 662.865000
57.251890 680.064000 663.358500
57.268550 710.992800 660.334500
57.301210 697.502400 648.459000
57.319640 701.803200 657.846000
57.350770 698.208000 663.190500
57.367370 692.731200 654.465000
57.400150 698.644800 636.100500
57.416750 786.374400 672.262500
57.449340 795.782400 650.275500
57.466000 781.032000 654.927000
57.498780 806.752800 666.540000
57.515080 808.617600 662.172000
57.547730 806.467200 658.948500
57.564700 800.570400 668.745000
57.597050 794.421600 665.353500
57.613830 790.423200 662.497500
57.647950 859.538400 663.138000
57.663150 858.194400 659.022000
57.695620 867.216000 670.435500
57.712520 855.388800 687.781500
57.744870 874.339200 654.759000
57.761410 870.458400 673.218000
57.794490 861.991200 674.488500
57.811040 873.952800 695.992500
57.843930 843.948000 677.596500
57.861330 871.096800 689.283000
57.892880 938.481600 649.540500
57.909790 934.785600 674.184000
57.941960 932.752800 675.213000
57.958980 945.319200 665.521500
57.991210 938.784000 650.254500
58.007810 934.735200 674.415000
58.024350 936.549600 668.745000
58.041260 931.543200 653.320500
58.058470 929.964000 658.192500
58.074830 931.778400 652.396500
58.090820 919.682400 628.372500
58.108830 948.108000 619.174500
58.124510 950.023200 613.221000
58.142880 904.898400 611.226000
58.157170 924.756000 598.794000
58.173460 925.209600 597.271500
58.191890 925.764000 585.039000
58.207400 937.708800 580.093500
58.221500 938.162400 578.560500
58.237610 923.680800 601.902000
58.254640 1033.620000 593.796000
58.271000 1034.292000 592.294500
58.287350 1064.128800 592.557000
58.303890 1064.666400 571.420500
58.336550 1070.731200 621.463500
58.353030 1051.680000 599.046000
58.385860 1059.492000 591.937500
58.402710 1052.788800 578.319000
58.435000 1072.142400 609.924000
58.452390 1022.448000 598.059000
58.484250 566.563200 636.006000
58.501160 433.154400 624.141000
58.533940 445.670400 625.065000
58.550600 459.110400 589.428000
58.566590 461.748000 595.990500
58.583130 478.346400 635.544000
58.599490 471.206400 634.137000
58.615970 469.728000 631.039500
58.632510 477.842400 622.387500
58.649170 477.405600 635.449500
58.665470 480.631200 642.295500
58.681700 469.324800 636.132000
58.698300 467.594400 651.073500
58.731020 556.197600 642.862500
58.747380 547.495200 648.816000
58.764040 550.687200 658.014000
58.780270 552.854400 668.367000
58.796630 578.104800 685.492500
58.813290 577.785600 684.610500
58.829470 561.288000 665.080500
58.846310 551.661600 705.463500
58.878780 558.028800 693.546000
58.895140 552.031200 680.704500
58.927920 568.629600 676.105500
58.944640 561.254400 684.169500
58.977230 578.944800 656.113500
58.994140 579.532800 674.310000
59.026370 581.481600 661.500000
59.042970 573.720000 661.689000
59.075560 572.527200 675.822000
59.092530 665.935200 660.901500
59.125180 699.031200 680.715000
59.141720 689.589600 653.520000
59.178100 686.498400 675.066000
59.192990 669.144000 643.608000
59.223450 680.988000 653.971500
59.240720 665.414400 654.486000
59.273680 740.695200 657.216000
59.290470 935.978400 671.643000
59.322140 949.939200 672.472500
59.338990 954.592800 661.132500
59.371890 962.438400 661.416000
59.388490 936.280800 662.686500
59.406070 998.222400 481.246500
59.421140 1116.040800 287.742000
59.437500 1087.766400 146.023500
60.209170 347.088000 18.385500
60.225590 319.200000 34.566000
60.241940 335.680800 104.170500
60.258540 399.168000 142.600500
60.274960 353.976000 41.769000
60.292540 353.169600 38.041500
60.308590 313.656000 91.234500
60.325440 342.316800 191.772000
60.341370 374.136000 294.798000
60.357850 416.774400 392.175000
60.374760 456.405600 492.933000
60.391970 494.978400 594.037500
60.406980 534.072000 706.996500
60.423030 534.139200 676.861500
60.439390 534.559200 677.848500
60.455990 529.284000 675.601500
60.472600 549.393600 679.854000
60.489260 549.729600 680.893500
60.505190 560.498400 660.324000
60.521670 534.676800 697.735500
60.538020 535.063200 698.670000
60.554440 547.411200 703.458000
60.572080 552.048000 698.124000
60.607970 542.740800 694.774500
60.621400 564.816000 690.217500
60.653380 737.755200 734.286000
60.670410 753.782400 704.508000
60.703310 735.016800 781.641000
60.720400 757.310400 766.552500
60.751400 765.676800 779.751000
60.767880 767.390400 772.327500
60.800720 765.088800 783.499500
60.817750 765.172800 765.733500
60.849980 774.732000 771.498000
60.866880 751.464000 768.610500
60.899410 748.137600 780.706500
60.916140 740.376000 769.702500
60.948360 758.536800 776.076000
60.965030 750.573600 778.869000
60.997620 767.172000 780.339000
61.013980 769.641600 763.035000
61.048100 807.508800 800.520000
61.063780 817.740000 797.128500
61.096440 798.991200 799.396500
61.113280 802.502400 781.368000
61.146970 815.085600 778.281000
61.162480 803.863200 783.058500
61.194890 825.804000 789.190500
61.211550 819.336000 787.930500
61.244380 807.088800 778.270500
61.260680 863.520000 768.621000
61.293460 879.748800 796.425000
61.310180 871.382400 783.447000
61.343080 888.686400 758.341500
61.359800 867.451200 773.535000
61.392270 902.193600 772.905000
61.408810 900.681600 770.826000
61.441470 892.080000 788.854500
61.457950 895.708800 773.398500
61.490780 915.952800 769.944000
61.507260 901.000800 791.217000
61.540100 895.725600 746.928000
61.556580 876.439200 760.221000
61.590450 883.041600 784.392000
61.606810 873.784800 839.580000
61.638490 855.439200 886.000500
61.654790 883.125600 879.301500
61.687740 866.174400 885.328500
61.704410 873.818400 870.933000
61.737180 858.916800 872.980500
61.753540 874.356000 877.243500
61.787410 870.660000 873.915000
61.804750 892.029600 881.926500
61.835690 796.404000 903.336000
61.852480 638.971200 919.212000
61.885130 532.291200 911.536500
61.901790 560.364000 921.154500
61.934390 563.136000 876.981000
61.950810 551.661600 934.836000
61.984990 548.016000 920.997000
62.000550 539.817600 928.977000
62.032840 581.263200 915.379500
62.049740 527.167200 931.728000
62.081850 470.467200 959.616000
62.099730 475.507200 943.960500
62.132690 487.754400 939.046500
62.149110 466.636800 943.309500
62.180790 456.523200 950.544000
62.197020 462.940800 950.964000
62.229800 475.910400 953.662500
62.246030 473.340000 967.102500
62.279300 481.941600 936.022500
62.295840 491.114400 955.164000
62.329100 559.524000 925.239000
62.346310 653.704800 926.845500
62.378360 653.520000 913.101000
62.395450 641.289600 894.054000
62.427490 612.561600 912.366000
62.444700 649.068000 921.973500
62.476810 628.051200 899.766000
62.492860 619.920000 922.131000
62.525450 639.811200 886.609500
62.542360 652.310400 900.910500
62.574650 651.033600 900.889500
62.591490 642.600000 895.765500
62.624270 647.623200 910.234500
62.641050 696.477600 894.610500
62.673220 960.405600 868.203000
62.690310 947.100000 849.303000
62.722720 947.066400 834.204000
62.739320 941.253600 833.112000
62.772090 945.840000 823.000500
62.791080 928.368000 841.974000
62.821530 936.364800 830.550000
62.837890 951.199200 814.023000
62.870420 951.165600 844.641000
62.887210 975.324000 849.796500
62.919920 945.722400 828.334500
62.936520 933.105600 852.138000
62.969300 931.761600 832.125000
62.985960 905.755200 808.489500
63.019900 921.631200 821.499000
63.035280 925.512000 837.910500
63.069340 921.648000 799.144500
63.085750 935.222400 831.904500
63.118350 914.407200 796.540500
63.134770 904.159200 805.245000
63.166140 917.548800 813.781500
63.182980 911.232000 822.906000
63.215700 943.000800 789.138000
63.231810 915.784800 779.803500
63.264710 910.677600 800.898000
63.281190 919.598400 783.972000
63.313600 924.067200 795.322500
63.330630 919.749600 801.087000
63.363460 896.733600 806.368500
63.381100 914.256000 824.386500
63.413640 899.707200 791.920500
63.430540 902.848800 817.425000
63.462890 977.558400 810.694500
63.478390 951.686400 827.830500
63.511350 959.347200 802.609500
63.528500 949.200000 811.293000
63.560610 974.551200 815.472000
63.578550 986.630400 822.496500
63.610050 980.112000 818.674500
63.626770 973.207200 829.237500
63.659550 961.682400 824.229000
63.676450 934.701600 830.203500
63.708800 949.351200 802.882500
63.725400 943.202400 824.061000
63.757870 926.721600 799.092000
63.777770 937.876800 805.854000
63.807310 936.734400 819.189000
63.824100 957.852000 789.726000
63.856750 925.864800 808.605000
63.873230 932.181600 790.440000
63.889530 932.551200 789.715500
63.906920 903.000000 795.154500
63.922730 902.059200 816.648000
63.938960 903.000000 814.306500
63.955200 897.691200 793.873500
63.971920 893.239200 805.675500
63.988770 893.961600 803.187000
64.004520 902.193600 805.539000
64.021240 900.849600 816.553500
64.037480 930.434400 750.015000
64.053830 984.312000 716.352000
64.070560 1085.280000 590.604000
64.086910 1118.174400 522.112500
64.105220 1186.432800 464.793000
64.119450 1231.893600 374.062500
64.136290 1263.578400 306.169500
64.152340 1280.109600 274.785000
64.168760 1316.078400 329.553000
64.201290 1287.921600 250.183500
64.218080 1301.260800 280.255500
64.251040 1269.576000 306.211500
64.267330 1320.328800 266.563500
64.300600 1288.644000 278.953500
64.316650 1182.753600 255.780000
64.349120 1114.831200 148.669500
64.365420 1117.754400 31.363500
64.398380 1200.360000 262.941000
64.414670 1201.116000 247.884000
64.447510 1230.045600 259.990500
64.464360 1230.012000 279.153000
64.497010 1137.914400 208.330500
64.513120 1162.291200 250.624500
64.546020 1051.243200 193.966500
64.563230 1106.246400 263.634000
64.596500 1063.339200 221.760000
64.614070 1061.911200 256.084500
64.646120 1098.367200 252.840000
64.663270 1173.950400 240.450000
64.694150 1122.072000 167.191500
64.711180 1138.821600 237.961500
64.743650 1126.675200 253.512000
64.760500 1087.632000 271.435500
64.792480 1152.127200 293.212500
64.809690 1139.040000 254.194500
64.842220 1314.969600 241.657500
64.859500 1339.800000 259.549500
64.891540 1337.296800 220.584000
64.907960 1277.404800 226.338000
64.940730 1267.946400 216.174000
64.957460 1268.215200 220.069500
64.989870 1229.776800 207.228000
65.006530 1136.016000 172.389000
65.039180 1152.564000 101.913000
65.056030 1121.400000 116.403000
65.088440 1099.828800 84.714000
65.105290 1113.117600 147.861000
65.138000 1161.081600 209.905500
65.154300 1159.317600 184.894500
65.187320 1211.481600 215.838000
65.203860 1156.461600 213.654000
65.236630 1168.003200 193.630500
65.253110 1170.204000 257.197500
65.285640 1164.777600 191.614500
65.304870 1167.784800 287.164500
65.335080 1212.792000 329.311500
65.351380 1242.696000 276.318000
65.383850 1264.502400 277.956000
65.400570 1283.268000 288.970500
65.433410 1308.484800 288.046500
65.450200 1305.729600 265.272000
65.482970 1243.821600 233.982000
65.499510 1228.399200 204.792000
65.533510 1225.694400 229.540500
65.548830 1210.624800 236.596500
65.581300 1252.860000 280.518000
65.598210 1193.152800 318.360000
65.633120 1222.452000 288.487500
65.649960 1265.611200 242.676000
65.679690 1245.031200 250.435500
65.696660 1192.396800 148.228500
65.729310 1181.191200 151.189500
65.745540 1168.843200 236.586000
65.778500 1193.992800 195.321000
65.795040 1238.563200 206.356500
65.827700 1178.486400 163.611000
65.844480 1235.656800 202.755000
65.876710 1266.602400 259.938000
65.893620 1219.293600 142.947000
65.926030 1250.810400 120.519000
65.943050 1256.203200 117.684000
65.975890 1351.879200 213.843000
65.992070 1257.228000 156.208500
66.024350 1307.460000 162.277500
66.040650 1272.348000 164.818500
66.073610 1297.984800 252.084000
66.090450 1305.360000 221.445000
66.106450 1305.360000 221.445000
66.123720 1467.849600 240.838500
66.139950 1403.354400 201.894000
66.173030 1430.553600 279.825000
66.189210 1413.199200 269.125500
66.222050 1427.680800 292.330500
66.238770 1459.416000 299.334000
66.271360 1407.890400 258.310500
66.287720 1373.635200 276.223500
66.320500 1362.412800 280.833000
66.337460 1415.316000 346.878000
66.370060 1469.697600 328.009500
66.386540 1424.740800 313.792500
66.418520 1471.360800 248.944500
66.436040 1451.116800 297.937500
66.468200 1463.683200 273.504000
66.484500 1448.865600 234.223500
66.517760 1421.817600 281.956500
66.534420 1406.899200 333.228000
66.567140 1436.097600 199.143000
66.583680 1461.314400 251.202000
66.616270 711.967200 210.189000
66.633000 298.300800 226.747500
66.665530 169.428000 175.371000
66.684750 161.868000 73.237500
66.716370 184.531200 147.829500
66.731930 192.091200 35.868000
66.763490 192.595200 77.217000
66.780210 167.580000 120.078000
66.812930 194.846400 134.431500
66.829900 170.200800 332.409000
66.862730 113.836800 437.587500
66.879390 33.129600 397.645500
66.912410 48.266400 421.323000
66.929630 133.677600 396.133500
66.961730 31.651200 456.456000
66.978700 50.332800 456.907500
67.011290 189.907200 335.863500
67.028080 133.425600 323.851500
67.060790 152.241600 323.715000
67.076350 208.068000 169.837500
67.109310 168.688800 304.972500
67.125670 191.604000 243.631500
67.158330 221.020800 277.882500
67.175110 225.019200 309.834000
67.207340 187.807200 323.599500
67.224430 205.010400 415.737000
67.257140 339.796800 381.496500
67.273380 349.490400 306.820500
67.306520 321.552000 346.405500
67.322690 312.127200 299.008500
67.355410 299.812800 374.430000
67.372190 363.787200 365.253000
67.405270 366.525600 255.118500
67.421450 370.322400 280.812000
67.453980 381.897600 348.075000
67.470210 649.387200 242.476500
67.503050 520.800000 185.997000
67.520570 538.507200 301.875000
67.553220 614.174400 255.318000
67.570010 566.294400 228.994500
67.602360 642.129600 272.412000
67.619140 651.520800 269.115000
67.651610 619.903200 249.984000
67.668700 625.279200 277.105500
67.701110 540.674400 277.945500
67.718320 547.831200 209.538000
67.749450 575.786400 248.703000
67.766050 521.959200 279.961500
67.798950 782.527200 366.261000
67.815550 806.836800 295.659000
67.848020 827.635200 321.037500
67.866270 775.051200 224.574000
67.898800 809.860800 253.869000
67.915590 769.641600 233.803500
67.948670 892.953600 240.534000
67.964780 846.669600 245.616000
67.997500 808.533600 172.473000
68.014340 855.254400 190.386000
68.046750 854.414400 258.772500
68.061830 827.517600 197.473500
68.160770 886.216800 50.725500
68.193300 929.275200 213.234000
68.210020 902.395200 83.737500
68.242680 935.037600 77.731500
68.259160 866.174400 70.728000
68.291990 845.913600 16.138500
68.390630 827.719200 8.085000
68.439880 794.354400 12.285000
68.456600 740.544000 13.114500
68.488890 723.962400 31.804500
68.636960 1093.579200 7.119000
68.702940 965.563200 60.196500
68.735350 994.828800 91.444500
68.752560 972.568800 51.397500
68.785220 1023.976800 106.113000
68.802000 905.116800 78.141000
68.834350 994.660800 184.170000
68.850830 1001.901600 155.200500
68.883420 996.273600 177.292500
68.900150 999.432000 59.965500
68.933170 1121.769600 39.889500
68.949650 1066.833600 8.925000
68.982600 1065.708000 3.486000
68.998840 1059.542400 78.498000
69.031740 1074.343200 36.057000
69.047910 1097.695200 145.309500
69.081480 1062.952800 131.943000
69.098330 1048.992000 140.574000
69.130860 1064.498400 13.461000
69.146420 1060.281600 69.457500
69.179140 1135.512000 161.112000
69.195980 1088.035200 129.391500
69.228700 958.843200 87.706500
69.248170 994.291200 98.689500
69.277710 931.089600 60.522000
69.294490 926.671200 102.175500
69.327390 937.389600 99.970500
69.345580 912.290400 74.014500
69.376590 918.943200 120.151500
69.393130 951.972000 99.225000
69.425720 873.432000 134.988000
69.442080 988.176000 31.584000
69.474980 981.657600 93.250500
69.491880 1041.247200 86.667000
69.523990 974.870400 59.745000
69.540590 1065.103200 71.967000
69.573360 997.164000 80.062500
69.590030 1047.547200 65.866500
69.622500 1410.242400 100.369500
69.639220 1277.270400 155.127000
69.672850 1232.868000 194.796000
69.688480 1285.351200 172.756500
69.720700 1226.769600 11.308500
69.737730 1235.942400 38.545500
69.770570 1251.331200 91.570500
69.786620 1224.720000 106.323000
69.819640 1252.792800 72.933000
69.836120 1345.864800 191.310000
69.868960 1375.096800 188.548500
69.885310 1307.510400 104.055000
69.918090 1406.798400 211.753500
69.934810 1322.428800 168.073500
69.967410 1308.064800 39.763500
69.983700 1329.535200 100.768500
70.016660 1373.131200 25.378500
70.033080 1335.583200 149.919000
70.066160 1414.459200 217.623000
70.082580 1383.211200 179.046000
70.114990 1338.792000 155.358000
70.131900 1426.504800 164.472000
70.164670 1262.032800 187.803000
70.181150 1271.642400 146.863500
70.213990 1285.015200 305.476500
70.231080 1259.311200 250.372500
70.263920 1218.672000 82.257000
70.281310 1261.092000 135.975000
70.312930 1410.024000 176.725500
70.332090 1396.936800 171.139500
70.362180 1338.136800 145.593000
70.379210 1379.548800 156.072000
70.411440 1350.938400 208.026000
70.428220 1400.599200 209.359500
70.461000 1380.355200 232.081500
70.477720 1383.849600 181.860000
70.510130 1478.484000 159.285000
70.527890 1377.012000 157.258500
70.560610 1405.857600 169.879500
70.577880 1197.940800 166.897500
70.608400 263.440800 180.537000
70.657410 153.770400 193.074000
70.674010 71.366400 170.425500
70.706540 141.758400 176.683500
70.723330 48.165600 255.496500
70.756100 49.660800 174.604500
70.773190 68.678400 146.727000
70.822270 8.988000 156.334500
70.854920 38.942400 220.458000
70.871520 31.953600 144.301500
71.002750 167.344800 210.388500
71.019100 321.871200 155.589000
71.068300 286.255200 48.804000
71.103700 272.764800 41.391000
71.117860 217.946400 26.260500
71.150450 251.899200 64.522500
71.166990 284.558400 57.886500
71.199710 285.868800 68.523000
71.216310 297.511200 50.074500
71.250310 341.661600 176.547000
71.267330 398.277600 115.374000
71.299440 321.316800 132.405000
71.317870 275.284800 146.139000
71.347900 403.485600 267.456000
71.364140 320.913600 201.474000
71.397160 331.296000 162.676500
71.413880 406.224000 183.771000
71.446350 396.211200 92.872500
71.463130 391.020000 24.381000
71.495850 317.990400 43.407000
71.512450 349.490400 98.479500
71.544740 342.115200 46.294500
71.561830 370.272000 36.382500
71.594420 515.928000 165.585000
71.610840 520.044000 93.996000
71.643740 642.784800 148.795500
71.659790 635.661600 17.094000
71.741760 615.115200 45.213000
71.757930 632.200800 49.339500
71.791140 543.362400 166.582500
71.807430 520.749600 235.168500
71.840210 499.329600 245.248500
71.856690 509.930400 180.883500
71.889590 495.096000 196.003500
71.907410 479.942400 179.434500
71.939820 629.966400 146.968500
71.956420 782.712000 81.816000
71.989870 707.414400 76.303500
72.005070 733.286400 89.092500
72.037660 699.652800 66.171000
72.054200 764.769600 66.307500
72.086850 778.209600 109.641000
72.103520 784.526400 149.362500
72.136110 698.544000 91.822500
72.152770 703.164000 101.535000
72.185670 789.566400 199.237500
72.202210 795.967200 155.379000
72.234800 920.388000 140.248500
72.253850 956.373600 218.211000
72.286130 911.517600 159.768000
72.301030 937.944000 163.054500
72.333370 887.258400 97.807500
72.350280 905.906400 120.193500
72.383610 880.706400 149.950500
72.400510 880.252800 126.168000
72.432680 885.141600 18.469500
72.448790 880.538400 182.490000
72.465150 884.150400 136.080000
72.481990 811.087200 89.428500
74.518070 1436.584800 9.303000
74.617310 1357.792800 23.415000
76.637820 831.499200 4.284000
76.655580 830.071200 78.172500
76.670720 826.476000 203.017500
76.686950 769.456800 207.637500
76.703740 769.792800 282.513000
76.719670 787.953600 334.099500
76.736570 789.516000 328.314000
76.769350 789.768000 324.807000
76.785640 831.566400 333.690000
76.818540 813.859200 366.376500
76.835080 768.684000 257.502000
76.867490 785.568000 332.482500
76.883970 783.787200 363.856500
76.916080 894.045600 409.048500
76.932860 921.816000 396.081000
76.965700 895.288800 437.703000
76.982360 894.717600 424.242000
77.015200 943.135200 418.236000
77.031430 972.048000 455.637000
77.064270 911.920800 444.339000
77.080870 958.574400 458.241000
77.114690 956.474400 397.687500
77.130370 938.616000 417.522000
77.146790 947.032800 378.199500
77.163570 920.354400 313.404000
77.180480 983.102400 292.645500
77.196900 990.830400 253.218000
77.212770 1036.543200 243.306000
77.232480 994.644000 136.059000
77.245360 1000.137600 95.602500
77.261720 984.564000 85.480500
77.278200 995.517600 104.107500
77.312680 1011.612000 66.622500
77.328430 1056.417600 154.896000
77.360960 1046.791200 77.994000
77.377320 1052.167200 292.509000
77.905330 946.814400 130.473000
77.921690 892.147200 168.756000
77.937130 882.268800 286.366500
77.953310 949.233600 447.562500
77.968260 873.045600 593.659500
77.985230 850.365600 695.184000
78.001220 835.480800 806.232000
78.017880 860.361600 803.008500
78.034060 859.353600 805.728000
78.050290 893.995200 830.592000
78.066830 913.063200 821.782500
78.099430 905.049600 836.293500
78.116580 924.537600 819.483000
78.148680 911.769600 821.425500
78.165830 922.000800 829.972500
78.198180 904.209600 811.933500
78.215640 904.596000 798.157500
78.247500 900.244800 824.659500
78.264400 908.376000 806.946000
78.297970 902.496000 845.575500
78.313600 896.952000 812.973000
78.346070 972.316800 842.698500
78.363100 909.652800 813.876000
78.395320 947.100000 858.480000
78.412050 959.532000 860.202000
78.444760 955.970400 848.610000
78.461610 984.933600 839.412000
78.494140 963.950400 865.126500
78.510860 995.551200 851.056500
78.543090 977.155200 838.813500
78.559810 966.336000 834.372000
78.591920 959.800800 832.849500
78.608700 979.322400 825.048000
78.641420 1048.051200 840.619500
78.657590 1032.780000 874.639500
78.690430 1048.185600 841.974000
78.706850 1009.327200 866.848500
78.739870 1014.804000 832.272000
78.756350 1030.814400 867.478500
78.788880 999.667200 845.313000
78.805480 1020.028800 869.263500
78.838320 1021.591200 812.343000
78.854680 982.833600 844.662000
78.887510 769.960800 841.669500
78.905520 553.425600 850.195500
78.936830 486.780000 852.285000
78.953310 481.622400 835.422000
78.985960 489.938400 891.660000
79.002810 515.172000 871.426500
79.035400 484.797600 842.824500
79.051940 484.528800 809.025000
79.084780 469.610400 851.161500
79.101320 462.554400 869.568000
79.133970 449.803200 824.701500
79.150570 468.031200 844.620000
79.183170 464.536800 840.031500
79.199950 483.638400 817.299000
79.232540 550.418400 819.126000
79.249150 559.288800 846.930000
79.281800 539.935200 826.234500
79.298280 534.408000 835.527000
79.331120 560.229600 825.573000
79.347600 544.605600 829.878000
79.380550 524.932800 836.587500
79.396850 550.116000 830.613000
79.429690 542.774400 848.242500
79.446110 524.983200 809.707500
79.462650 484.780800 750.225000
79.479000 488.157600 723.628500
79.495420 491.316000 664.933500
79.511900 463.814400 605.535000
79.528440 380.083200 502.866000
79.544740 363.988800 484.606500
79.561220 338.436000 423.129000
79.577700 249.530400 361.462500
79.593990 253.579200 309.519000
79.626890 273.974400 327.736500
79.643310 448.224000 285.736500
79.676030 596.584800 399.052500
79.692750 515.776800 374.178000
79.725280 582.607200 381.969000
79.741880 536.558400 406.770000
79.774720 608.445600 301.423500
79.791080 596.769600 368.896500
79.823910 563.018400 325.111500
79.840520 527.217600 389.959500
79.873050 562.212000 334.383000
79.889950 565.639200 370.251000
79.922490 567.453600 433.251000
79.939090 588.436800 355.246500
79.971740 555.458400 361.494000
79.988460 582.775200 323.851500
80.021060 574.912800 384.415500
80.037600 570.158400 314.527500
80.070370 603.775200 397.771500
80.087040 549.763200 354.354000
80.119630 570.141600 362.628000
80.136230 582.304800 371.112000
80.168880 552.753600 351.424500
80.185550 581.280000 339.202500
80.218260 572.460000 348.264000
80.234800 573.518400 352.107000
80.267580 675.914400 396.490500
80.284850 853.507200 374.913000
80.316890 826.240800 237.804000
80.333250 784.610400 309.624000
80.366150 797.848800 359.278500
80.382570 819.016800 380.898000
80.415340 839.664000 353.157000
80.431880 781.132800 383.638500
80.464600 840.319200 424.389000
80.481200 767.457600 357.420000
80.513980 768.835200 353.608500
80.530400 768.700800 341.491500
80.563290 758.721600 309.550500
80.579770 856.783200 332.797500
80.612550 987.604800 383.838000
80.629030 1004.253600 400.375500
80.661680 968.301600 416.556000
80.678340 956.961600 412.513500
80.711120 958.927200 399.252000
80.727660 981.741600 416.388000
80.760380 1002.506400 423.832500
80.776790 1017.324000 409.300500
80.809690 973.912800 384.541500
80.826290 1015.005600 424.347000
80.859010 962.505600 391.965000
80.875850 1010.049600 370.870500
80.908200 787.886400 191.803500
80.924800 753.211200 12.222000
80.957580 659.332800 17.440500
80.974060 688.564800 15.739500
81.007200 672.050400 182.059500
81.023680 699.014400 90.478500
81.056340 683.659200 125.055000
81.073240 667.027200 103.467000
81.105830 692.042400 149.100000
81.122440 714.033600 84.325500
81.154970 717.578400 147.882000
81.171750 712.588800 154.539000
81.204350 637.459200 113.599500
81.220890 381.158400 13.923000
81.253540 317.318400 99.886500
81.270140 347.071200 111.520500
81.286620 366.895200 187.719000
81.302920 397.336800 182.374500
81.319640 423.964800 274.764000
81.335940 445.720800 357.021000
81.352050 461.126400 437.440500
81.368960 499.934400 518.322000
81.384890 522.681600 606.060000
81.401490 570.158400 673.113000
81.418150 554.467200 708.487500
81.434450 554.215200 707.458500
81.450990 534.374400 715.291500
81.467410 529.519200 709.285500
81.500240 802.670400 651.483000
81.516480 896.834400 610.186500
81.549440 866.292000 641.539500
81.565920 894.969600 644.553000
81.598690 889.912800 643.429500
81.615230 884.738400 628.572000
81.648620 872.743200 665.983500
81.665410 903.806400 657.499500
81.697690 890.030400 677.617500
81.715030 885.746400 678.216000
81.746580 884.906400 672.073500
81.764100 879.026400 647.839500
81.795720 900.564000 645.256500
81.813840 880.723200 660.639000
81.845340 881.210400 653.667000
81.861880 870.660000 674.394000
81.894470 770.784000 881.842500
81.911320 770.700000 853.923000
81.943660 772.094400 872.004000
81.960390 761.644800 889.266000
81.992800 789.936000 898.401000
82.009830 784.392000 878.713500
82.042540 782.460000 893.991000
82.059330 785.954400 886.263000
82.091370 788.558400 901.120500
82.108400 793.430400 899.251500
82.142270 586.068000 846.751500
82.157710 589.041600 875.521500
82.173770 588.722400 874.755000
82.190000 593.896800 866.628000
82.206480 595.879200 858.228000
82.223570 595.560000 857.514000
82.239620 570.796800 869.211000
82.259770 573.602400 845.890500
82.272770 573.283200 845.124000
82.288880 574.039200 863.278500
82.305480 596.366400 875.458500
82.338260 581.901600 866.932500
82.354980 582.708000 866.733000
82.387700 569.520000 878.755500
82.404240 581.952000 869.998500
82.436890 580.272000 857.188500
82.453190 595.408800 873.663000
82.486020 589.680000 864.465000
82.502690 557.440800 850.930500
82.535460 571.855200 828.114000
82.552250 573.434400 834.435000
82.585570 582.204000 834.666000
82.601320 576.122400 840.483000
82.633730 575.551200 811.419000
82.650390 569.604000 826.413000
82.683170 600.381600 815.524500
82.699650 649.488000 860.580000
82.716430 649.488000 860.580000
82.732730 878.488800 750.750000
82.749210 842.604000 748.828500
82.781920 849.357600 723.429000
82.800050 837.698400 760.630500
82.830870 836.640000 740.554500
82.847350 834.321600 752.608500
82.880250 836.102400 762.552000
82.897580 811.322400 722.274000
82.929630 834.321600 753.280500
82.946350 854.414400 750.991500
82.978820 799.209600 802.000500
82.995790 682.903200 722.211000
83.027950 637.056000 702.387000
83.044740 665.868000 734.664000
83.077760 654.494400 710.745000
83.094060 667.884000 727.986000
83.127080 650.815200 721.465500
83.143310 667.430400 734.863500
83.175840 677.140800 743.295000
83.192380 683.020800 775.782000
83.225220 662.608800 776.433000
83.242860 654.141600 799.596000
83.274350 654.460800 700.087500
83.290890 677.241600 702.534000
83.323730 679.963200 742.297500
83.340150 667.447200 746.602500
83.373050 682.903200 783.037500
83.389160 670.723200 795.963000
83.422060 752.488800 786.933000
83.438660 750.288000 737.593500
83.455080 750.758400 628.824000
83.471500 733.286400 582.487500
83.488100 737.200800 462.399000
83.504390 735.252000 364.444500
83.520510 754.000800 334.372500
83.537410 755.546400 225.645000
83.554200 754.605600 133.801500
83.570190 758.469600 37.516500
83.586850 767.524800 30.303000
83.619510 773.892000 7.381500
83.636110 717.477600 19.404000
83.685300 810.902400 38.136000
83.767210 203.851200 53.854500
83.784550 280.845600 36.120000
84.114070 166.051200 54.285000
84.131100 667.732800 47.481000
84.161320 885.528000 17.619000
84.210880 855.052800 1.102500
84.276730 883.293600 52.657500
84.309510 908.661600 59.398500
84.358890 899.505600 52.101000
84.375060 886.401600 37.369500
84.458130 929.829600 48.888000
84.474370 911.870400 73.542000
84.507510 881.882400 170.656500
84.524480 827.047200 32.172000
84.573000 901.572000 734.065500
84.605530 1226.635200 95.487000
84.621950 1152.648000 53.403000
84.655030 1184.500800 41.674500
84.703550 1123.785600 30.681000
84.803220 1224.283200 105.934500
84.819820 1164.088800 119.815500
84.852660 1123.315200 98.196000
84.869320 1100.853600 46.546500
84.901060 1491.386400 169.113000
84.917600 1462.473600 264.610500
84.950870 1319.640000 166.099500
84.968140 1261.024800 121.359000
85.001100 1278.211200 117.022500
85.016110 1268.887200 37.285500
85.048400 1292.054400 118.408500
85.065190 1228.701600 103.110000
85.114440 1159.099200 21.168000
85.147580 1196.412000 16.222500
85.196530 1214.438400 25.336500
85.262020 938.145600 677.827500
85.294680 1043.985600 709.915500
85.312320 1054.166400 705.033000
85.344420 1044.052800 650.401500
85.361150 1285.737600 11.718000
85.394040 1665.972000 229.834500
85.442810 1091.630400 724.311000
85.493230 477.960000 748.230000
