0.000000 157.422789 215.907326
0.016110 111.532042 139.815700
0.033140 -11.701428 -41.491712
0.049990 -20.378100 -83.021700
0.065120 -29.850151 -121.139443
0.081480 -18.452916 -95.508628
0.098330 -11.173762 -45.146318
0.114320 -28.036113 -43.764529
0.130800 -1.862528 -11.794425
0.146850 13.195354 21.745068
0.163390 2.632574 7.982781
0.180540 -7.710070 10.309984
0.196110 -9.471673 -1.973268
0.212890 -12.815201 -12.202233
0.229610 0.198324 -14.104720
0.262510 19.282826 -1.868218
0.279360 8.483887 9.480515
0.295230 1.098002 14.210121
0.312190 -9.583498 19.155457
0.328610 -0.557923 19.308130
0.344480 -1.724806 4.438561
0.359740 0.580871 -41.381358
0.377200 10.716221 -58.733311
0.411320 12.892547 -48.931486
0.428830 2.797554 -24.553110
0.448360 -11.179621 0.166199
0.460210 -12.206184 -4.724931
0.476260 -6.787264 -7.963643
0.492800 2.762319 -13.937795
0.510440 4.443495 -15.788616
0.527160 11.188808 -9.253193
0.543580 6.493826 5.052367
0.557920 4.809141 15.579660
0.574950 -9.115255 14.781329
0.591430 -11.813856 6.895787
0.607480 -2.308663 -4.204149
0.625670 18.774122 4.584463
0.641600 -17.096826 3.003164
0.661680 13.493434 -4.960454
0.674190 49.667725 -12.214118
1.411620 65.963775 -12.054704
1.443180 40.571044 -4.004067
1.459900 38.835153 -10.266273
1.476750 -2.032461 -3.826811
1.889040 -79.727512 8.251121
1.938170 -104.514269 14.938661
1.955080 -63.828307 11.070552
1.987430 30.704277 4.348633
2.004270 0.844786 1.280732
2.021730 8.666292 -2.362019
2.037780 10.697281 -5.198198
2.054500 5.422672 6.653885
2.072020 -2.652308 7.135490
2.087400 -4.821163 -3.253597
2.102660 -2.883824 -5.899213
2.119080 -2.026488 -4.212584
2.135380 -3.939899 5.696155
2.151980 -1.454237 -3.986110
2.167970 1.930123 -4.663286
2.185910 1.626740 1.854514
2.201420 -0.788154 -6.491822
2.217650 -0.903799 -3.552065
2.234070 2.037867 6.222489
2.250370 3.140669 6.719547
2.266600 -0.295634 -3.654917
2.282900 -15.454215 -5.616931
2.300230 -16.592348 13.495991
2.332340 -9.313463 17.305620
2.349060 3.151557 0.165396
2.380980 8.114992 -13.224302
2.398740 0.178590 -11.397414
2.414550 -0.735341 -0.492360
2.430480 -4.762339 5.888415
2.447390 -1.575855 -5.198151
2.463380 1.825102 -7.652891
2.479430 7.537304 4.249278
2.496280 4.421417 20.575511
2.511960 -1.352618 25.484179
2.529420 -3.607784 13.493746
2.547120 0.019696 2.455893
2.563660 5.589126 -7.802218
2.579710 0.510214 -15.765462
2.596250 0.965194 -1.910205
2.612490 12.533526 1.525612
2.628850 21.532449 -7.239145
2.645450 18.164635 -5.534777
2.661800 3.392260 -1.485776
2.678340 -6.098655 7.254102
2.694400 -3.122485 -3.930183
2.711360 6.311835 -7.379707
2.729430 13.894907 -5.475943
2.743530 6.791385 -0.076744
2.759830 -2.534848 5.932481
2.775330 -5.680991 2.410598
2.792180 2.722625 -1.630733
2.825070 11.687554 -4.480713
2.841800 -5.692937 -2.183770
2.858640 -18.772572 2.056628
2.874330 -20.569944 1.571025
2.891480 -7.590079 1.033323
2.907590 7.394592 6.604267
2.923400 -5.904756 3.192589
2.940550 -8.610531 -2.200569
2.972660 -6.502370 -5.746152
2.989500 5.005990 0.615982
3.005800 14.514239 16.614775
3.021970 10.269982 19.071276
3.039310 -1.764349 3.856842
3.055050 5.581111 -11.853470
3.071350 6.327373 -16.706683
3.087770 43.301035 -26.330307
3.104190 66.138024 -15.358630
3.121700 53.311287 -0.625055
3.137940 28.458479 16.487710
3.153870 -11.673226 12.405664
3.171750 -4.626961 -4.743692
3.186160 -3.444581 -4.107203
3.203190 8.394026 0.356405
3.219910 17.766424 4.751253
3.236330 12.499389 8.955107
3.252690 -2.166781 8.889706
3.269230 -9.873682 -0.066182
3.285030 -10.948601 -7.440690
3.301570 -0.912759 -6.043650
3.317690 1.628668 4.800919
3.334170 -1.945283 3.122249
3.367130 10.333682 -1.474198
3.384520 22.518307 -6.774316
3.416990 30.373921 -6.263318
3.432920 17.438978 8.691919
3.449400 2.865489 20.112840
3.466060 0.587789 20.502766
3.482120 9.965962 8.545238
3.498410 10.710777 -6.352489
3.513790 8.609284 -6.811719
3.532040 2.512468 -8.771261
3.548890 -9.520289 -15.077375
3.564390 -11.106546 -17.140611
3.581300 1.021637 -5.282242
3.597780 -2.136273 12.539277
3.614440 3.403904 18.664878
3.630620 -45.102859 22.211796
3.647220 -82.925547 14.084637
3.663390 -71.020711 2.753724
3.680050 -41.693485 -9.408994
3.696110 9.203831 -8.430762
3.714540 6.988762 1.029259
3.729000 -4.650399 3.470454
3.761230 3.269961 9.880931
3.778990 6.892172 8.225863
3.811580 16.833984 2.825860
3.829280 -12.952239 -9.964006
3.844790 -50.893182 -2.048263
3.860780 -47.609463 10.434831
3.877750 -20.538909 11.604177
3.894350 17.034527 3.606031
3.909730 15.574278 -7.083533
3.926450 3.010923 -13.273446
3.942630 -6.842723 -8.650452
3.958440 -2.960832 2.241351
3.974730 0.188381 6.640914
3.990840 -9.145763 2.781297
4.008420 -15.830544 0.449121
4.024780 -13.654515 3.568864
4.042660 1.820263 17.703634
4.058230 13.092415 27.497322
4.074220 9.296262 18.280807
4.090330 2.531106 -0.016800
4.106750 -6.523087 -20.702714
4.123600 -10.003615 -12.092768
4.139340 -8.034998 0.354184
4.154660 3.182368 2.174649
4.172550 8.134197 2.291844
4.204770 4.903048 2.392570
4.221190 -1.415600 -7.553418
4.237670 -2.298002 -12.644914
4.254150 1.807447 -10.444968
4.271000 -1.901543 -1.367943
4.286990 -9.301630 9.272852
4.302490 -11.510972 9.278026
4.319150 2.935314 17.423682
4.336850 16.809790 22.267340
4.353270 16.939756 16.226422
4.370480 0.503787 6.292805
4.386840 -5.272626 -2.978709
4.402830 3.979442 -6.701070
4.419800 1.438510 -9.379648
4.436280 -8.197633 -12.878115
4.452580 -16.585317 -8.065455
4.468990 -1.496503 -5.879980
4.485840 6.111017 -1.403503
4.502080 5.213991 1.939740
4.518070 -1.731611 13.789157
4.533260 -0.102035 21.512447
4.548890 3.766942 12.575049
4.566220 11.301728 4.382728
4.582760 24.122123 -10.481401
4.599120 25.386470 -16.726766
4.615660 12.926608 -17.124970
4.631900 -7.793353 -4.998589
4.649480 -8.339739 9.565928
4.666500 -5.499718 -0.839101
4.682800 1.545838 -4.117009
4.699710 6.735586 -0.326657
4.715520 -0.376006 5.311399
4.730960 -1.538012 3.230867
4.747310 1.766693 -6.891746
4.763730 2.040551 5.546520
4.780210 5.052603 7.872014
4.796690 -5.803402 -2.027494
4.812990 19.006304 -12.799720
4.829590 40.162803 -11.579605
4.845830 36.064688 -2.929965
4.863710 20.255963 -4.858618
4.882690 -9.204851 -5.564430
4.896730 0.599622 -5.710332
4.915340 -20.984100 11.488380
4.929810 -47.910523 29.522589
4.943850 -50.560323 32.311721
4.960940 -28.540011 24.609764
4.976680 3.874156 7.723254
4.993410 0.806414 2.892113
5.009770 3.336271 0.882198
5.026180 3.718212 -2.258198
5.043520 0.891399 -1.084572
5.061340 -7.280158 -6.138704
5.077270 -4.650702 -2.437912
5.093810 9.107884 4.271488
5.110530 -1.352882 2.191992
5.126530 -13.800209 -5.284416
5.142760 -18.722069 -12.218323
5.158510 -8.800346 -4.126862
5.174440 3.804709 12.895387
5.191410 3.954189 22.474963
5.207460 -0.709445 8.244623
5.224060 -1.804838 -5.422119
5.239870 -4.201923 -12.139172
5.256410 2.166592 0.687220
5.273380 6.829416 -0.215275
5.289670 4.716898 -13.897440
5.306030 0.280927 -8.756635
5.322880 -10.566063 1.472827
5.340520 -16.975366 10.464224
5.356570 4.067300 18.923800
5.372740 29.326491 10.027233
5.389530 30.036723 -5.515804
5.406130 13.600078 -23.846688
5.422360 -2.857739 -23.857202
5.438840 -0.297032 -4.794421
5.455380 4.718486 -5.931441
5.475220 2.515681 0.780480
5.487610 0.910982 7.184471
5.502750 0.440955 7.046886
5.519170 -0.090732 7.885128
5.535460 4.616980 10.403289
5.553830 -1.001562 5.420843
5.572080 -1.052334 -6.179084
5.586610 5.070673 -17.236795
5.600890 -8.711506 -14.972306
5.617130 -15.657860 -14.806964
5.633360 -12.013611 -6.268894
5.650880 -10.347291 8.184302
5.685120 -7.528571 16.154785
5.701900 -21.299516 11.669838
5.717650 -12.804276 6.456853
5.732540 0.623363 15.407372
5.748290 4.533281 12.230870
5.765930 12.063021 2.785031
5.783260 8.810629 -4.088065
5.805050 1.759208 -5.818358
5.815430 -0.422582 6.977397
5.831540 2.425479 14.437319
5.848080 -1.553512 4.064059
5.864260 -8.936857 -8.966236
5.880740 -16.348331 -17.454657
5.896970 -6.014654 -5.913484
5.913270 4.115312 -0.367203
5.930600 -0.041283 -6.815830
5.947080 0.680940 -10.927441
5.963560 15.712826 6.160655
5.979490 32.263430 28.382673
5.997800 9.580625 14.871962
6.014400 -6.909826 -11.631751
6.029970 -5.503687 -24.828392
6.046330 9.749647 1.877976
6.078740 11.328833 24.613071
6.099000 1.585117 8.879806
6.112240 0.403982 -20.946818
6.132570 -6.378031 -39.654195
6.144100 -14.466872 -23.864998
6.160400 -22.573761 2.169546
6.177310 0.899263 18.064884
6.193120 5.982633 7.734572
6.225650 14.066761 3.062777
6.244200 -4.028324 -11.723779
6.275630 -5.885324 0.605798
6.291320 5.143523 7.593963
6.324220 -5.115245 0.686181
6.343080 14.527924 5.413471
6.357360 14.345599 -3.928860
6.374080 18.644838 9.141907
6.390140 -1.185369 -3.907027
6.406800 -7.761408 -4.530970
6.423280 7.207347 1.718913
6.439270 12.706742 19.950694
6.455870 19.613519 24.005073
6.472530 18.121200 15.620818
6.488950 10.801771 2.813786
6.505310 -1.586705 -11.133165
6.521240 4.472869 -3.452520
6.538270 -18.398518 -14.981449
6.554990 -30.909973 -20.707226
6.570620 -34.417847 -21.719103
6.587650 -14.600582 -17.567946
6.603760 -0.198551 -0.444135
6.618040 -27.175800 0.072113
6.634890 -2.339738 0.564331
6.667720 8.072538 3.368405
6.683530 13.104852 1.115289
6.716310 -2.103723 5.509755
6.732480 -23.739958 11.888911
6.766360 29.411462 -1.016854
6.782230 54.067195 -14.837301
6.931640 54.891252 -22.520868
6.947940 28.296926 -18.734576
6.963320 -7.202395 -10.923802
6.979550 18.519599 4.372616
6.996460 20.614437 23.248325
7.011900 20.755664 17.074882
7.028260 -5.748547 -5.085469
7.061460 -31.975036 -21.102844
7.077640 -19.337715 -8.943577
7.094240 -8.352252 -7.852380
7.114690 -0.409691 -13.828661
7.127560 10.476127 -9.849436
7.144350 17.001299 1.693347
7.161500 38.963766 40.181223
7.178470 32.198494 29.274773
7.211360 -0.362926 -9.606757
7.233280 -13.824517 -26.487932
7.258910 -24.191714 -12.980303
7.277280 0.443072 23.970793
7.293950 4.070476 7.567784
7.310730 -13.276896 -3.802805
7.328060 21.218092 -2.718116
7.342290 44.502333 9.702756
7.359620 40.447159 25.081583
7.373410 15.496933 7.775519
7.390200 -16.282932 7.367586
7.406430 -2.107503 9.508348
7.423160 -10.508639 9.160101
7.439510 -12.226106 -7.916482
7.456850 -6.006828 -35.157687
7.472840 0.314347 -12.366396
7.488890 7.531142 5.317873
7.504940 13.768795 -9.449491
7.521790 9.094161 -10.854763
7.554320 -4.071308 -3.399452
7.570860 38.275952 10.008922
7.587710 -48.492459 -8.483405
7.604130 -119.485810 -42.817479
7.670650 -123.448735 -28.281514
7.702090 -46.783892 -3.641048
7.718750 37.450861 13.985852
7.735230 -14.621411 9.625990
7.751530 -17.923380 -0.061315
7.768250 -8.132912 1.977049
7.784550 -7.289345 -1.328389
7.800960 47.813974 -0.289892
7.818790 56.504299 5.037812
7.835880 7.283334 43.361132
7.854250 -47.103662 72.729960
7.870970 -63.598179 47.209810
7.884280 0.562422 -25.197039
7.900700 10.062400 -75.582627
7.917480 -2.416482 -45.553458
7.934200 -6.019833 -10.233950
7.949950 -8.035906 -0.474757
7.966130 0.986667 -6.482820
7.983280 12.834254 7.794610
7.997860 11.330005 26.392323
8.014470 -0.467948 18.426866
8.047300 -15.992114 2.285016
8.064150 -16.411764 -9.465133
8.080260 0.185168 -9.960107
8.096500 8.048154 -2.509221
8.113280 15.523168 -4.095011
8.129760 9.029591 -4.714299
8.145630 20.187050 -5.692351
8.162170 22.741296 -9.772599
8.194820 10.164584 -10.443833
8.211730 12.200778 -13.591232
8.228030 12.064873 -1.611358
8.244690 18.107818 10.578770
8.261050 4.290991 16.574042
8.294010 -8.218274 15.994879
8.311100 -6.776036 -8.108173
8.326660 0.716590 -20.895927
8.343320 1.434578 -19.902709
8.362000 -2.288777 -6.129277
8.378230 -2.260877 -0.762263
8.395080 -2.420338 -11.325587
8.411800 4.780636 -3.439454
8.427490 45.889569 21.584199
8.442870 -68.862103 -2.115438
8.460080 -165.714367 -37.453161
