0.000000 120.605535 223.788782
0.016240 58.069535 116.142614
0.032960 -22.625662 -23.360547
0.049070 2.108978 2.909904
0.065340 11.301274 -1.526935
0.081820 3.605856 -2.848401
0.098600 -7.025470 -5.495035
0.114780 -13.161368 -3.561280
0.131810 -5.847066 -5.547630
0.148100 1.462970 -4.565325
0.164220 -0.923798 -0.807392
0.180630 6.244278 -5.725926
0.197240 -1.374166 -6.701094
0.213810 -1.793384 6.331318
0.230130 4.871897 8.600503
0.262880 2.803375 32.024674
0.279600 20.820608 -72.389350
0.295720 28.994089 -159.728224
0.311770 36.062950 -153.082336
0.328460 13.018395 -84.735245
0.344790 -9.234906 15.708946
0.361150 -0.637880 -0.860343
0.377870 1.988721 6.952611
0.393860 -1.649196 12.107251
0.410430 -11.289366 5.583686
0.427030 2.208480 10.558852
0.443600 -0.913780 -8.533448
0.459840 -2.924955 -44.432694
0.476010 -5.528903 -56.107409
0.510710 -3.448135 -30.351838
0.527310 2.665880 -0.910528
0.543610 -8.853159 6.268090
0.559630 0.013005 2.725937
0.574980 2.973346 2.248440
0.607600 5.062697 1.344551
0.624330 -5.136869 -6.894629
0.656890 -9.559568 -3.090398
0.673370 -2.380718 -1.180856
0.722560 7.410924 -2.260466
0.739260 3.513499 -2.037324
0.755400 -13.099748 -1.529322
0.772190 -11.789359 3.144483
0.903380 -7.565998 1.521855
0.920170 5.308540 0.621676
0.936160 30.632234 -1.853592
1.198880 40.574786 5.157700
1.215610 57.782289 13.909348
1.231660 -7.724927 1.940874
1.248230 -50.169837 -8.567826
1.298030 -32.882963 -10.840539
1.346890 -9.896591 -8.260572
1.363460 21.101323 -1.158221
1.396330 -10.223332 -0.886948
1.412870 -6.800987 13.410342
1.462280 -0.992716 17.651608
1.495090 4.591424 1.941158
1.511110 5.008674 -4.575059
1.544010 1.089912 -6.437596
1.560420 8.442340 -2.662283
1.593380 12.694456 -0.242234
1.609680 28.111182 8.906907
1.625980 14.071109 19.959530
1.642850 -0.094096 20.332445
1.659640 -1.696225 5.453308
1.676030 -6.593100 -5.272153
1.692020 -2.037829 -14.898259
1.708440 2.735289 -12.601511
1.725040 5.358026 -10.098494
1.741520 1.959309 -8.544624
1.757630 -6.993941 2.212667
1.790530 -9.560513 12.380761
1.806580 4.737842 16.858225
1.823760 9.242655 0.297098
1.839780 0.936047 -6.867740
1.856450 -6.900111 -2.851945
1.889010 -10.852277 2.697489
1.905460 -4.124083 -7.696224
1.922000 4.316773 -22.976985
1.955260 -2.319550 -12.078780
1.971740 -20.079239 5.852784
1.987760 11.683773 5.663974
2.037080 33.671178 -11.036411
2.201050 32.393075 -3.755171
2.332640 8.364350 25.483470
2.349090 -31.075982 19.886572
2.365910 9.443887 -12.221655
2.645290 31.891466 -29.561262
2.743470 30.197026 -12.835350
2.759980 14.332330 4.439294
2.793580 -23.764113 11.214065
2.973300 -18.137606 16.459004
2.990170 -14.397238 17.015650
3.006290 -4.759541 -0.394517
3.022370 3.486809 -5.996867
3.039460 7.206780 -0.230727
3.071930 17.921263 4.831918
3.088440 2.037489 -6.560555
3.104950 -9.453149 -24.859175
3.137660 -21.825750 -10.683605
3.170410 -10.953327 10.195343
3.186860 5.152067 15.051125
3.203640 -2.444722 9.085272
3.219790 -2.233015 1.246377
3.235810 -11.594745 -6.318063
3.252990 11.372761 -13.990767
3.268950 40.532533 -17.232046
3.351200 43.401144 -4.235786
3.368010 24.411335 8.190256
3.384250 -2.874675 5.009576
3.400630 -5.654376 7.918301
3.417050 -5.375870 8.378498
3.433530 -6.639260 -3.101078
3.450440 -0.963417 -11.852667
3.466190 3.822931 -10.919407
3.614260 -0.976347 7.878465
3.630370 -6.577449 20.039906
3.729030 -10.259964 15.871712
3.745880 0.441522 8.337551
3.761720 -17.030558 -11.817273
3.779360 -31.048918 -12.913367
3.811280 -22.956232 -2.661078
3.827550 1.567916 7.438469
3.860230 18.699614 7.134285
3.877110 5.317008 -13.998587
3.893520 -2.773850 -16.285819
3.909520 -4.147635 -5.325103
3.959050 1.149606 14.086906
4.008270 5.102429 22.974457
4.024960 2.587397 8.409568
4.041140 2.862389 -1.234067
4.058290 12.486460 -7.055770
4.075290 0.751370 -10.854621
4.091950 -21.459870 -12.622728
4.189240 -30.998987 -4.697098
4.205840 -18.201908 14.265881
4.222260 5.731498 11.520513
4.238890 0.096024 10.059343
4.255430 -1.591355 12.668164
4.271550 -4.090361 2.742926
4.304470 -6.521612 3.871207
4.321140 1.122651 3.555184
4.353940 4.889514 12.086223
4.370670 5.920898 6.080367
4.402800 -5.825782 -17.775152
4.419130 -8.372591 -7.845622
4.452060 -5.731271 -0.709100
4.468440 18.321553 -11.921611
4.484620 30.398037 -19.454046
4.665370 20.491733 -17.795210
4.681850 14.515751 -0.713731
4.698460 8.224209 0.153062
4.715090 11.578679 -8.804008
4.731380 3.569715 -4.996841
4.747740 -6.480556 -3.529477
4.862920 1.131649 10.864828
4.879430 0.622796 13.934133
4.895540 -7.233243 8.075331
4.912140 1.380366 -3.375281
4.928620 6.407065 -8.264612
4.944550 5.771684 2.450931
4.961550 -1.950311 -4.924303
4.977750 2.053594 -3.614301
4.993800 14.082714 3.710372
5.010650 6.719216 8.436504
5.027280 -2.113817 11.665160
5.044460 -8.444835 9.921996
5.059840 1.496125 -0.187299
5.076140 11.729327 -3.815800
5.092560 9.176044 -1.455744
5.109410 14.597293 -4.938835
5.125820 12.437920 -5.226953
5.141820 8.865218 -14.761624
5.158660 7.661378 -6.202500
5.175110 4.546701 0.464125
5.355770 14.222851 2.072671
5.372500 -2.491184 1.126890
5.388210 -75.223951 -8.613759
5.405060 -113.999362 10.654567
5.536070 -92.874110 13.621546
5.552610 -30.180848 5.052839
5.750400 12.848317 -15.601515
5.766420 15.356116 -20.786917
5.782750 26.691966 6.618042
5.979640 15.859123 7.251550
5.996280 18.518843 6.976310
6.013000 26.891245 3.207924
6.144170 21.417948 -3.088272
6.160830 7.953190 -2.064685
6.177490 -2.409563 -4.819230
6.193240 1.191569 -4.450422
6.209900 -7.981127 -3.417197
6.226260 -24.856737 -5.480244
6.242980 3.746830 3.308650
6.275670 45.388741 4.688190
6.374150 51.164826 1.573884
6.407500 25.587718 1.781314
6.440120 -2.798045 8.405622
6.456390 -3.450668 21.175612
6.472780 2.341931 16.768065
6.489380 -5.615627 15.681421
6.505490 -5.327404 2.104427
6.521670 1.535555 -16.770192
6.538640 9.980365 -23.411011
6.555180 3.536976 -19.390113
6.570950 -6.521348 -3.389316
6.620510 -4.802714 0.708367
6.637910 -8.508875 1.801493
6.653660 3.144261 -1.560653
6.669680 -2.050834 -4.617424
6.718960 18.056709 -2.644137
6.768130 30.949396 3.103748
6.785000 16.682281 5.050453
6.801240 8.595258 5.181753
6.817840 -3.946439 6.215613
6.834350 0.740634 3.291496
6.866670 -2.750373 4.048464
6.883510 -8.696800 -3.076954
6.899810 6.440862 -7.319551
6.916170 -14.480443 -5.312958
6.933010 -35.853109 -1.906141
6.965180 -33.985797 1.753504
6.982240 -19.819956 5.201671
6.998380 -0.010359 4.273851
7.014710 -9.160356 -2.181218
7.031130 -6.938973 -11.804183
7.047880 13.178569 -9.260093
7.064300 23.938298 1.068269
7.211910 13.939855 5.583450
7.228580 -0.020377 4.244032
7.261320 -15.290868 3.848052
7.277500 0.896994 0.817174
7.310330 14.315318 -5.074553
7.327180 0.739386 1.483791
7.345120 -4.479107 6.644836
7.360630 -12.851644 11.788022
7.377470 8.143572 6.559965
7.394500 18.308662 -5.333042
7.409760 5.578729 -11.785423
7.426760 8.164970 -8.788627
7.442230 6.357011 1.140193
7.458620 10.861955 4.230872
7.475830 2.833695 -2.002212
7.492370 -5.047159 -2.461706
7.508330 -3.023323 2.482947
7.524960 1.575968 9.366322
7.541660 5.104546 7.478306
7.557680 5.414846 2.071419
7.576350 -6.282801 2.620627
7.591060 3.421899 0.181203
7.606930 20.707505 -2.209193
7.626980 23.536136 -10.831986
7.639710 7.934704 -14.539293
7.655490 -7.431981 -7.656766
7.754120 -0.187285 0.485721
7.770510 7.385860 8.056169
7.786800 14.439237 3.301916
7.803010 -60.518591 -4.717418
7.820040 -104.223435 -9.602858
7.852690 -92.825799 -1.102364
7.935060 -32.599107 16.194643
7.951230 16.464083 19.984786
7.967650 -1.927288 6.687011
7.984380 5.133089 -5.501580
8.000310 -14.400451 -13.369066
8.017120 -15.452627 -9.522855
8.049960 -9.607163 -1.617620
8.099180 -0.531838 1.476230
8.115510 8.238045 4.874354
8.148470 0.941528 1.738241
8.164980 9.658917 1.543617
8.197450 1.122084 5.591885
8.214230 -5.148437 1.520060
8.246800 -0.067255 -1.412269
8.263370 -9.703186 -4.889192
8.280090 5.226617 -8.729085
8.296360 24.806727 -5.829274
8.312900 28.444758 -3.122013
8.345400 20.581663 6.910885
8.362150 -4.705632 13.695924
8.394650 -6.206058 14.676188
8.411470 -1.309898 8.973490
8.443910 -3.169628 -1.802674
8.460690 19.208659 -4.187562
8.493010 27.128400 -1.965896
8.509890 20.479031 -5.624185
8.526490 12.028922 -10.112765
8.542600 1.194594 -15.970519
8.559540 4.251333 -6.850374
8.591520 0.965345 6.068152
8.608150 -8.167200 7.528963
8.624940 -6.696344 3.308130
8.641110 -2.963214 -3.600124
8.657380 -0.054968 -3.356378
8.674290 1.788280 -2.243241
8.690580 -3.933661 -2.290072
8.707340 3.142824 0.637460
8.723570 5.707189 3.097227
8.739750 13.045009 0.793050
8.756500 17.216812 -0.962368
8.788910 9.695852 -0.169035
8.838070 -0.782446 3.919125
8.854640 -0.529834 11.899661
8.871250 9.374630 13.927635
8.887630 12.857995 11.446441
8.904360 0.411278 1.345638
8.920750 -9.992614 -7.579054
8.936800 -3.828186 -8.714909
8.953580 -4.894277 -9.105922
8.969760 -3.463937 -7.151817
8.986180 -3.662828 -2.862530
9.002660 -6.566864 -3.534226
9.019290 5.456356 1.569915
9.036960 10.419913 6.218826
9.052090 21.087941 11.082886
9.068570 18.856418 9.018382
9.084630 9.106409 2.300090
9.101170 10.407891 0.025069
9.134250 1.797277 -4.191767
9.150330 4.882482 0.398746
9.183110 1.743254 2.935683
9.199770 8.096317 -0.333911
9.216640 10.134757 -7.375619
9.233700 6.790629 -13.197367
9.251070 -2.689999 -8.810577
9.267760 -2.493112 -3.071685
9.282780 7.713208 2.143106
9.298430 3.212536 8.554737
9.314940 -4.107373 9.057580
9.331360 -13.247787 7.051470
9.347840 -0.440955 7.234420
9.366520 7.169316 0.745109
9.380620 18.239144 -5.767157
9.396910 -28.347048 -9.675537
9.413570 -76.033150 -5.744758
9.429530 -77.324627 6.334863
9.446380 -40.821800 7.216510
9.462890 10.129049 7.774267
9.478820 1.570146 2.830278
9.495640 3.067933 -1.467015
9.512300 2.912367 -14.648899
9.528380 5.275877 -18.730016
9.546020 6.561118 -6.463327
9.578800 4.038077 8.185318
9.596250 -0.101014 18.185285
9.611510 -2.461205 13.907032
9.626500 -0.321114 5.636258
9.643010 -12.059581 -0.378261
9.675900 -15.306065 -1.542672
9.692810 -23.617105 -0.686795
9.709010 -17.755612 -1.359342
9.725490 -10.964063 -10.069479
9.742310 0.147401 -5.786366
9.758420 14.364727 -4.520786
9.774510 2.544262 -3.641733
9.824040 -6.598431 0.260286
9.840820 -9.613061 -1.709911
9.856720 -0.845164 -1.051280
9.873320 6.171807 -8.103542
9.889500 -3.474107 0.410466
9.906100 -9.389298 15.314424
9.922490 -9.017834 23.936678
9.939330 1.422821 16.652909
9.955440 14.992904 0.847087
9.971770 15.442118 -4.980727
9.988430 7.627808 -9.781175
10.004970 -6.510384 -11.685692
10.022610 -10.715427 -14.824542
10.038760 -5.923696 -6.067230
10.054080 1.679251 8.331290
10.070770 4.413704 13.921327
10.087160 0.990826 1.109453
10.103520 3.674925 -13.149333
10.119810 5.192366 -19.991071
10.136170 9.635025 -11.436588
10.153080 7.997383 2.327026
10.185520 11.017178 14.739343
10.202060 11.718402 17.699357
10.218480 5.799017 6.788635
10.234830 -2.856453 6.102767
10.251130 -5.990912 5.736251
10.267400 1.931409 7.935502
10.284060 2.744702 3.050940
10.300450 1.317195 -0.634388
10.316890 -8.384537 2.561935
10.333620 8.449825 -7.587797
10.352200 16.648977 -13.818218
10.366150 11.986506 -15.452571
10.382870 0.576561 -5.375525
10.399350 -5.250850 8.241410
10.415500 6.005051 12.024107
10.432070 4.421757 14.635928
10.448360 1.449511 8.279852
10.464600 -2.610874 3.382723
10.481990 0.932833 -6.579009
10.497770 7.573218 -6.240280
10.514130 11.880920 -3.374666
10.530760 0.266599 1.825073
10.547180 2.151924 -1.954177
10.563080 6.333157 -5.955967
10.579650 6.615405 -1.880481
10.612580 -0.982282 2.824040
10.629270 -3.827241 2.919214
10.645540 8.176424 -6.536124
10.661870 6.718725 -9.852507
10.678770 3.688686 -2.619682
10.694850 -6.831911 10.186790
10.711300 -10.403468 16.382169
10.727810 -7.977082 1.517012
10.744260 4.761923 -11.128605
10.760620 15.590079 -8.572434
10.779080 4.842598 1.537096
10.795200 -2.034540 9.851019
10.811430 -5.793346 3.748957
10.828550 -0.164905 0.016469
10.858980 2.607849 -8.012647
10.875820 5.735354 -9.269213
10.892000 10.035635 -7.706904
10.908110 6.365404 -3.247572
10.924130 -1.722122 -3.794464
10.941100 -7.272484 3.915911
10.957460 -3.042188 11.558813
10.973880 0.542915 12.797523
10.990080 5.451404 -1.831335
11.007540 1.274740 -19.346357
11.024020 9.201411 -15.267005
11.040500 8.325298 -3.780783
11.056700 4.479674 12.243439
11.073240 -8.763449 16.168536
11.089510 -8.129698 13.480161
11.105650 -2.201902 11.489750
11.122560 3.088990 4.859799
11.155240 4.955899 -2.675799
11.171910 3.786563 0.414341
11.204160 -15.854209 0.525345
11.221590 -30.843978 5.943113
11.253050 -25.136308 7.012366
11.269810 -9.991215 0.834446
11.302460 4.931212 1.585958
11.319030 -4.982135 -5.028101
11.352570 -1.113729 -6.730061
11.368230 -2.621875 -10.281867
11.384830 5.331903 -18.066939
11.401090 7.452017 -17.329506
11.418580 11.875287 -17.178508
11.434170 20.852323 -5.538581
11.450440 21.045376 7.678527
11.467220 22.225915 13.347588
11.484410 7.162436 6.774860
11.500580 -1.345057 -5.676946
11.517430 -3.066005 -0.397352
11.550110 -9.212677 7.345707
11.567170 -3.473464 7.335972
11.598240 -1.611845 -3.785981
11.615750 -1.608632 -11.374306
11.632290 4.430414 -6.611993
11.648380 13.314662 -11.432241
11.666050 -0.334157 7.390458
11.681210 -37.012327 22.870882
11.696960 -38.585977 23.651022
11.713440 -14.642959 8.160367
11.748870 4.695047 -9.541167
11.764560 12.876405 1.143241
11.780120 9.983163 18.421715
11.795170 13.185752 2.038292
11.812230 -3.029939 -18.692639
11.844540 -16.111572 -18.553881
11.861270 8.257401 -5.655255
11.894070 20.761372 12.183071
11.910580 17.262629 11.393894
11.927430 2.406917 13.261538
11.943210 -11.470976 5.167080
11.959870 -5.845705 -5.320614
11.976100 0.542726 -9.388367
11.992520 8.218160 -7.079351
12.009030 -1.987776 -22.368293
12.025570 -14.637667 -17.475424
12.041900 -7.413759 -0.866013
12.091030 9.170147 16.336688
12.107390 15.650375 17.778932
12.123900 0.860097 9.759769
12.140630 -8.213699 4.789554
12.156980 -2.512430 1.485492
12.173490 6.640847 -5.907223
12.189820 0.643249 -17.272543
12.206760 -3.438268 -10.082592
12.238980 -4.467387 8.189949
12.255310 -2.101757 24.928468
12.272400 -1.128889 17.933686
12.288360 -1.185067 1.748542
12.304630 5.619672 -2.386521
12.337550 0.802936 -3.398483
12.353910 -1.294625 -0.222316
12.386840 -2.434288 5.838277
12.403410 10.122849 -11.767065
12.419770 2.036506 -19.190849
12.435970 -2.660587 -14.709172
12.452850 0.003629 5.444707
12.485200 3.212347 20.173205
12.501890 -4.361534 8.754201
12.518280 -6.227493 1.856569
12.534820 4.351856 -0.082982
12.551910 -16.272763 5.207436
12.584290 -26.428199 6.219701
12.600860 -55.152635 -1.287820
12.617430 -36.206572 -3.491672
12.633640 -20.958924 -8.114175
12.649810 -12.362880 -7.151439
12.683440 4.945994 -1.777061
12.699650 -2.585431 0.702082
12.731870 1.803326 8.991423
12.748660 13.138762 -12.412304
12.781160 27.085989 -23.210666
12.798030 28.613606 -10.032195
12.814390 13.115059 3.382912
12.830110 -9.788623 14.951561
12.846920 -8.562217 3.745460
12.879850 -21.333122 1.650226
12.896360 -12.551369 5.850020
12.928710 0.349430 1.075995
12.945560 3.075078 -2.449325
12.978030 -3.701238 0.750472
12.994450 -13.384447 0.902046
13.027310 -3.207130 -6.374439
13.043670 3.188643 -4.772045
13.076420 -1.458773 0.228672
13.093200 2.020212 -0.477286
13.110410 18.889419 -6.998497
13.126620 27.617222 -14.381772
13.143010 10.584398 -14.350159
13.159390 -3.330147 -5.719783
13.175720 -6.423585 -2.160354
13.193760 2.511409 -1.170838
13.225250 3.016254 -2.244281
13.242000 -7.199030 -3.505872
13.274540 -3.411011 6.977681
13.291230 -8.772522 5.455600
13.308110 9.859997 8.581365
13.323000 21.050064 15.844612
13.342380 28.393276 15.660133
13.359620 14.253018 11.532421
13.376460 -5.761288 3.934719
13.390900 -9.335918 -7.244674
13.411350 -4.405047 -14.918531
13.425870 3.723656 -13.559737
13.438780 -0.440010 3.469249
13.471470 -3.255974 14.421630
13.487760 5.799357 11.890778
13.520900 -8.517948 -1.401660
13.536990 -29.315756 -6.171311
13.569760 -30.386508 -2.644751
13.586610 -17.367229 1.950089
13.603030 0.449272 6.886950
13.618840 -13.783538 4.311608
13.635650 9.531517 -18.372855
13.651950 9.737247 -11.512858
13.700870 -4.636903 9.507214
13.717190 -14.452960 25.492235
13.734070 -19.011634 27.566920
13.750550 -11.212359 -1.780984
13.766880 -11.772839 -2.059321
13.783420 -4.259537 -3.547316
13.816620 4.013882 0.253127
13.832820 0.431239 7.792649
13.865880 -4.726084 2.054737
13.882170 4.223358 -4.414744
13.914790 -1.284834 -13.222601
13.931490 0.485640 -3.349928
13.964200 -1.278861 12.690940
13.980770 5.461270 -3.497130
13.997100 21.868541 -18.881958
14.013400 38.351351 -28.983156
14.029940 28.923594 8.832811
14.062740 -2.085803 41.423544
14.079860 -0.776397 26.017631
14.095760 -1.039065 -5.996867
14.112180 6.075973 -30.768207
14.129030 1.126091 -16.318968
14.161620 10.513856 1.044239
14.179320 14.183989 6.958448
14.210600 -14.977669 3.761125
14.227050 -1.048289 -6.193828
14.243410 20.871300 -15.562601
14.259700 32.118251 -19.033805
14.278500 13.817032 -9.424753
14.292540 -6.955796 3.791558
14.308960 -2.529556 6.672386
14.326110 -2.884240 8.380483
14.342070 -1.630710 3.274177
14.358520 -1.264608 -1.271966
14.376040 6.195813 6.598951
14.393160 3.502045 11.565381
14.408140 -2.924313 1.812409
14.424350 -4.341762 -7.312651
14.457700 -5.266804 -9.370599
14.474210 14.044949 10.255995
14.490720 23.946236 18.539824
14.506810 27.430871 12.081072
14.524570 10.343360 7.980182
14.539610 -8.344729 0.004371
14.555630 -7.490464 -1.778172
14.573090 5.351637 -12.537930
14.589480 9.617257 -16.038234
14.607730 1.423539 -13.514467
14.626620 2.163265 -18.948254
14.637420 -6.752182 -21.280157
14.653500 -3.474863 -14.334234
14.686550 -1.961388 5.732802
14.719420 2.195021 15.922604
14.736110 1.314132 9.848987
14.751800 -8.894176 11.524010
14.768860 -10.272515 7.352819
14.801420 -11.006026 4.608871
14.817930 -6.779325 -1.214455
14.850890 -3.528546 -8.186263
14.867310 4.707106 -1.988532
14.883510 3.429270 -2.862885
14.900120 -2.409601 -3.226188
14.916470 2.090718 -3.716893
14.933010 -2.351684 -3.533541
14.949490 -6.034236 6.955612
14.965670 -7.530310 9.191785
14.982060 -0.327352 4.160484
14.998690 11.763464 5.283565
15.015140 -0.105135 3.118941
15.031650 -6.654495 1.280141
15.048250 -4.439979 -4.089199
15.064030 -5.196752 0.900628
15.080600 15.474856 2.701482
15.097320 23.747707 -2.951466
15.113770 34.433419 -9.335630
15.130220 20.451852 -8.266290
15.146420 -3.669293 3.466863
15.162690 -0.468704 12.981390
15.179530 -3.816164 14.069658
15.195740 0.405910 1.502953
15.212250 2.003918 -0.307589
15.228610 2.492507 2.443488
15.245150 3.462047 4.622930
15.261630 4.905051 0.860224
15.294070 -0.557961 -4.861311
15.310580 -1.677247 -1.997794
15.343170 -6.038773 -2.445615
15.359770 -4.001558 -9.378656
15.376310 0.794732 -14.257092
15.392430 -5.684355 -16.883742
15.409120 -0.882855 -11.730537
15.425350 8.582140 -3.075584
15.441710 12.614879 1.911599
15.458340 6.585426 9.280720
15.474700 -3.019997 8.992675
15.491150 -5.929404 4.893469
15.507600 -0.073228 10.456592
15.523990 -3.036517 13.626602
15.540340 -8.500747 9.852318
15.556880 -6.949634 -2.026407
15.573210 3.302625 -8.610569
15.589570 12.754488 -3.867592
15.606110 9.052311 -5.260694
15.622440 -0.327125 -2.909361
15.638980 -5.432804 3.765000
15.655330 -4.525606 3.439336
15.671880 -2.012424 -0.801509
15.688320 -2.333614 -6.945405
15.705600 10.239890 -7.882718
15.721340 17.644889 -1.476112
15.737760 14.000265 3.965128
15.754460 4.547041 4.131942
15.770690 -2.231087 6.928842
15.787200 10.361695 7.379849
15.803410 -3.950030 7.850702
15.820430 -15.620171 -6.423467
15.836640 -17.056718 -19.644639
15.853180 -1.294247 -8.745530
15.869350 13.630283 6.105720
15.885740 8.701828 16.560599
15.903320 0.674589 11.956462
15.920440 -4.252052 4.702485
15.936130 1.959536 -0.941930
15.951750 3.332793 -2.676413
15.968260 -2.086824 -2.614460
15.984160 -9.603647 -0.664703
16.000850 -3.928141 -1.910796
16.017460 2.199747 6.348000
16.033780 3.774654 9.746656
16.050540 1.992577 3.103488
16.082920 1.263474 -2.910613
16.099520 3.085739 -14.260683
16.115970 2.821597 -1.574333
16.132110 4.507309 6.985100
16.148800 6.130184 5.202758
16.181460 15.123211 -2.293356
16.199040 -15.453308 -8.781019
16.214450 -68.695118 -0.299934
16.230710 -83.268855 3.701772
16.247280 -66.043703 2.472976
16.263370 -21.865064 3.436926
16.280120 -10.844527 -1.241628
16.296360 -9.446306 -2.098095
16.312710 12.649886 -5.053217
16.329320 14.961527 -9.485642
16.347960 17.790995 -4.333984
16.363560 3.981484 -1.414584
16.379000 -11.093580 3.653334
16.395360 -6.648522 -9.735054
16.411800 6.408917 -23.081174
16.428310 8.308097 -16.517740
16.477330 -2.686748 -2.615075
16.494080 -9.499308 15.284134
16.510680 -4.659359 21.290883
16.526640 5.136491 20.226553
16.543090 2.281103 13.700673
16.559600 -7.529668 -1.759222
16.577000 -5.830999 -4.167691
16.592500 -9.940028 5.189810
16.625340 -12.520408 12.940491
16.643040 -6.240952 3.101409
16.659150 -7.725948 -8.436905
16.675810 -2.031213 -6.000553
16.692080 -8.719634 -11.041207
16.707520 -5.865137 -7.683205
16.724090 0.610321 1.855790
16.740300 7.168749 2.749376
16.756710 13.205787 -5.689634
16.938780 11.449352 -9.445924
16.955230 5.849599 7.515850
16.970060 1.007800 19.318431
16.986880 -4.061289 10.606840
17.003510 -2.018019 2.682273
17.021550 4.569460 4.305867
17.036320 12.536134 3.548214
17.068790 10.084478 -1.103167
17.085540 3.491006 -9.772788
17.101650 10.004522 -20.844494
17.117950 10.843242 -26.034594
17.134160 6.238192 -22.269892
17.150570 -0.139348 -5.382944
17.166750 1.788015 11.729332
17.183290 1.959725 19.760786
17.200230 0.162485 18.069467
17.216460 0.657955 11.868024
17.232970 -7.309154 -4.872842
17.249600 -1.189641 -18.755131
17.265720 6.919466 -17.705926
17.281980 12.346435 -11.479283
17.298800 7.324768 -2.836020
17.315120 -10.168138 3.141175
17.331480 5.207375 10.266816
17.347750 26.716649 13.318929
17.364410 45.516849 2.428178
17.380770 -0.394795 8.712640
17.397280 -51.847916 22.441202
17.413510 -58.284695 29.714228
17.430180 -19.904178 11.698333
17.463870 18.662076 -9.513593
17.480160 6.208855 -20.169732
17.512330 -1.663222 -15.202550
17.528900 -9.740914 5.214477
17.562710 -5.497223 16.942265
17.578090 -9.788358 23.337086
17.594450 4.180677 4.372285
17.610690 12.919010 0.094866
17.627410 21.469585 -1.379568
17.660280 19.647163 -4.384737
17.678100 11.880126 -7.458647
17.693240 11.377903 -16.754504
17.709500 -3.800210 -8.799614
17.726010 -12.111826 0.196254
17.759160 -18.740176 11.321239
17.775120 -3.715150 11.438077
17.792570 8.998743 2.660015
17.807920 12.040944 -3.513977
17.823910 2.402040 -3.774238
17.840420 -1.189717 -9.190887
17.856900 -15.402198 -8.543277
17.873960 -27.687868 2.790063
17.906650 -20.659081 0.652440
17.923130 -5.696944 -2.867256
17.955960 7.029969 -14.792764
17.972600 0.989994 -10.696648
17.989040 5.260150 1.255474
18.005250 13.341048 7.384456
18.021970 -6.539456 11.339196
18.038360 0.939525 10.493617
18.054320 17.857490 14.035706
18.071380 27.492862 4.999180
18.087830 18.960185 -4.751135
18.103730 -2.120962 -8.253862
18.119900 -2.774417 -0.582974
18.152830 -5.302605 14.243128
18.169890 -9.852814 8.780050
18.202090 -13.121410 1.741289
18.218750 4.169071 -8.762258
18.235140 2.534281 -18.609451
18.251530 -3.240512 -24.407673
18.268550 3.048993 -18.064411
18.285000 -1.258143 -9.407789
18.301030 12.694343 4.027175
18.317900 9.431223 7.675857
18.350280 10.514688 8.478821
18.367220 -0.946254 21.706321
18.383330 -7.769914 6.434548
18.399870 8.508649 -5.051303
18.416290 26.472614 -8.541671
18.432830 22.154470 4.777929
18.449650 1.737697 13.820392
18.465330 -3.200817 -3.640599
18.497920 -12.511978 -10.652842
18.514740 -6.407329 -7.479629
18.547270 5.668440 2.149745
18.563420 23.031759 4.867124
18.596560 19.055220 3.355858
18.613100 7.354444 3.464712
18.646120 -2.755401 0.931935
18.663940 -3.551039 -4.033319
18.678710 -0.189251 -12.450769
18.695190 2.158200 -17.074291
18.711580 2.911762 -21.841792
18.727970 -4.865281 -14.030130
18.744600 -13.192821 -3.415188
18.761230 -6.014465 1.030630
18.777340 1.898632 0.423225
18.793850 3.930636 -0.873173
18.810150 0.894726 1.775360
18.826690 -1.321051 0.596465
18.843140 1.965471 -1.345851
18.859800 -2.748672 -0.753828
18.876130 -3.417853 10.544605
18.892120 -0.431882 19.814866
18.908870 4.893370 14.533079
18.925380 -0.077122 -2.212738
18.941710 -8.008195 -13.515082
18.957920 -10.701704 -8.137283
18.974490 -2.802014 0.734027
18.992030 12.114472 -6.783956
19.007170 0.671791 -2.913685
19.023740 -12.593861 3.638590
19.040280 -18.751176 7.879575
19.056610 -6.793162 8.837631
19.073120 8.530688 2.566496
19.089720 -5.184238 11.674445
19.106960 35.746110 3.184981
19.122680 57.410223 -3.706237
19.385710 55.622274 -12.724869
19.402470 -0.842215 1.894705
19.418670 -48.354911 23.377982
19.434570 -22.266362 23.097618
19.453800 -7.382382 5.548127
19.469910 6.510724 -10.473746
19.485260 -4.622008 -3.581340
19.502660 -9.869637 0.454343
19.518680 -3.880885 2.717549
19.534550 6.332060 -1.534378
19.551730 4.771714 -9.091864
19.565610 2.451905 -14.136853
19.582030 -3.547675 -19.492911
19.598940 -3.224142 -8.972568
19.631680 -5.883963 1.636664
19.647830 -8.494094 5.028361
19.664310 4.332538 18.123336
19.680910 15.056451 20.144925
19.697020 7.450619 10.716424
19.713500 -4.248007 -10.489340
19.729920 -8.023846 -20.906488
19.746770 -8.788589 -9.308884
19.763150 -4.091987 3.684736
19.779300 6.625612 10.045166
19.795780 -12.170875 2.540269
19.812010 -41.204300 -1.406527
19.828800 -54.121415 -2.760009
19.845180 -29.915353 7.275154
19.861910 0.941037 11.004230
19.878080 4.782035 0.358649
19.894710 4.688620 -2.540623
19.927190 7.160205 -3.479645
19.943970 6.142471 1.182487
19.976620 1.583038 -5.359694
19.993130 1.410005 -4.598971
20.009520 -6.713319 4.929218
20.025880 7.716270 -0.662836
20.045560 31.089816 -3.847367
20.076110 38.569197 -2.290615
20.093900 24.237604 7.266861
20.109800 3.114168 11.863913
20.125640 1.933072 4.398181
20.142910 4.508745 1.287088
20.158390 4.122268 0.297169
20.174620 4.302219 -1.360264
20.192020 1.655321 -2.111255
20.207760 0.602533 -9.842773
20.222810 -3.624570 -20.960001
20.239590 15.230232 -4.280301
20.255680 26.853332 1.216109
20.271880 21.841022 0.458950
20.289000 4.973175 0.754277
20.305020 -9.115066 6.645639
20.321590 0.228530 20.230097
20.338040 2.518630 9.284594
20.354680 2.259289 -2.585847
20.371890 0.211971 -8.270118
20.387570 -3.300999 -6.867575
20.404020 -2.244357 -5.275957
20.420070 1.331145 -2.504921
20.436830 2.444911 -2.572568
20.453250 0.687820 8.165967
20.469120 -4.993098 19.304539
20.486110 -3.471423 19.403226
20.502500 -0.251326 10.873121
20.520420 20.646682 -1.016902
20.535280 -29.164675 -15.242078
20.551850 -91.480236 -15.343438
20.568240 -104.970940 -1.170862
20.584500 -57.105064 8.980247
20.601010 7.534280 10.338006
20.617370 1.104202 0.487800
20.634090 -4.702759 -7.851813
20.650120 1.448793 -9.990799
20.666660 6.472315 -7.174405
20.682950 5.205598 -1.751283
20.699460 2.764701 6.583522
20.715970 2.968053 8.440662
20.732120 -4.862635 4.999605
20.748810 -6.779666 -3.235616
20.764890 -3.212234 -9.644112
20.781860 0.522803 -9.747152
20.798220 3.822893 -3.399854
20.814480 0.053191 -1.395422
20.831020 -3.469041 -2.739169
20.847720 -11.400963 -5.111271
20.863560 -16.059819 -3.422962
20.880370 -2.318227 8.188200
20.896790 12.254308 13.193681
20.912960 11.930179 6.747310
20.929780 3.587521 4.441349
20.945830 -4.800144 1.801115
20.961980 -5.260377 -1.956752
20.978760 -1.689723 -1.917648
20.995480 4.878172 -1.744573
21.011660 6.990652 -1.264192
21.028260 0.838246 -2.696379
21.044740 -3.503708 -4.960643
21.060490 -5.627989 -0.946774
21.077330 13.632211 2.518649
21.093690 13.878765 2.627621
21.110080 -1.238485 3.018546
21.126500 -4.261238 0.235949
21.143190 -0.188911 -2.587099
21.159300 8.341327 2.183250
21.176120 -0.338655 8.222579
21.208620 -7.901776 13.031622
21.225520 12.491866 -2.485192
21.241730 27.128929 -20.029203
21.257660 22.417302 -20.684616
21.274780 13.235085 -4.470081
21.292540 -1.956247 16.351998
21.308810 1.082200 22.785547
21.323820 1.996887 20.038087
21.340150 2.895997 7.343958
21.357450 4.977939 -3.598848
21.372960 -0.893479 -13.003742
21.389340 -4.781544 -9.381066
21.405490 -8.332140 -2.319938
21.422580 8.412777 0.421358
21.438720 24.494571 -2.333169
21.455230 24.417610 -8.136621
21.471800 11.531689 -5.175917
21.488040 -5.972766 -1.227545
21.504760 -4.046281 0.745581
21.520970 0.128347 -3.758927
21.537200 0.701619 7.614023
21.553830 10.349106 18.933960
21.570100 -22.171519 16.196605
21.586940 -67.095263 -8.252562
21.915830 -76.723039 -26.698382
21.948090 -37.154474 -9.232330
21.964480 4.905845 6.060000
21.997190 8.363972 2.525029
22.013640 -6.539456 -1.446978
22.046510 2.010270 5.696580
22.062960 2.932857 6.011232
22.095920 -11.443265 -4.266597
22.112790 -5.707340 3.626068
22.128600 0.635234 10.265942
22.145360 18.073380 7.863556
22.161710 4.200600 0.637743
22.177830 10.940549 -5.150115
22.194490 25.263808 9.749869
22.211360 28.326523 8.239898
22.243590 13.205863 7.267924
22.260500 -1.111234 1.304313
22.276730 -0.976006 -15.723193
22.293120 1.422670 -21.176959
22.310120 -2.488953 -8.791226
22.342220 -5.072450 13.327033
22.358640 0.172806 22.367986
22.375210 -5.548334 20.531354
22.391720 5.187830 -1.191961
22.407840 24.385177 -2.526446
22.441010 35.426850 0.527141
22.457370 24.178105 -4.874968
22.473880 9.078585 -5.703551
22.490170 6.902076 -8.018766
22.506650 6.450464 2.054714
22.539550 -4.094557 0.715290
22.556150 -3.737681 -2.486350
22.572750 4.803092 -9.043569
22.589080 3.959784 -13.540930
22.605220 -0.354420 -12.540269
22.621770 1.853493 -10.666830
22.638430 3.603097 1.791593
22.654880 7.672152 2.948820
22.687500 9.648218 2.396634
22.704010 14.511857 -1.813047
22.720120 22.214423 -8.846207
22.736540 18.822093 -8.082915
22.752900 15.108959 6.013808
22.769500 -4.452303 24.121948
22.785890 -14.632147 32.905467
22.802460 -4.673082 9.173616
22.818660 -2.877926 -11.203693
22.835210 -5.568711 -12.290859
22.851410 -8.928994 -2.003866
22.868230 1.460134 4.529670
22.884160 24.797806 -2.692173
22.901000 -9.541460 -3.349124
22.917540 -55.266399 -4.874732
22.933380 -68.192876 -2.045806
22.950440 -36.401067 3.678971
22.966670 0.633533 6.993677
22.982730 -6.239969 -0.415711
22.999270 -2.348093 -8.220594
23.015930 -0.711486 -15.114375
23.032350 -5.807258 -15.421690
23.048610 0.040905 -9.327171
23.064970 7.620436 3.128794
23.081570 12.673853 12.238525
23.097960 -3.823876 7.053526
23.130920 -15.900669 -1.668963
23.147580 -0.960884 -0.818072
23.163730 10.177060 8.001164
23.179960 11.541896 14.681221
23.196620 12.281980 12.094942
23.213100 11.185141 8.576781
23.229460 11.263886 6.151511
23.246060 5.218489 -4.227942
23.262050 -1.914132 -13.012318
23.278690 -0.280663 -17.236890
23.294950 2.834111 -11.875987
23.311490 -0.035423 -6.170484
23.327910 -5.470495 -7.533453
23.344540 -1.237237 -4.688001
23.360350 3.080446 -3.703449
23.376620 6.882683 1.369549
23.393160 0.765396 6.364634
23.409730 -3.615421 8.774143
23.426330 -0.124869 7.785797
23.442780 -1.072295 6.068766
23.459380 -0.408972 6.321891
23.475650 -0.081885 8.256154
23.492030 0.772465 5.855690
23.508480 1.452989 4.458054
23.525020 0.927578 6.567856
23.541140 0.843198 5.075640
23.557340 -0.659353 0.997479
23.574070 8.241372 -10.626734
23.590640 -28.988003 3.986961
23.606750 -32.044810 25.157372
23.623470 -26.224836 24.256943
23.639620 51.441116 19.431152
23.657930 73.245624 23.705125
23.674740 -5.224311 0.579500
23.690400 -61.232862 -35.354084
23.723970 -39.453421 -65.327419
23.740420 75.190001 -54.133534
23.837800 96.489857 -8.473245
23.871980 22.595383 6.494965
23.888820 -50.004633 21.969702
23.905520 -43.725921 19.363794
23.925080 -10.523231 3.136756
23.935970 14.763363 -3.416795
23.969020 -2.706255 -9.023344
23.985200 3.748002 -4.324769
24.018550 11.425724 5.118454
24.035060 12.230378 0.414813
24.051210 15.168613 -1.300130
24.067570 5.463274 4.646014
24.084200 10.431330 1.340605
24.100520 3.824972 1.372456
24.116790 -4.126578 2.732789
24.135280 1.149304 8.342395
24.149200 0.337635 6.233310
24.165370 -0.776321 -5.431925
24.182040 -3.437285 -8.213246
24.198460 -0.821763 -4.352059
24.215030 5.214369 3.320582
24.231510 4.048587 -0.576523
24.248020 1.471060 -1.097119
24.264010 -0.808682 1.406764
24.280940 2.104441 3.619759
24.297360 -7.443436 9.390352
24.313320 -13.880655 9.272237
24.330110 -15.800642 5.043412
24.346130 -6.529627 -8.797487
24.362610 5.009997 -25.303565
24.379180 4.107827 -13.485311
24.395290 0.980619 1.773210
24.411740 -4.004469 8.252869
24.428470 -5.233649 3.068235
24.444790 1.060311 -1.914836
24.461150 8.226818 3.634148
24.477750 5.416056 7.713945
24.494080 0.224031 6.384481
24.510440 -3.378461 1.482846
24.527310 -2.029248 -2.533251
24.545260 -1.399269 -3.269404
24.560490 -4.855603 -1.614784
24.577550 6.009134 2.209761
24.593050 15.191143 8.742128
24.609530 13.744638 6.659887
24.626430 6.796451 0.706477
24.643490 3.255936 -7.419118
24.659270 11.130363 -7.715008
24.675720 4.399755 -1.141374
24.692260 -5.374811 1.471811
24.708620 -8.627127 -1.073113
24.725190 -5.187603 -10.117325
24.741330 8.302048 -17.538909
24.757540 21.544319 -1.640019
24.773350 27.701703 10.037109
24.806300 17.999665 13.397111
24.823060 5.143561 15.689052
24.839480 -6.702015 9.225171
24.855650 -12.539612 9.610750
24.873020 -5.438890 -4.437710
24.888520 4.963460 -5.924518
24.905000 -53.069580 -8.303433
24.921510 -99.180543 -6.104917
24.954440 -84.039914 2.359042
24.970490 -28.058187 1.334911
24.988560 10.373036 3.113318
25.004880 -14.709380 -4.069588
25.022090 -5.183407 -11.409086
25.037900 6.932320 -6.965938
25.052950 8.715892 2.792308
25.069550 5.452575 9.211987
25.085970 1.725940 0.834588
25.102420 5.426074 -14.484455
25.118620 -1.036154 -0.831682
25.135440 -9.492957 13.061912
25.152890 -12.146038 15.276267
25.168180 -3.481101 7.870644
25.184480 10.105837 3.401153
25.201080 8.506985 7.248502
25.217320 11.797601 3.212153
25.233700 22.018650 5.902048
25.250240 27.095098 8.684500
25.268920 18.894182 -0.670303
25.285770 1.724239 -8.024224
25.301090 -2.779029 -13.843594
25.315830 -2.486080 -2.793064
25.334840 -0.562838 -2.091857
25.348820 0.586693 -14.454543
25.365480 9.212110 -4.883923
25.381840 2.929152 2.151707
25.398130 -8.426500 1.037434
25.414760 -4.134101 -2.117044
25.447630 1.124730 0.682825
25.463100 17.089114 3.934034
25.479580 17.557829 4.013566
25.496150 12.742996 2.628637
25.512480 15.432970 10.610903
25.529140 5.183520 -4.176858
25.545840 1.105828 -29.294310
25.561680 -4.632782 -6.103995
25.578310 -8.631550 19.218799
25.594820 -1.433444 36.811546
25.611480 -6.467363 7.125330
25.627690 -0.972264 -6.079044
25.644040 5.180420 10.841555
25.660640 4.948035 7.814670
25.676970 2.388922 -2.297231
25.693510 -5.050221 -21.462904
25.709960 2.026941 -16.611136
25.726500 14.455077 -3.286794
25.742740 17.843050 5.526649
25.759000 13.464552 9.533913
25.776030 6.361964 7.446030
25.792110 4.994800 2.129260
25.808720 6.433112 -2.437463
25.825040 -3.986701 -9.881191
25.841340 -12.757475 -10.973467
25.857450 -5.154826 -8.618531
25.874080 3.279337 -3.434540
25.890630 5.946114 -1.271824
25.906980 2.042517 0.215842
25.923430 -2.587851 5.775237
25.939880 -1.049461 9.198236
25.956360 -7.178880 9.273419
25.972990 1.111083 5.306862
25.989990 9.963240 -0.423555
26.005710 16.868460 -4.435726
26.022250 16.791758 -3.433807
26.039280 6.479952 1.630095
26.056300 6.292479 7.341619
26.072200 3.356874 1.633758
26.088200 6.342192 -8.067108
26.106990 4.812581 -8.740923
26.120570 -2.297586 -0.309456
26.138120 -4.276171 5.931937
26.153750 -4.209711 -2.236791
26.169980 0.748081 -8.095722
26.186130 2.876679 -7.531326
26.202910 0.594178 -3.252722
26.235750 7.253091 -2.398690
26.252140 -13.326229 9.164637
26.268740 -51.273045 10.177599
26.284970 -65.523825 9.175459
26.301450 -46.229864 -7.837565
26.317630 -10.536425 -19.355879
26.334110 4.569346 -20.179088
26.350710 -21.495971 -1.394690
26.367070 -35.620515 18.513409
26.383240 -35.988946 8.231463
26.399990 -13.864097 2.326861
26.416810 7.168711 -6.146384
26.433350 2.047961 6.146502
26.449460 3.149516 0.273589
26.481960 -1.519148 1.974639
26.498440 0.930452 4.054773
26.531710 -1.394543 -1.911174
26.547880 6.210784 -2.670506
26.564450 32.221324 -3.362309
26.580470 44.999012 3.027241
26.597020 35.707899 -1.961879
26.615540 8.189013 -0.330225
26.632200 -8.406464 2.979323
26.646210 1.720307 3.507219
26.662960 3.233896 0.408906
26.679200 2.402645 -4.100020
26.695470 -4.554678 -2.413103
26.712430 -6.011327 5.304570
26.728670 -1.215651 9.663676
26.744870 1.101329 4.886924
26.761350 2.042555 -5.236711
26.777800 -3.738853 -14.846799
26.794250 1.522966 -9.894257
26.810490 2.852219 0.138224
26.827000 7.262504 -4.136076
26.843600 5.795236 0.572814
26.876280 2.935730 2.351576
26.892760 8.121608 5.841017
26.925720 10.777047 3.842358
26.942080 7.124366 -0.078894
26.958710 -3.586689 12.616113
26.975370 -6.149313 14.140752
26.991300 -1.620427 8.320421
27.007930 3.586614 -3.910288
27.024020 -2.173132 -11.021336
27.040830 -0.847432 -7.868470
27.073180 -11.674096 -2.272682
27.090270 -8.564259 3.543110
27.122590 -1.003339 4.889996
27.139370 11.945565 -0.238903
27.155490 26.264375 -5.765266
27.171970 19.166434 -9.663959
27.190060 12.910731 0.356145
27.205110 -0.017315 5.816184
27.221250 -0.743545 2.311054
27.237920 1.654073 -1.586336
27.254390 2.263675 -8.176694
27.270510 3.124262 -12.719766
27.287200 -2.417049 -9.303331
27.303280 -1.906306 -3.756943
27.319610 1.687341 -0.811716
27.336460 6.477457 5.623830
27.352750 -0.872913 4.801108
27.369350 -15.845061 7.963785
27.385800 -0.783089 -0.225529
27.402280 1.870997 6.913507
27.418580 9.948799 16.066822
27.434660 -15.123362 9.656186
27.467830 -30.367534 1.952830
27.484220 -23.904618 -11.922745
27.500460 -25.019014 -12.644442
27.518920 -3.405832 -13.018579
27.533020 -26.357211 -11.755251
27.550110 -26.531733 -0.961943
27.566190 -13.335794 8.422374
27.582920 -9.146482 8.440710
27.599330 -0.643664 9.958926
27.615540 -10.548938 9.185217
27.631840 -0.661735 1.215070
27.648620 5.964525 -7.856089
27.664730 0.520610 -16.629494
27.681430 -1.467242 0.084446
27.714050 -3.086684 13.331947
27.730680 -10.270096 5.675079
27.747070 -11.539741 -4.122656
27.763340 -7.516814 -14.659957
27.780000 -3.172765 -2.400958
27.796540 5.582245 1.501819
27.812810 5.297917 -1.239430
27.829010 8.294865 4.205188
27.845730 -0.756663 3.771994
27.862090 -9.888085 3.841413
27.878630 -7.884273 -6.522066
27.895050 -2.534206 -7.560483
27.911190 4.846152 0.540585
27.927890 -6.912397 -3.340973
27.944400 -5.951066 -1.515594
27.960300 -4.041480 -7.058606
27.977420 1.428492 -4.325478
28.009610 5.814743 -1.813283
28.026580 0.668275 9.682814
28.042790 4.845698 17.730710
28.060610 0.918278 10.953431
28.075380 3.568694 5.653223
28.091920 6.265865 -1.637916
28.108220 1.468338 2.347015
28.124910 14.357355 -2.495210
28.141510 22.755207 -10.184899
28.157810 22.188000 -13.759292
28.175510 5.857727 -5.203325
28.190770 -5.810093 7.895311
28.206970 4.033503 8.441915
28.223720 2.309608 8.296652
28.240140 4.165517 -2.488051
28.256070 4.149866 -9.936456
28.272950 2.576547 -10.633279
28.289150 -1.008594 -0.095599
28.305360 -2.310023 17.442347
28.322200 -3.445905 5.764132
28.338320 -7.648109 2.892207
28.354950 -12.470356 5.186218
28.371520 -5.765862 8.876120
28.389010 3.906290 1.679714
28.404080 3.245577 -16.113296
28.420530 1.605985 -5.368531
28.436830 -4.712626 3.968744
28.453310 10.028906 -3.134512
28.469940 26.016408 -6.451442
28.502470 18.317357 -7.483055
28.519440 1.209678 4.370962
28.551540 -12.557682 5.799527
28.568450 5.362676 -0.213999
28.585020 8.459919 2.132355
28.601170 -1.393674 -3.284077
28.617520 -3.727436 -0.080642
28.634310 -2.966049 -5.718082
28.650630 3.337859 -9.287619
28.667240 7.009857 -5.548977
28.683470 -2.971531 -2.207469
28.699830 -12.833384 2.438078
28.717500 -10.478131 0.780362
28.732760 -6.604139 6.544252
28.749020 1.531964 13.038403
28.765470 -6.709274 8.451129
28.781830 -7.135368 3.505683
28.798190 -0.830345 1.160087
28.814540 -2.048717 -0.911096
28.832430 -2.746782 -9.325069
28.847660 -9.173927 -17.150889
28.864070 3.353170 -12.105881
28.880650 22.799509 -1.918829
28.897250 26.953993 2.722842
28.913850 23.215736 7.360120
28.929840 1.842076 8.531156
28.946380 -8.093293 8.053428
28.962920 -3.738400 -4.317255
28.979190 -0.821574 -7.645165
28.995670 6.459197 -0.770178
29.012150 -7.594842 3.113625
29.028290 0.509609 -4.502049
29.044770 3.198170 -9.944867
29.061400 2.261029 0.704162
29.093960 1.321013 8.222721
29.110810 0.423262 12.411689
29.127040 11.800360 4.250247
29.143590 0.215412 3.692108
29.159610 12.070771 1.783134
29.176510 18.576605 -12.817110
29.192870 20.364681 -11.041679
29.209110 12.139233 -5.640582
29.241910 -1.015928 4.412334
29.258390 0.784260 9.621784
29.274990 -1.688211 2.913874
29.291380 -1.752139 1.574711
29.307740 -6.301477 5.331506
29.325200 13.750347 4.179552
29.340520 29.409799 -1.812645
29.357270 31.570376 -2.984616
29.374150 17.368703 2.504709
29.390110 1.522172 16.554385
29.406370 -3.149894 11.060818
29.422670 -14.986931 -1.392870
29.438930 -15.619679 -8.490044
29.455780 -5.765333 -7.944930
29.472260 9.621188 -9.412042
29.489690 8.064939 -12.840454
29.505040 13.640376 -4.532789
29.521000 18.299401 3.691044
29.537570 13.611117 13.700767
29.554350 1.677625 6.634463
29.586520 -9.492125 0.389862
29.603450 -4.192207 2.764876
29.619870 13.502885 -2.152463
29.636380 -52.737567 -2.883158
29.653020 -109.193727 -6.116636
29.685580 -107.398045 -6.734811
29.702120 -43.874817 -2.102891
29.718440 15.357855 -2.606923
29.734860 -7.274639 -3.796354
29.751010 -8.428806 -3.814949
29.767760 -4.228348 -1.670688
29.784000 2.436896 7.099742
29.800290 6.254637 6.422026
29.816530 4.147673 9.849695
29.833250 0.981753 12.232760
29.849760 -6.908617 3.872365
29.866120 -10.234295 -5.837686
29.882390 -4.019591 -13.414548
29.898960 -6.464414 -10.659245
29.915530 -1.311675 -5.445062
29.931610 2.155364 -2.171460
29.948580 3.931733 -1.016193
29.964840 4.972873 3.982566
29.981600 4.442890 7.150919
29.997830 -1.291185 6.737953
30.014500 -1.654338 5.584088
30.030520 2.388695 3.162960
30.046840 5.523724 9.471654
30.063630 5.939271 7.558923
30.079800 1.416886 0.214566
30.098420 -4.815076 -14.627186
30.112920 -9.331231 -20.309386
30.128850 -10.547350 -14.479422
30.145360 -0.337257 -8.835221
30.162140 10.647228 8.337646
30.178340 6.041117 18.334746
30.194820 13.833363 8.439339
30.211300 15.397662 -1.781952
30.227480 14.874580 -6.642497
30.244140 -1.432764 -0.839196
30.260470 -6.684587 1.989619
30.277100 5.563759 -8.159304
30.293330 6.439803 -0.859657
30.309940 2.798272 5.841325
30.326260 -6.141450 10.478826
30.342830 1.921844 3.991757
30.359340 1.045567 -7.041712
30.375370 -4.915561 -13.470710
30.392090 -7.627657 -3.200859
30.408480 0.584727 10.406171
30.424900 6.228930 9.491336
30.441310 15.865550 4.826767
30.457980 18.382150 -7.088046
30.475100 13.059828 -11.627687
30.490570 2.059605 -2.231640
30.507170 -13.547834 -1.950089
30.523320 -12.564903 -9.388438
30.539860 -1.516728 -6.953179
30.556520 -8.794524 21.156262
30.572360 25.777247 16.333947
30.589290 45.824722 -27.852494
30.869050 47.536531 -58.870783
30.885930 5.084586 -15.995564
30.901150 -52.933934 39.025001
30.917880 -40.271761 34.853713
30.934330 -22.405924 22.444439
30.950320 4.428373 2.222520
30.966860 3.307993 4.048181
30.983400 -1.428530 -2.915764
30.999730 -5.091844 -8.012339
31.016390 6.395156 5.265466
31.032530 10.699700 6.298877
31.065610 7.516965 8.567992
31.082240 3.874345 7.198624
31.098420 -2.666447 -0.617092
31.115810 1.931976 2.345007
31.134060 3.683280 -4.976663
31.164400 8.076583 -14.012362
31.180540 4.959641 -13.576134
31.197360 -11.010865 -3.384188
31.213590 -17.900887 8.853225
31.230290 -8.703076 1.483507
31.246670 4.830538 -0.935385
31.262880 8.080212 4.997219
31.279390 4.715764 7.632028
31.295810 0.736740 4.285688
31.312190 -3.143164 -5.418622
31.330780 2.543430 2.027849
31.345180 21.451365 1.612351
31.361570 32.616267 -3.303948
31.377810 20.012141 -1.416144
31.394470 -0.159725 -3.634621
31.410770 -5.029580 -1.400077
31.427310 -2.931949 -6.126489
31.443450 -0.379863 -0.658985
31.460360 1.362485 8.415688
31.476620 -1.588179 -0.610335
31.492920 -5.069880 -4.985949
31.509310 -10.183146 -3.283888
31.525880 -1.112028 -4.045274
31.558560 5.581716 1.816284
31.575320 4.140906 -2.282960
31.607700 12.087707 0.308038
31.624480 13.758134 0.095481
31.656680 12.250301 -0.956627
31.673860 7.117562 4.708817
31.706050 3.128950 2.101308
31.723080 7.113857 0.712904
31.739560 4.689225 -0.733153
31.755580 1.414580 2.958295
31.772370 -2.056089 1.790647
31.805080 -5.421538 -0.018383
31.821590 0.726986 -2.113287
31.838070 -3.343870 4.057230
31.854220 -6.273010 3.981290
31.870940 -3.442502 -0.838770
31.903500 5.251153 -4.057325
31.920200 0.562384 -5.657713
31.936310 -9.406688 -1.301170
31.952790 2.222997 -0.622763
31.969270 16.824609 1.904251
32.002170 18.521792 0.893847
32.018770 5.911334 0.142122
32.034820 -1.773838 6.568589
32.051390 -2.992361 12.683167
32.067840 0.721353 1.170909
32.084200 1.602583 -10.039803
32.100710 6.706816 -6.563296
32.117220 7.275433 2.488098
32.149780 6.893986 6.306627
32.169160 5.685678 -7.383464
32.186950 1.870127 -11.511960
32.202790 5.034154 -4.150679
32.219730 0.406553 -5.447968
32.238280 0.168950 1.778195
32.250060 3.184372 6.535746
32.267240 -0.502161 12.882203
32.281590 -3.281605 8.256555
32.298100 -5.874777 -5.445487
32.317020 1.556877 -8.079206
32.335480 3.352262 -10.183009
32.348910 2.461885 0.222174
32.366610 10.188817 9.423147
32.399080 11.322369 13.889619
32.412900 5.248393 9.329652
32.429780 -0.410295 -1.621282
32.445590 0.483221 -2.878739
32.462310 0.627900 -6.155338
32.478730 5.013059 -4.853231
32.495150 9.910352 -3.719114
32.512940 2.083384 2.544663
32.528140 -3.893361 5.247934
32.544650 -4.319911 1.319789
32.561160 13.412724 7.693649
32.577180 -25.826463 -2.183841
32.593440 -55.956875 -11.037190
32.609680 -83.790774 -4.687505
32.626220 -76.271624 12.078757
32.642760 -40.936199 22.200881
32.659240 -17.173150 6.261475
32.675200 11.806258 -11.488899
32.691380 -7.856675 -11.418679
32.708590 -6.575143 -13.655262
32.724880 2.142322 -4.795153
32.741090 17.305195 7.230687
32.757900 0.408481 9.069087
32.774050 -9.886649 4.277206
32.790190 -2.080511 -6.519301
32.807190 -9.062670 -4.304095
32.823330 -10.517863 -6.024724
32.839600 -12.375847 -8.332731
32.855870 0.563859 -0.713873
32.872530 10.361354 7.556584
32.888700 5.129989 14.055482
32.905490 -1.794896 -0.398037
32.922060 -6.608487 -11.420805
32.937930 -4.957638 -8.585027
32.954770 2.809349 -2.140578
32.971310 6.525695 9.710553
32.987760 1.284304 11.145971
33.004030 -0.697687 6.472258
33.020780 -4.539972 -3.448551
33.036990 -10.311302 -12.977161
33.053590 4.953025 -7.964564
33.069850 24.914043 -5.320543
33.086400 29.975679 -8.671812
33.102540 15.296727 1.641460
33.119260 -7.316451 12.611009
33.135380 -6.794107 23.028371
33.151920 -2.010307 2.371778
33.168460 -2.170184 -19.564310
33.184630 -5.699553 -24.767084
33.201970 -7.528420 -14.740454
33.217530 -0.854955 5.514858
33.233980 6.840342 9.159746
33.250520 5.346874 12.950273
33.266850 1.228769 2.985467
33.283450 -1.032638 -3.902207
33.299870 -0.145435 -1.489745
33.318180 -3.698327 -0.548311
33.332520 -5.654641 0.587605
33.349400 -7.144970 2.272658
33.365480 1.147338 9.326628
33.381960 8.483017 15.443356
33.398560 4.131984 7.551528
33.414890 10.647947 -3.298750
33.431300 11.733221 -8.309552
33.447850 20.555202 -7.857956
33.463750 16.911895 -7.295403
33.480350 6.033632 -5.851414
33.496890 3.276653 -4.167809
33.513610 -4.369360 1.072262
33.529820 -0.733262 8.966354
33.545870 -1.567840 13.048775
33.562560 -3.030317 8.622713
33.578980 0.076593 -0.393973
33.595830 1.086094 -6.459948
33.628270 0.670695 -9.607395
33.644900 -2.560064 -2.379362
33.661350 2.614352 0.164427
33.677760 10.531019 1.442891
33.694700 6.165645 9.652216
33.710170 9.458290 6.996087
33.726410 11.488554 1.763971
33.743190 16.881691 -4.997975
33.759920 6.749913 -9.418090
33.776060 -7.133893 -6.067467
33.792850 -3.999630 -8.191319
33.809170 2.101228 3.985070
33.825650 10.028679 18.403712
33.841890 2.584599 7.618749
33.858520 -4.252505 -5.435162
33.874480 -4.817080 -8.171519
33.891270 10.100771 3.997168
33.924190 19.950523 11.111569
33.940460 15.391802 3.059280
33.956850 8.395992 -6.927023
33.972960 1.724012 -16.204779
33.989780 4.938697 -1.967196
34.006200 0.879150 19.729387
34.022640 -5.716225 23.677884
34.039180 -5.942636 3.097723
34.072050 -7.963510 -19.057171
34.090640 7.898222 -14.104839
34.106480 29.607220 -0.007277
34.123350 35.819622 7.948119
34.139830 19.773081 11.804632
34.153930 -5.232137 3.387189
34.170170 -9.114121 -2.887245
34.188780 -5.120802 -0.524423
34.205050 7.164288 1.902361
34.221890 1.952277 5.128188
34.238560 -2.859780 3.645466
34.268770 -5.895494 5.473841
34.287840 1.212702 10.392136
34.304570 -5.326308 -0.593086
34.320370 -6.937991 -14.274245
34.334720 -57.455938 -4.898147
34.353360 -90.968604 3.428727
34.369660 -78.012413 9.236961
34.386230 -32.074217 -2.011734
34.400600 18.311573 2.080350
34.416960 1.825291 3.323205
34.433440 5.271907 -4.154979
34.466280 10.173544 -10.405769
34.482510 6.977345 1.133860
34.499150 -8.861400 17.089837
34.515170 -6.077334 -6.330870
34.531770 -4.083632 -11.955209
34.564790 6.041911 -5.642732
34.581020 1.801625 11.389641
34.614110 -1.279881 8.981334
34.630280 -4.747066 -1.576980
34.647090 -8.630719 4.364251
34.663330 -0.865654 6.676332
34.680020 5.079293 -0.449097
34.696320 8.148109 -8.929873
34.712680 1.705601 -10.942822
34.729130 1.700422 -7.913788
34.745180 1.641030 -6.153141
34.761140 6.918294 -5.879767
34.777740 3.134394 4.214025
34.794430 -5.558844 15.846029
34.810580 -6.206474 20.636844
34.827640 -9.532878 9.907985
34.843380 -0.537282 5.550537
34.860320 11.368036 8.140614
34.876620 -5.324494 5.164741
34.893310 -2.137709 4.032421
34.909670 -10.758901 -4.828540
34.925960 3.163692 -2.990618
34.958710 13.702828 -1.945978
34.975070 -0.169365 -7.160181
34.991460 -3.850188 -5.067748
35.008210 -22.013472 -7.498129
35.024750 -6.524107 2.560541
35.041170 -1.326003 11.420782
35.057560 -5.251228 11.219098
35.073790 -10.839953 9.435953
35.090450 -5.098006 -4.707896
35.106840 4.634824 -11.137961
35.123080 12.922487 -4.896422
35.139430 6.463280 -1.715510
35.156070 -7.986571 -6.351757
35.172490 -8.481770 -4.771738
35.188960 -6.983583 2.383450
35.205260 2.017490 9.035985
35.221500 -1.077323 6.044784
35.238400 2.326128 -2.917016
35.254580 6.980180 -1.685267
35.270870 6.119788 -4.867644
35.287540 14.967008 -2.479946
35.303310 21.607031 3.191526
35.319950 17.957213 -6.902662
35.336910 -1.659744 -9.459675
35.352810 -13.134150 -9.373151
35.369540 -10.655923 -0.002221
35.385590 -3.754920 7.386039
35.402680 4.720073 -0.405055
35.419590 -1.157658 7.097426
35.436130 -4.347244 9.148169
35.452150 -7.244547 13.633312
35.468810 4.019818 -1.237634
35.484860 23.288352 -14.270559
35.500980 28.645055 -7.424198
35.517910 19.783061 5.344431
35.534420 2.511069 16.283362
35.550690 -1.184840 5.243280
35.567050 -5.131652 3.050444
35.583800 -7.134611 -3.226495
35.599980 -0.619356 4.528725
35.616790 2.707465 4.589851
35.649200 1.506029 0.856326
35.665950 -2.578929 -1.911835
35.682220 -3.125169 -9.963037
35.698240 -3.029183 -8.560124
35.715300 -3.396683 -4.992352
35.731410 -0.696327 -1.173579
35.748630 4.293712 1.468149
35.764250 -0.287052 -1.573057
35.780490 -5.534385 -0.443687
35.797030 -7.723339 6.834142
35.813750 6.501311 4.940229
35.829800 2.691587 -2.603568
35.846440 -8.905820 -11.579818
35.862920 -16.412520 -4.760019
35.879180 -14.906826 3.743900
35.895390 -2.850820 5.027203
35.912960 1.534383 0.726679
35.929720 7.643799 -2.894050
35.946380 7.696158 -0.112989
35.961090 -1.501304 -4.620212
35.977570 -6.603081 -2.772650
35.993990 -1.138680 2.317173
36.010590 2.890289 1.859003
36.028410 6.404910 -2.424539
36.043760 6.305711 -11.013445
36.060150 -3.766791 -3.637078
36.076350 -11.007689 2.526824
36.092860 -8.322916 5.157038
36.109560 0.596938 2.486184
36.125790 9.079152 -2.138569
36.142910 5.689837 -0.217472
36.160220 5.541870 1.195766
36.176360 -6.754563 3.604732
36.192260 4.782262 7.765572
36.208040 16.271440 8.281364
36.240840 17.475193 6.747262
36.257480 12.923622 0.734547
36.274660 -2.273882 -2.531243
36.289860 0.966215 3.033691
36.306300 -0.144112 -6.955683
36.322390 -2.858608 -16.356936
36.338990 -1.980782 -22.363166
36.355380 -4.284564 -9.337875
36.372220 -2.947147 6.209139
36.388000 -3.714205 7.208547
36.404420 10.966369 9.948270
36.420960 24.279146 3.962340
36.437100 24.136752 1.701239
36.455930 11.555845 -2.900430
36.472410 -6.077901 1.034481
36.488310 -4.101589 8.792242
36.505680 -2.283031 8.321130
36.521760 2.402191 4.179623
36.538020 3.123355 -2.364524
36.554380 3.249736 -4.972717
36.587490 4.203133 -7.041027
36.603490 2.107844 -4.630372
36.620610 1.489055 1.172019
36.637120 2.042555 4.124617
36.653320 0.953475 0.438158
36.667660 -12.313773 -4.341616
36.686280 -21.889256 -4.027672
36.706420 -16.116977 4.663003
36.718780 2.285072 10.877327
36.734410 6.490499 3.644261
36.750120 -2.859137 -2.566259
36.782710 -9.876782 -5.549308
36.799320 -4.803357 1.787670
36.815580 7.122930 1.938582
36.831270 8.754338 -3.543559
36.847990 2.833506 -3.635093
36.864620 -8.740200 -0.292444
36.880950 -15.220403 5.608000
36.897460 -0.483788 1.862311
36.913880 15.637106 -3.572976
36.930360 13.419377 -10.297390
36.949250 16.924824 -1.012649
36.965240 15.944672 1.488138
36.981600 17.775874 -0.993203
36.997960 8.165007 -4.131375
37.013760 -2.155062 2.908652
37.030760 5.323170 15.245126
37.047330 1.890504 12.710716
37.063140 -7.750407 5.503895
37.079770 -12.861094 -2.872690
37.096250 -5.550527 -6.180975
37.113250 6.683491 -12.363868
37.129460 -1.414126 -12.961969
37.144930 -23.683295 -8.140472
37.178990 -32.867882 -0.015287
37.194790 -11.380624 5.605353
37.211210 10.760035 9.216618
37.228090 14.440447 12.977374
37.244290 -0.965837 4.332212
37.261660 -4.890912 -2.531030
37.278470 3.872682 -7.195174
37.294400 6.063195 2.182116
37.310850 1.940936 3.902207
37.327510 -7.414326 -5.066827
37.343960 -5.788545 -6.396059
37.360260 -1.108701 -3.758597
37.376430 3.149667 8.377931
37.393190 -0.291399 5.320165
37.409090 0.690240 1.525754
37.426060 2.378563 -2.015184
37.442110 0.745662 -3.583561
37.459290 -3.790948 -3.144081
37.474950 -9.648218 -4.401560
37.491790 -2.103950 4.182813
37.507290 3.619353 2.241776
37.524990 3.259376 -6.498674
37.541320 -5.156906 -4.484187
37.558010 -8.733735 1.479561
37.574220 -7.209578 7.464956
37.592800 2.399356 0.742297
37.606930 11.239011 -3.690288
37.623020 6.530799 -0.156276
37.639770 6.278680 7.591081
37.656490 2.563164 7.232955
37.673250 2.127842 -0.232145
37.690520 1.962938 -4.228202
37.704130 -1.888727 -2.853197
37.720760 -2.910249 6.386867
37.737700 -2.431906 2.792284
37.754330 -2.810558 0.317017
37.770230 -7.038928 -5.826085
37.785030 -2.201221 -0.764271
37.819820 -0.374646 6.163561
37.836430 1.737735 7.829508
37.866850 -7.070798 8.053168
37.885280 8.861060 -1.239359
37.904820 40.762238 -0.724269
37.918030 47.461521 -4.531608
37.935150 17.812656 -5.003906
37.951230 -13.772159 -1.370424
37.967900 -10.399990 -0.360587
37.984470 1.698494 0.712998
38.000920 5.059521 -2.516593
38.016820 -7.099189 -3.375281
38.034300 -1.060613 -10.193760
38.049770 6.682621 -10.313646
38.067110 3.283496 -2.524320
38.083470 0.841535 9.101221
38.115840 3.489720 18.589014
38.131870 -1.818070 5.817886
38.148770 -2.779332 -8.565889
38.164730 -6.499497 -17.034197
38.181730 7.701677 -3.052098
38.197300 19.993088 18.118941
38.214200 15.133985 25.055595
38.231320 9.645118 -0.885388
38.244930 2.980188 -20.275695
38.261080 -4.582918 -15.882320
38.279050 -1.525953 -5.436792
38.313020 -3.038559 8.484728
38.326900 -4.752510 8.866834
38.361540 -3.364587 15.742142
38.375820 -2.690642 4.300361
38.392400 6.522444 -17.765819
38.408940 9.635705 -8.851098
38.425510 17.028290 7.772353
38.457920 16.392145 4.656765
38.474790 15.576130 -2.923349
38.507320 9.719479 -2.015657
38.524080 -1.052410 5.090337
38.540310 -4.938168 6.462146
38.556640 -8.542635 -4.863462
38.573390 3.460837 0.560834
38.605990 8.243565 -2.240855
38.622560 -2.041874 -3.264631
38.655030 -1.007384 2.360034
38.671880 0.468175 1.865572
38.704620 4.385351 3.593248
38.721370 -0.146569 -1.176013
38.753910 -0.257564 1.189906
38.770390 6.401658 -3.438982
38.803280 6.376859 -8.167644
38.819640 1.630899 -0.195096
38.835970 -7.853197 6.210297
38.852480 8.780801 6.553018
38.869020 -48.026231 1.429187
38.885470 -99.550221 -4.079724
38.901460 -101.394193 1.896099
38.917790 -46.391451 -2.066480
38.935270 24.840218 -3.179665
38.951260 5.207450 1.773612
38.968750 -5.095700 3.556649
39.001650 3.759570 5.628603
39.017820 -8.027173 -1.264358
39.050450 -8.849416 -2.358829
39.067470 -16.344551 -4.983751
39.099980 -11.375559 -8.782366
39.116940 -1.425997 -7.287677
39.133580 -10.023311 -4.441207
39.148220 3.224747 1.584966
39.164760 1.688513 3.390733
39.181340 4.368793 6.507865
39.197600 4.472339 9.345506
39.214110 5.406114 8.515515
39.230410 4.674368 -10.227689
39.246860 2.627810 -5.512968
39.263520 0.042871 9.315854
39.296330 -2.756762 19.077726
39.312620 -5.738794 8.341922
39.328980 -12.414482 -13.486327
39.345610 -19.415323 -8.476151
39.362210 -10.226545 -6.899591
39.378630 23.796735 -2.080705
39.394870 47.757858 -6.019927
39.411410 44.292481 -3.759329
39.443940 10.539071 -3.206294
39.460630 -9.428614 -0.222528
39.493230 -8.254982 4.242993
39.510070 2.020326 8.417011
39.526490 12.197602 10.058114
39.544040 2.601687 -3.936704
39.559050 10.545838 -1.805391
39.591710 -19.767713 -3.167024
39.608670 -26.325535 2.826640
39.642360 -9.793084 2.881267
39.659420 -9.442299 0.919318
39.676240 -8.155103 6.187590
39.690310 -23.215131 0.002221
39.706820 -1.991027 -2.509552
39.739690 11.318475 -3.242468
39.756290 -0.267620 -1.953113
39.789490 -5.619142 -2.587666
39.805940 2.659680 1.684652
39.821810 11.274282 4.005650
39.838470 17.287125 3.043662
39.854680 -0.723773 -0.213881
39.872830 -19.411883 -5.669904
39.889860 -17.912606 -3.961112
39.903590 -9.112080 1.014397
39.920470 0.430181 1.451539
39.936400 -9.151963 2.177508
39.952910 7.336071 -0.590582
39.969450 42.130476 6.078690
39.986150 54.181000 12.953014
40.002720 36.677010 4.129862
40.019230 -3.102297 -6.929314
40.035430 -19.219999 -13.137259
40.051910 -4.016226 -5.676473
40.068730 0.603365 -0.483334
40.085050 -4.168579 -4.120529
40.104160 -0.302514 3.530351
40.117980 6.229383 12.517398
40.134120 13.127194 14.195590
40.150850 -1.190662 10.129729
40.168000 0.874274 -4.110015
40.184330 12.546379 -12.075307
40.201630 18.223153 -11.659844
40.219570 17.089908 -5.590255
40.232670 8.789912 3.345958
40.249110 7.753999 -2.157283
40.281860 0.639203 -5.443384
40.298610 0.230080 -1.245928
40.314700 -0.135530 6.305115
40.331120 0.450104 11.842956
40.347530 0.237490 9.390706
40.364260 -2.024144 2.204657
40.380430 -11.072787 -7.248597
40.397160 13.011061 -4.103635
40.413510 33.706670 -0.176123
40.429600 33.990559 4.691758
40.446590 11.854306 -0.400164
40.462770 -10.022819 -4.134068
40.479190 -1.360897 0.992541
40.495760 1.987057 4.321367
40.512050 5.124280 5.186407
40.528780 7.505170 -6.415693
40.544620 -5.837842 1.828901
40.560970 -7.390623 2.045593
40.577420 3.058709 -2.058211
40.594390 2.091172 -6.254079
40.610690 -0.813068 -4.084922
40.626830 -13.016656 12.728082
40.645360 2.933991 1.247983
40.659760 12.940331 0.127473
40.676060 8.081271 3.910997
40.692900 2.810142 7.503067
40.709320 -6.072759 -0.710210
40.725490 -7.068416 -18.494272
40.742130 1.625493 -9.617956
40.759000 11.338284 -0.631316
40.774600 20.075988 2.911936
40.791170 2.026979 -1.473111
40.807560 -61.290624 -5.611095
40.824430 -87.467747 3.653405
40.842710 -75.946030 -1.261924
40.857390 -25.019430 0.360610
40.873320 6.035295 5.398349
40.890080 1.600390 6.657170
40.906430 5.291188 11.724724
40.922550 -1.761590 5.685097
40.939180 -2.902310 5.428381
40.955840 -7.341553 0.509443
40.973600 -9.332932 -2.174508
40.988160 -1.091084 0.675406
41.005000 4.182756 1.901581
41.021270 5.766807 3.787257
41.037870 -5.939914 0.462849
41.054410 -19.057072 -2.194190
41.070590 -18.314030 -3.821589
41.086790 -14.213552 -6.688878
41.103640 -1.584739 -7.026944
41.119630 1.428227 -6.427531
41.136840 1.223779 -5.160346
41.152530 2.641420 -0.891083
41.169160 3.685511 0.068568
41.187290 1.811038 7.204436
41.202240 -0.949883 12.802532
41.218440 -4.279422 9.393636
41.235050 2.974026 2.563566
41.252230 12.446275 -3.471234
41.268340 12.450660 -5.174286
41.286160 7.789762 1.612043
41.301510 1.291487 -0.288640
41.317350 2.965331 -5.936119
41.333340 3.428552 1.517224
41.350220 0.486661 -0.656008
41.366910 -0.788495 -0.208659
41.384000 3.557277 -0.374008
41.400050 3.241532 3.638401
41.416600 0.412375 8.515444
41.433930 -2.422455 2.010080
41.449650 -2.268249 0.773888
41.465450 2.208556 1.878118
41.482300 -0.346519 3.729156
41.498500 -8.370776 -0.069986
41.517210 -14.228862 -2.266350
41.532500 -2.021913 2.346377
41.546910 5.227033 4.383839
41.562840 6.291080 7.994879
41.579710 -9.566448 -2.544498
41.596250 -16.907775 -8.987099
41.612730 -10.474388 -9.522902
41.630430 0.738857 4.767083
41.645810 14.566634 12.302744
41.662170 12.982293 6.681057
41.678530 3.963224 -3.499824
41.695070 -6.096803 -13.342249
41.711240 -2.557645 -5.792604
41.727940 -4.438353 -5.495271
41.743990 -2.834338 0.248496
41.760350 -6.183111 3.353189
41.777130 10.478925 3.192967
41.793790 23.890367 4.834187
41.809940 21.000128 7.567996
41.826140 9.605046 3.758124
41.844420 -5.752857 -4.589071
41.859010 -2.300875 -11.626458
41.875310 -3.666911 -1.963888
41.891510 -2.540141 9.063889
41.907780 -0.052095 7.688238
41.924410 -1.893717 1.261451
41.940800 -14.452317 -9.633692
41.957060 -26.030053 -10.969923
41.974000 -7.735323 0.261231
41.990480 4.556719 2.782857
42.006200 2.455534 0.674296
42.022670 -1.316401 1.276219
42.039700 -2.872483 0.045933
42.056000 3.582266 1.579224
42.072270 -1.714901 -2.584288
42.088990 -0.719879 -0.230704
42.105160 5.098951 2.810100
42.121890 -0.673644 -0.691308
42.138000 -5.573285 -2.699238
42.154240 -5.625683 0.431542
42.170990 3.360579 6.288103
42.187350 7.574390 9.117098
42.203860 7.682435 10.334485
42.220340 -0.823464 -1.288246
42.253080 -9.641603 -10.378621
42.269650 -0.129519 -11.478645
42.287450 4.652705 -2.439188
42.302280 4.925050 9.215767
42.318660 7.606448 5.376612
42.335080 11.250882 -2.703987
42.351320 15.850769 -10.417276
42.368260 5.480211 -3.666495
42.384770 -8.157976 5.262867
42.401030 -9.325069 7.175823
42.417300 0.792578 5.046294
42.433930 8.935080 3.266592
42.450200 7.304505 -3.642867
42.466670 -1.307101 -8.569055
42.499360 -4.508292 -10.781990
42.516910 -8.780990 -10.723394
42.533110 -19.103304 -2.672042
42.549260 -17.006591 0.704540
42.566560 -7.577452 1.402794
42.598630 2.508952 -1.247582
42.615140 4.216780 1.552312
42.631320 4.868419 4.418784
42.647400 6.218836 4.235574
42.664280 5.005007 -3.602700
42.680390 -5.645265 9.444860
42.697020 -2.659075 22.506338
42.713470 -0.532707 17.323505
42.746310 5.859844 1.331130
42.762790 6.406913 -12.183308
42.795500 -1.944225 -4.186050
42.811950 -4.143968 -5.234041
42.828550 -4.822637 -2.267649
42.844510 -3.479362 -3.293197
42.861210 -3.707362 7.366570
42.894960 -12.385676 24.066972
42.911410 18.371225 -5.708560
42.928250 68.279184 -37.418059
43.107240 44.561135 -30.231545
43.140590 -3.096778 7.530546
43.157380 -41.204564 33.019826
43.189790 -6.088599 4.116513
43.206180 32.676025 -15.655360
43.238920 12.745037 -2.022651
43.255620 2.681455 6.878255
43.288300 -5.879313 16.020703
43.304990 -1.813118 13.681440
43.337710 0.285237 7.786482
43.353850 -0.113717 -0.834139
43.370670 0.524277 -11.093376
43.387450 -2.429449 -10.226720
43.403630 -1.248163 -5.256393
43.419560 -2.701265 -2.950757
43.436190 0.378086 -6.571495
43.452480 -0.832575 0.436126
43.485440 2.929719 -3.625430
43.501980 6.016015 -3.270987
43.534790 1.550526 -0.071380
43.551270 -4.278628 0.288923
43.567810 -6.406157 2.545679
43.584050 -4.040459 -4.062665
43.600650 -0.780026 2.052304
43.617000 3.619882 7.439816
43.633180 1.337042 5.884516
43.649990 3.228187 -3.583372
43.666260 0.911511 -14.184864
43.682220 -2.743001 -18.792886
43.699460 -1.432235 4.857649
43.715330 8.410168 19.630015
43.732120 15.661716 14.788771
43.748320 12.877841 0.921539
43.765110 9.846955 -9.363912
43.781040 10.830048 -5.049224
43.800170 2.514169 3.161495
43.814450 -9.799964 5.884327
43.830540 -14.310063 0.707068
43.849180 2.017868 -2.700537
43.866520 8.127203 -9.491005
43.883270 -0.114851 -5.182840
43.900210 -8.246173 -13.689214
43.913760 -5.257428 -6.022904
43.933320 5.155772 9.433425
43.947880 10.936542 16.433676
43.963900 19.192782 12.758254
43.980770 18.054970 3.105237
43.997070 10.070490 -0.981200
44.013520 1.063751 0.454815
44.029630 4.154251 3.265954
44.045500 1.741969 -1.925681
44.062350 -0.345422 -9.395384
44.078430 -1.029916 -12.460173
44.095120 2.738389 -8.077079
44.111020 -1.897460 7.322859
44.128360 -10.035408 18.156815
44.146210 -12.152502 16.365205
44.162050 8.448464 4.854956
44.177800 24.841504 -9.384965
44.193820 25.556344 -7.637084
44.208560 13.075932 -0.670728
44.224520 -4.728428 4.437616
44.241420 7.901511 -4.292399
44.257420 7.290025 -10.911681
44.274050 3.594553 -9.517822
44.290340 -7.662815 9.055407
44.307130 -7.837168 12.942689
44.323330 6.926914 11.335723
44.339810 5.652637 3.781776
44.372620 1.771948 -5.108861
44.388850 -7.938786 -3.675970
44.405520 1.585798 -10.138991
44.421720 14.973208 -2.505063
44.438420 -2.542976 -1.311094
44.454650 -9.970763 3.944690
44.471220 -4.925163 7.413944
44.489810 -1.861281 0.032110
44.506350 -4.074445 -5.743552
44.522430 -18.145583 -8.690383
44.539060 1.110213 -4.312341
44.556180 10.806005 4.489810
44.571500 -0.640262 7.087691
44.588260 9.737890 11.045035
44.602840 -10.618838 4.421573
44.619170 -12.386092 -7.212777
44.637330 -60.120631 -10.988045
44.653960 -78.925802 0.464763
44.670410 -52.240770 14.445163
44.684910 -23.042041 10.534469
44.701660 14.438633 3.726132
44.717560 -3.359710 2.247754
44.733920 -0.006465 9.374970
44.750340 4.650324 4.050331
44.766540 11.488781 -0.345323
44.783260 -1.673202 -8.829196
44.800110 -11.540459 -2.264058
44.816220 -9.129243 12.184985
44.832760 -1.791229 7.055865
44.849240 0.372642 4.678479
44.865420 -2.653102 -13.509435
44.884120 -1.808657 -11.320105
44.916320 -2.635447 -11.048484
44.930450 1.589578 2.511041
44.947360 -2.950852 14.402422
44.964510 -3.823120 4.399977
44.981690 -3.963791 6.060047
44.997440 2.202204 3.373390
45.014130 -2.915202 7.175020
45.031130 -5.385813 -1.269154
45.062990 -8.512618 -4.471309
45.080170 26.812660 -0.270919
45.095980 42.143212 -3.977935
45.112150 23.699549 -2.900406
45.131530 8.846883 -0.357681
45.144380 3.883834 -4.189948
45.160460 15.928530 -5.172845
45.177370 1.282754 -0.963668
45.209930 -9.729913 2.826380
45.228390 -7.903364 -1.279291
45.243190 -8.071139 -3.898191
45.259520 -19.078884 2.302217
45.276610 -11.068440 -0.465070
45.292910 2.845679 3.295678
45.311070 5.195844 4.485061
45.326110 -8.282995 0.703831
45.358830 -2.593862 1.957201
45.375370 3.347461 -2.048074
45.407560 -0.808115 5.792084
45.424380 -6.430692 -0.794231
45.441100 23.781803 -5.705063
45.457490 57.083151 1.874739
45.475980 33.106381 -5.491632
45.489620 1.600882 0.486619
45.505710 -15.132775 5.986518
45.522520 14.086268 5.821052
45.538670 11.370077 -1.706674
45.555360 -12.646181 -16.494160
45.571470 -15.775919 -7.428711
45.588130 -4.462586 5.780790
45.604190 16.429796 13.174094
45.621090 8.880038 4.975103
45.637450 -2.853391 -7.583685
45.653720 -11.131799 -7.922838
45.670010 -6.272480 -5.741804
45.686610 11.065945 0.628528
45.703190 25.913630 -4.433788
45.719700 33.087218 7.216864
45.752380 13.105910 6.219701
45.768800 -9.627048 8.020869
45.801540 -11.835631 3.440754
45.818270 -3.009109 2.770121
45.850800 9.096051 -2.557092
45.867250 -1.104240 -20.758093
45.900240 -2.443285 -0.962510
45.916690 4.423798 -2.265948
45.949400 -0.868754 7.807983
45.966160 -4.693497 -1.571309
45.998750 2.551067 -5.091305
46.015080 11.869314 10.457112
46.047850 -5.500852 3.361836
46.064700 -28.463204 1.285505
46.097410 -24.283267 3.982070
46.113770 -3.971314 9.173994
46.146580 2.420602 17.309211
46.165160 -2.864884 6.298405
46.195500 0.683700 -6.550065
46.214420 2.087921 -10.107448
46.228700 13.403689 -4.587606
46.245030 -23.255805 -1.539458
46.263520 -66.810043 -6.291151
46.296080 -67.313247 -12.685837
46.310760 -31.514587 -8.955060
46.343440 22.362717 8.709143
46.360050 14.682010 9.776096
46.393040 3.294572 6.734149
46.409610 -2.901706 2.717927
46.442110 -10.395113 9.526848
46.459080 -3.844593 2.284071
46.475220 0.314687 -9.133614
46.491760 5.249754 -10.980248
46.508240 3.806902 3.147673
46.524380 2.658432 17.238000
46.540990 1.152895 12.350447
46.557280 -0.233482 2.189960
46.573820 -1.492495 -11.198188
46.590300 1.456694 -13.607015
46.606540 -10.078845 -12.191436
46.625120 -8.946384 4.141109
46.640500 0.672169 16.604143
46.657380 8.284809 18.773087
46.674190 5.797088 9.967124
46.689480 -5.856820 -10.763655
46.705750 2.959471 -16.958875
46.738100 9.158995 -17.484639
46.755130 2.931118 -6.633069
46.771760 -1.104883 -0.757868
46.787410 2.789388 -9.197078
46.804350 16.407266 -1.490903
46.836980 24.172209 12.391984
46.856870 0.328713 10.107425
46.870060 -8.360531 0.931392
46.885960 -4.418241 -5.604975
46.904970 -4.769106 -0.731192
46.919010 2.913463 8.455524
46.935610 -2.525322 8.351657
46.952330 17.498366 10.074866
46.968720 23.206135 3.694943
46.984830 7.092649 -3.687642
47.003330 2.742623 -2.603166
47.020050 4.655768 -11.789865
47.035610 17.246525 -7.341903
47.052460 10.330884 3.529075
47.085880 -4.194967 10.527853
47.103360 -7.023504 2.345787
47.118740 8.457877 -5.574968
47.134740 9.524145 -1.267973
47.150600 -3.544839 1.391854
47.185790 -13.805615 3.107505
47.200230 -10.942439 -0.384498
47.216640 18.660489 -0.214022
47.232820 31.906623 -3.129904
47.248930 27.860346 -7.960406
47.263640 21.962364 -1.529960
47.279970 14.568449 6.307573
47.296750 19.147646 -0.399549
47.314240 6.343931 -6.752886
47.329160 -2.432019 -11.646636
47.345670 -10.451026 4.884207
47.362880 -4.326829 17.580161
47.379090 9.718647 14.495985
47.395510 8.300423 8.723887
47.411830 -3.523253 -10.358680
47.428530 -16.427037 -21.249727
47.444950 -15.387984 -12.128729
47.460940 -2.410811 4.132580
47.477200 3.830303 6.722099
47.494020 12.345868 12.347258
47.510770 21.803069 7.216864
47.526860 4.696067 -0.934440
47.543180 5.476770 -11.422601
47.576140 4.363878 -12.161122
47.592620 5.288466 2.804571
47.608920 1.776976 -2.385813
47.625580 -7.668032 3.353118
47.641850 -4.256551 7.701021
47.674620 -4.381571 6.093646
47.691530 -2.516362 -0.377906
47.707700 11.646461 -5.769709
47.724090 24.004374 1.727065
47.740600 12.463514 2.002401
47.758180 -3.050392 -1.964242
47.773440 -9.855234 -3.330931
47.790010 0.299527 -5.019193
47.806490 7.728027 0.484823
47.822660 3.740101 5.341359
47.840520 16.476105 5.103828
47.871670 -44.691701 7.296159
47.888640 -94.738427 4.974891
47.921020 -105.872678 1.826160
47.939670 -54.383747 -6.268327
47.970370 14.558204 -11.046618
47.986880 6.097068 -1.564339
48.003330 2.505663 8.209465
48.019840 -8.069363 11.444385
48.036130 -4.175573 3.468186
48.052920 -2.816191 -0.287175
48.068940 -2.890667 3.449425
48.086640 -6.478969 0.480452
48.101930 -6.629922 -1.409693
48.118470 -8.490692 -13.968652
48.134610 -3.217413 -14.342669
48.168090 2.003881 -10.979138
48.184170 -0.302892 -6.519349
48.217040 -0.879604 7.022502
48.233430 -2.961664 9.794761
48.266240 -3.668121 14.080314
48.282470 -22.825101 6.352111
48.315090 13.032723 0.480334
48.331420 48.142580 -5.347077
48.364720 52.251161 -7.598453
48.381040 25.980687 2.800696
48.414830 -11.577885 3.793306
48.430330 0.419747 3.849801
48.463100 -3.165129 -3.803419
48.479980 -2.060247 -5.747546
48.497830 3.025554 2.257347
48.512700 0.202218 -3.810838
48.529080 -2.352289 -0.037947
48.562380 -2.626865 3.587956
48.581630 -5.110066 6.215873
48.599000 -1.297158 3.562627
48.614990 -4.257949 -9.045388
48.632750 16.572124 -2.040844
48.648280 32.678670 8.663920
48.662320 29.523723 15.987625
48.676760 10.420064 9.136969
48.693660 -13.892223 -2.490673
48.710450 -9.184550 -4.539074
48.727050 -5.741667 -3.485765
48.744320 3.437361 -7.232459
48.759280 3.791099 -13.473734
48.775510 11.323730 -9.005056
48.792020 6.988535 7.021227
48.808230 1.745258 22.314474
48.825740 -11.858956 5.485395
48.840910 -24.701680 -11.514346
48.857300 -20.216800 -11.936827
48.875850 -8.313163 -1.621566
48.892360 9.539645 7.283424
48.909520 3.229359 -1.657716
48.927400 -3.019543 4.177024
48.959840 -4.690359 8.133691
48.976650 1.319690 6.298334
48.990750 0.677727 1.030062
49.007780 -4.228273 -6.766165
49.023860 -5.502364 7.008349
49.040370 -4.288269 3.746570
49.056550 -2.594051 -3.583986
49.072810 -0.263726 -8.794817
49.090000 14.359888 -17.575223
49.106050 19.559500 -15.865451
49.122560 19.517691 -10.198320
49.138950 11.683547 1.132135
49.155150 6.437081 3.827945
49.172000 -0.533010 -0.867644
49.188630 -5.376815 1.242903
49.204100 1.955679 9.675844
49.221070 -6.007395 9.742757
49.235320 -4.958016 7.553560
49.251620 -11.334768 8.370110
49.270810 19.472933 5.951336
49.284330 47.830903 -4.126649
49.300690 43.845000 -10.372242
49.317290 17.547282 -7.303342
49.333650 -8.685005 -1.926721
49.350800 1.036267 -1.521147
49.367680 3.922395 0.888295
49.384120 -1.594152 8.853036
49.400390 -12.085665 16.938745
49.416750 -8.528647 11.565169
49.435760 -4.272504 -5.145200
49.449620 -5.911031 -11.279891
49.466190 2.040286 -10.497846
49.483490 5.964033 -3.214233
49.499390 9.942297 0.794161
49.516300 16.378573 -2.444930
49.547300 15.639753 -3.248115
49.564000 13.579551 -3.474731
49.580930 -2.950398 1.268989
49.596590 -0.949770 3.931270
49.613280 -15.155155 3.541621
49.629670 -64.784356 0.021147
49.646090 -84.038970 -3.414810
49.665340 -71.179414 5.606747
49.681490 -21.774718 10.901592
49.697720 2.941174 9.293998
49.712040 -1.824610 -1.707453
49.729280 4.672780 -7.147422
49.744600 2.963705 0.427478
49.761810 -1.503648 -2.030613
49.777770 -9.549890 -1.053950
49.793790 -14.076628 1.094472
49.810670 -0.123508 -3.967184
49.826750 4.680983 -8.984335
49.843080 -2.673478 -13.393850
49.859590 -8.242506 -4.385067
49.876400 -2.561009 9.481129
49.892430 12.353883 9.422769
49.908910 4.547873 17.823539
49.925480 -1.452347 5.187731
49.944210 -11.149945 -11.372440
49.958680 18.087858 -13.112049
49.974030 29.235093 -8.070653
49.990750 19.175960 7.348944
50.011200 5.726432 5.619908
50.044250 -5.803099 3.533493
50.060640 11.775032 9.666818
50.075680 -0.706420 -1.802556
50.092250 -9.509099 -13.260758
50.108430 1.607876 -0.828468
50.124480 0.978842 8.864755
50.140660 -4.903350 12.988384
50.157750 -4.935333 3.521207
50.173830 -1.726658 -2.711311
50.190060 2.584524 0.979499
50.207210 3.549300 0.906157
50.223880 19.652568 8.221445
50.239870 29.075205 13.312691
50.256870 28.015777 6.041334
50.273320 16.221465 -14.891265
50.289060 8.809911 -23.487510
50.305570 11.095205 -17.529222
50.320010 2.973308 4.879576
50.336090 1.571999 26.456464
50.354370 5.392277 9.546506
50.370700 -3.081505 -7.817954
50.387300 -8.360380 -11.691835
50.403260 -8.350400 -4.922579
50.419860 4.521334 3.942611
50.435940 20.489956 1.832138
50.452940 9.629165 6.119282
50.468750 -3.082110 2.932115
50.485110 -5.123071 -7.226859
50.502320 -2.499614 -5.590349
50.518250 7.698502 1.447687
50.535220 12.998359 9.026675
50.551540 11.584123 -5.340579
50.565640 13.572519 -11.421089
50.581880 17.362352 -6.533053
50.599120 6.862684 5.310832
50.614870 -9.145045 8.112096
50.631230 -12.200891 -1.551390
50.647740 -7.410773 -6.099931
50.664030 -2.487819 -6.957597
50.680910 -6.456210 -2.280503
50.697420 0.078521 -0.647194
50.713930 10.672973 4.986846
50.730160 11.866063 2.421420
50.746400 8.437576 1.811157
50.762790 13.871204 12.953085
50.779330 -8.508838 -1.239666
50.795900 -57.236429 -0.023108
50.828980 -83.050932 6.666597
50.847930 -74.106682 4.651236
50.881590 -28.214638 6.684909
50.897430 -13.357795 -18.341881
50.913910 -8.899771 -2.834295
50.932220 4.881650 5.948548
50.946810 4.232620 -4.739722
50.979640 3.539471 -15.296090
50.996000 -3.731028 -10.299965
51.010010 -4.279120 13.726545
51.026030 0.007863 20.536717
51.042720 -3.697344 9.896832
51.058650 -6.009663 8.761597
51.076200 -7.485852 20.115156
51.091710 3.357290 13.487769
51.107880 9.055941 -7.782891
51.124210 3.029561 -23.887655
51.141970 0.736475 -11.989091
51.158080 -3.785844 11.442661
51.173890 -0.876391 21.577513
51.190670 -1.687530 19.615390
51.207430 -0.927125 -5.139861
51.223660 0.338240 -27.842004
51.240570 -0.555163 -10.447519
51.256900 3.777981 8.637741
51.272980 10.038319 17.890142
51.290040 -3.117986 -1.114036
51.306060 -5.515255 -8.523265
51.322570 1.764539 4.078377
51.338960 11.155124 10.559017
51.359070 2.221712 3.658721
51.372070 -17.431720 -8.789501
51.387020 -9.904946 -8.465566
51.403660 2.956938 2.569709
51.419650 4.296170 14.471058
51.436550 23.431428 11.124730
51.452580 25.159593 -0.349623
51.469480 11.283090 -12.656657
51.485810 3.763540 -2.056722
51.502230 -2.048490 9.088131
51.518710 13.053666 25.102231
51.535060 7.041726 -12.830979
51.551760 6.027810 -55.141144
51.567840 9.003090 -26.082222
51.584260 13.260905 11.941151
51.617220 16.401293 33.392881
51.633700 15.553751 12.925890
51.649900 6.541875 6.843427
51.666230 -2.919134 26.865338
51.682830 1.692029 6.144800
51.699220 -5.296821 -18.745303
51.715390 -11.925718 -23.698604
51.734070 -11.147412 -10.573005
51.748630 -0.967765 11.240315
51.765200 -0.176435 17.679346
51.783260 19.235158 2.048878
51.800600 35.045868 -13.987483
51.816770 32.727353 -15.043730
51.830990 10.229229 -5.318889
51.847290 -8.219824 5.697077
51.863770 5.314627 2.577743
51.879730 4.584619 0.874708
51.896390 -5.126738 -2.790843
51.913060 -17.227548 -5.864976
51.929570 -6.395043 -2.583272
51.945770 7.945969 1.081241
51.961880 5.862264 3.227819
51.978390 17.387793 -0.251709
51.995330 20.871186 0.940442
52.011470 16.491755 1.846977
52.027860 7.963548 12.523848
52.044590 -2.283560 0.980160
52.060460 4.098489 -21.383615
52.076900 6.568338 -10.038810
52.093870 1.852964 7.432491
52.109740 18.948580 21.425551
52.128300 -50.148298 12.276305
52.142940 -103.468551 8.717649
52.159480 -91.663448 16.096923
52.175990 -40.976523 0.337928
52.208650 21.659575 -5.644457
52.224950 9.039458 6.928109
52.258060 14.174198 28.548563
52.274440 17.253329 -10.367398
52.290920 7.512656 -56.416891
52.307310 -0.613496 -61.242751
52.323730 -2.618813 -29.379168
52.340030 11.405726 11.537548
52.356290 28.790316 10.872885
52.372800 18.800924 0.689819
52.388950 -1.180341 -3.822179
52.405760 -11.344408 -0.806022
52.422240 -8.412134 4.530710
52.438350 1.312318 10.048190
52.454960 3.350070 -11.524908
52.471340 11.436461 18.346512
52.487670 12.155262 39.391246
52.505160 7.891342 46.860122
52.521970 -9.464074 -8.914657
52.538880 -22.860067 -54.088619
52.554470 -18.540731 -35.085213
52.576630 -3.657838 -7.476250
52.586640 13.186810 38.408794
52.603120 7.123157 32.182974
52.621610 4.155725 30.695588
52.639560 -0.728574 14.132600
52.655820 -1.376321 2.038198
52.672670 3.911129 5.830857
52.691650 -3.636440 0.216243
52.703490 -13.248619 -0.840944
52.719910 -11.959552 -3.856322
52.736420 1.201625 -7.116517
52.752810 7.160886 -9.227770
52.768860 15.628109 0.524542
52.785920 37.347265 -3.458262
52.802000 46.258622 -19.221398
52.818600 28.522775 -11.861645
52.833040 0.367349 5.747876
52.849490 -2.811503 18.707311
52.866090 -1.909104 13.926383
52.882480 -2.393761 9.562857
52.898280 -4.014260 14.788960
52.915340 0.558112 4.662908
52.931550 6.987930 -10.442888
52.948910 8.281256 -15.268966
52.964510 2.670832 -5.431145
52.980740 -7.332177 13.096691
52.998140 -11.468065 23.035317
53.016720 -5.221892 8.551996
53.030610 -0.652813 -19.207009
53.046420 -10.329334 -30.815951
53.063110 10.519186 -13.420006
53.079440 33.272423 8.758360
53.095460 39.560150 12.198453
53.112030 12.652834 1.596874
53.128570 -15.236205 -4.349200
53.145260 -9.341551 -0.478396
53.161740 -0.362132 2.262569
53.177950 4.946750 5.236215
53.194270 -2.795021 6.159922
53.210820 -1.346834 4.368788
53.227170 5.209643 -3.009496
53.243770 14.066610 -6.129631
53.259980 5.878860 0.750567
53.277100 -30.114701 -4.748890
53.292910 -47.172815 -10.322388
53.309720 -41.991665 -31.146635
53.327150 -14.377845 -25.324922
53.342380 -9.101759 17.224675
53.358550 -23.018906 35.257515
53.391480 -19.336316 31.853782
53.408020 -10.898322 1.638176
53.424530 2.089886 -7.075547
53.440950 0.954722 1.121975
53.457030 -5.432010 -2.275186
53.473450 -3.233404 -3.871515
53.489720 2.272030 -3.247264
53.508390 6.558963 -2.889939
53.523040 -1.132443 5.864952
53.539460 -10.889665 11.558269
53.555600 -15.234693 7.512070
53.572390 -13.002933 -0.748299
53.588780 -5.627233 -6.451395
53.605320 -5.742650 -4.402292
53.621400 2.889381 2.555698
53.637760 5.281926 7.722380
53.655180 3.923567 2.087935
53.671170 -6.017413 -7.461766
53.687290 -16.204189 -11.802742
53.703670 -3.063245 -3.167851
53.720250 11.001414 7.719167
53.736420 13.067540 10.020806
53.753080 2.207232 3.953480
53.769900 4.613389 -7.298853
53.785680 16.347499 -11.517890
53.802060 13.377075 -6.891675
53.820980 3.745167 6.929811
53.837590 -5.135319 13.049082
53.851380 -0.512746 8.090831
53.867830 1.349593 -3.588334
53.884120 7.216647 -15.285198
53.902470 -16.105712 -3.162747
53.917110 -25.013344 27.547997
53.933380 -51.951297 14.183328
53.950380 -34.457571 -2.103695
53.999660 -9.684548 -11.805506
54.032290 -10.376552 -6.458082
54.048890 11.718969 10.494633
54.081790 8.810705 -0.815851
54.098110 10.439609 9.654106
54.114900 -11.570967 8.231321
54.131100 -14.639065 9.188501
54.147640 18.681091 -24.183516
54.180450 33.220679 -52.268991
54.196620 34.869814 -56.468841
54.213010 28.986869 -26.972642
54.229830 21.458056 25.785114
54.246000 4.842447 -24.070988
54.262480 -16.162719 -69.863943
54.279020 -8.394328 -80.248319
54.295590 -8.277589 -36.731090
54.311650 -2.059567 6.630234
54.328400 -2.641193 -11.331375
54.344760 2.986691 -16.260869
54.361240 9.634609 -6.205689
54.377500 5.930009 2.223299
54.393860 8.154309 3.147413
54.410280 7.175100 5.878089
54.428010 7.782239 7.572013
54.443570 0.321568 1.540994
54.459660 -7.881021 -2.005733
54.475680 -8.361363 3.555396
54.492100 0.783391 2.895255
54.508420 8.128753 -3.295253
54.524630 2.025996 -13.545230
54.541380 10.276938 -6.022834
54.558070 3.439705 -1.760569
54.574460 4.564507 1.073136
54.591000 -0.846638 -9.195400
54.623500 4.053804 -1.155929
54.640320 14.017881 3.540794
54.673030 45.057775 16.715283
54.689210 -81.536650 -26.224302
54.705810 -193.875500 -71.532475
