0.000000 1095.561600 903.084000
0.016600 1066.884000 898.054500
0.049320 1063.759200 891.649500
0.065430 1078.308000 898.621500
0.082520 1077.232800 901.498500
0.098140 1099.761600 908.848500
0.116210 1068.530400 906.034500
0.147950 1087.867200 889.885500
0.164060 1096.317600 927.454500
0.196780 1070.311200 894.369000
0.213380 1079.164800 912.240000
0.229980 1080.996000 907.851000
0.246580 1084.658400 893.235000
0.262700 1022.162400 818.097000
0.278810 1022.263200 816.522000
0.294920 677.006400 177.240000
0.311520 633.393600 30.376500
0.330570 637.459200 50.515500
0.347170 582.120000 36.298500
0.364260 591.007200 61.635000
0.380860 588.655200 51.586500
0.397460 574.240800 38.776500
0.411130 596.685600 20.905500
0.427250 593.644800 5.491500
0.445310 576.172800 5.281500
0.525390 549.444000 13.051500
0.541500 543.480000 17.892000
0.591800 531.988800 21.892500
0.607910 588.940800 8.746500
0.706050 560.884800 3.990000
0.722660 565.454400 22.953000
0.740230 712.404000 53.623500
0.757320 680.484000 31.468500
0.774410 680.148000 26.691000
0.854980 662.407200 5.365500
0.887210 686.431200 89.827500
0.904300 636.535200 385.308000
1.117190 649.857600 211.722000
1.264650 815.018400 8.557500
1.280760 817.051200 14.143500
1.297360 809.944800 9.754500
1.314450 810.868800 9.282000
1.330080 823.636800 6.993000
1.347170 818.294400 8.610000
1.560550 948.141600 4.872000
1.757320 1018.147200 5.239500
1.773930 1057.341600 35.259000
1.790530 1061.088000 56.280000
1.807130 1061.340000 61.971000
1.823730 1018.315200 40.288500
1.839840 1015.324800 3.465000
2.021000 566.042400 1.270500
2.037600 578.659200 21.472500
2.053710 580.792800 30.639000
2.070310 581.952000 21.577500
2.089360 571.872000 46.336500
2.119630 583.027200 30.072000
2.136230 562.111200 10.636500
2.152340 559.910400 1.312500
2.267580 678.031200 5.859000
2.365230 702.710400 29.242500
2.382810 712.017600 25.872000
2.398930 715.024800 45.475500
2.415040 714.067200 63.462000
2.432130 757.512000 34.492500
2.448240 756.336000 25.242000
2.464360 898.598400 27.184500
2.612300 902.529600 39.868500
2.679200 1092.554400 29.085000
2.695310 1090.975200 48.478500
2.711910 1075.687200 60.963000
2.728520 1042.389600 20.695500
2.760740 1049.512800 34.912500
2.776860 1055.073600 63.367500
2.809570 1051.192800 51.954000
2.826170 1073.822400 62.695500
2.843260 1074.477600 53.760000
2.858890 1033.687200 23.656500
3.055660 822.931200 10.657500
3.072270 851.037600 24.360000
3.088870 852.230400 23.698500
3.105470 894.247200 23.835000
3.203610 903.168000 7.140000
3.219730 885.175200 31.027500
3.236820 885.124800 29.820000
3.252930 913.987200 12.243000
3.285640 961.648800 1.260000
3.302250 964.135200 7.497000
3.318360 978.180000 44.814000
3.335450 978.062400 55.020000
3.351560 960.422400 41.653500
3.367680 964.454400 61.530000
3.383790 965.176800 47.386500
3.400390 576.676800 26.040000
3.418460 559.238400 14.374500
3.453130 544.908000 4.147500
3.467770 537.936000 3.255000
3.483890 542.068800 18.301500
3.502440 578.457600 44.121000
3.517580 582.556800 59.724000
3.532230 582.842400 60.910500
3.548340 561.976800 70.801500
3.564940 552.669600 71.767500
3.582520 551.779200 66.801000
3.598140 564.513600 50.851500
3.615230 561.640800 34.461000
3.631840 557.524800 19.288500
3.697270 715.276800 15.876000
3.713870 722.685600 0.630000
3.731930 723.945600 5.806500
3.746090 745.332000 17.556000
3.763180 720.434400 2.089500
3.795410 728.548800 0.252000
3.812500 730.312800 11.602500
3.831540 732.060000 26.439000
3.844730 900.160800 41.107500
3.860840 888.652800 46.872000
3.876950 888.888000 41.286000
3.893550 892.147200 29.316000
3.910160 891.559200 13.986000
3.943850 902.949600 12.138000
3.959470 897.204000 7.959000
3.975590 897.607200 17.944500
3.992190 873.448800 33.222000
4.010250 878.085600 43.260000
4.026370 879.060000 61.981500
4.042970 897.288000 74.833500
4.063480 903.201600 73.111500
4.075200 903.520800 81.921000
4.091800 891.861600 103.267500
4.109380 909.048000 92.778000
4.125000 908.426400 74.161500
4.141110 1051.024800 60.028500
4.162110 1079.097600 38.304000
4.176760 1080.508800 19.908000
4.189450 1064.716800 17.724000
4.206050 1026.799200 3.307500
4.238770 1037.282400 16.065000
4.255370 1040.407200 23.772000
4.271480 1039.214400 37.873500
4.288090 1048.135200 34.587000
4.304690 1055.527200 59.860500
4.320800 1055.224800 74.161500
4.337400 703.466400 93.565500
4.354000 598.819200 93.492000
4.370120 594.400800 74.896500
4.386230 559.994400 57.981000
4.403320 548.066400 82.225500
4.419430 545.479200 72.565500
4.436040 551.157600 54.463500
4.452150 554.164800 50.694000
4.468260 556.684800 60.522000
4.485350 568.461600 63.619500
4.501460 586.555200 54.988500
4.517580 588.924000 65.005500
4.534180 598.483200 90.352500
4.550780 599.760000 106.690500
4.566890 602.498400 119.595000
4.583010 677.392800 119.406000
4.599610 692.479200 152.827500
4.616210 691.992000 147.388500
4.632810 666.607200 83.905500
4.648930 700.039200 62.727000
4.665530 697.082400 45.234000
4.682130 680.349600 41.569500
4.698730 689.136000 55.786500
4.714360 690.866400 65.740500
4.730960 702.206400 79.600500
4.748050 673.377600 81.669000
4.764160 671.260800 67.105500
4.780760 815.724000 78.760500
4.797360 798.352800 66.171000
4.831540 817.084800 58.705500
4.846680 810.045600 79.075500
4.862790 812.817600 107.278500
4.879390 819.470400 105.168000
4.896000 810.012000 103.614000
4.912600 808.113600 85.050000
4.929200 794.270400 60.868500
4.945310 727.792800 40.519500
4.961430 725.239200 26.218500
4.978030 584.085600 71.904000
4.994630 540.943200 83.317500
5.010740 542.438400 87.664500
5.027340 577.785600 52.426500
5.043950 572.712000 73.962000
5.060060 572.241600 70.297500
5.076660 549.595200 45.643500
5.093260 611.721600 18.511500
5.109380 613.082400 28.696500
5.323730 801.511200 66.706500
5.340330 816.631200 44.751000
5.357910 815.724000 34.702500
5.374020 826.896000 38.755500
5.391110 822.427200 36.708000
5.405270 821.570400 26.838000
5.421880 881.160000 40.047000
5.437990 883.041600 48.909000
5.471190 886.620000 31.867500
5.487300 911.954400 42.220500
5.519530 895.456800 32.476500
5.535640 893.071200 6.016500
5.552730 893.491200 16.012500
5.569340 937.994400 62.580000
5.587890 1023.708000 81.480000
5.618650 1019.760000 68.544000
5.635740 1027.101600 61.719000
5.668460 1021.322400 86.404500
5.685060 1037.853600 96.810000
5.717290 1001.700000 110.292000
5.733400 1003.984800 67.767000
5.766110 1024.749600 95.812500
5.784180 1041.516000 55.975500
5.802250 1040.995200 65.719500
5.816890 1057.408800 81.039000
5.832520 1093.797600 94.132500
5.848630 1093.041600 102.501000
5.865230 1071.806400 130.494000
5.881350 839.260800 129.171000
5.897950 838.992000 133.276500
5.914060 571.687200 108.475500
5.930660 563.959200 106.144500
5.947750 560.498400 91.822500
5.963870 545.949600 81.753000
5.980470 547.394400 83.790000
6.013180 586.051200 103.435500
6.029790 574.089600 126.934500
6.046390 574.828800 131.176500
6.062010 553.812000 129.475500
6.078610 566.798400 113.085000
6.095210 566.126400 108.864000
6.111820 577.735200 102.406500
6.129390 617.265600 95.476500
6.146000 617.517600 96.621000
6.160640 624.607200 64.869000
6.177250 591.024000 47.670000
6.193850 591.024000 47.670000
6.210450 603.859200 60.921000
6.227050 592.485600 65.604000
6.243160 595.207200 78.918000
6.259770 642.297600 124.404000
6.275880 625.917600 80.724000
6.292970 627.345600 85.291500
6.309080 696.897600 86.488500
6.325680 671.092800 71.893500
6.341800 665.935200 43.974000
6.358400 680.248800 45.580500
6.375000 683.642400 59.913000
6.391110 681.592800 45.097500
6.407710 690.698400 25.693500
6.424320 694.881600 5.481000
6.441410 696.679200 19.351500
6.457520 733.891200 55.114500
6.473630 713.395200 88.924500
6.489750 714.974400 98.689500
6.505860 673.579200 86.173500
6.523440 685.658400 64.900500
6.540040 684.129600 56.259000
6.555660 803.913600 44.929500
6.576660 824.292000 45.675000
6.587400 825.165600 55.629000
6.604000 836.959200 21.882000
6.621090 813.657600 121.768500
6.637210 814.514400 130.074000
6.653810 831.600000 124.173000
6.670410 820.108800 131.187000
6.702640 784.560000 102.186000
6.719730 794.774400 110.145000
6.752440 821.234400 96.211500
6.769040 784.980000 59.367000
6.785160 783.837600 49.192500
6.801760 881.664000 62.653500
6.818360 875.464800 53.959500
6.851070 918.607200 76.555500
6.867680 924.823200 88.620000
6.883790 925.041600 98.385000
6.901860 919.111200 94.311000
6.916990 926.805600 83.716500
6.933110 925.999200 69.678000
6.949710 873.280800 63.661500
6.966800 873.230400 73.080000
6.982420 873.482400 67.693500
6.998540 859.891200 59.010000
7.015140 874.188000 46.683000
7.031740 874.473600 60.795000
7.047850 1093.730400 77.143500
7.064450 1079.988000 95.991000
7.081050 1079.416800 110.155500
7.097170 1085.145600 86.173500
7.113770 1114.310400 79.642500
7.130370 1116.024000 56.920500
7.146480 1071.722400 43.365000
7.163090 1089.009600 52.321500
7.179690 1088.270400 60.931500
7.195800 882.235200 73.815000
7.212400 693.100800 83.790000
7.228520 694.478400 89.365500
7.245120 646.867200 89.649000
7.262210 650.781600 93.586500
7.295410 660.693600 73.563000
7.311040 624.271200 113.043000
7.343750 666.086400 74.560500
7.360350 639.962400 87.328500
7.376950 637.526400 73.762500
7.393070 620.692800 32.959500
7.409670 621.516000 26.764500
7.426270 620.037600 21.756000
7.442380 823.435200 41.181000
7.458980 826.543200 63.892500
7.475100 827.400000 73.657500
7.491700 851.356800 98.752500
7.507810 836.556000 51.198000
7.541020 819.151200 34.104000
7.557130 870.962400 77.742000
7.574220 871.147200 72.660000
7.590330 836.992800 70.108500
7.606450 819.756000 52.216500
7.624020 818.798400 47.229000
7.639160 992.964000 40.078500
7.656250 980.296800 43.701000
7.672360 979.574400 57.802500
7.688960 1026.849600 79.159500
7.705080 1018.684800 112.455000
7.721680 1019.373600 107.037000
7.738280 991.284000 88.956000
7.754390 984.060000 72.324000
7.771480 984.345600 54.264000
7.787600 983.992800 51.555000
7.803710 990.914400 39.364500
7.836910 1100.517600 43.585500
7.853030 1074.880800 46.368000
7.869630 1073.553600 64.375500
7.885740 1066.682400 75.736500
7.902340 953.164800 61.026000
7.935060 943.773600 54.579000
7.951660 948.192000 37.579500
7.968260 947.973600 19.015500
7.984380 959.128800 22.396500
8.000980 964.454400 22.879500
8.033690 972.888000 29.694000
8.050290 962.388000 25.840500
8.083010 961.884000 14.815500
8.100100 950.695200 17.514000
8.115720 950.376000 31.794000
8.132320 905.436000 56.752500
8.148930 963.026400 70.770000
8.165040 963.547200 75.127500
8.181640 842.469600 83.622000
8.198240 614.241600 96.400500
8.214360 610.142400 78.319500
8.230470 600.868800 82.656000
8.247070 603.691200 76.461000
8.280270 607.622400 97.461000
8.296880 600.969600 101.430000
8.313480 603.237600 110.827500
8.331050 597.139200 139.629000
8.347170 613.670400 160.356000
8.363770 615.921600 169.491000
8.379880 629.748000 118.303500
8.396480 683.625600 130.588500
8.429200 750.758400 147.147000
8.444340 698.510400 158.602500
8.477050 728.834400 165.154500
8.493650 720.484800 141.634500
8.526370 720.048000 140.248500
8.542970 716.402400 145.582500
8.560550 714.470400 131.712000
8.575680 782.896800 116.161500
8.592290 833.599200 129.549000
8.608890 832.020000 111.678000
8.625000 815.673600 84.693000
8.642090 813.254400 64.155000
8.658200 814.111200 77.983500
8.674320 829.701600 114.229500
8.690430 840.487200 121.422000
8.707030 841.982400 139.849500
8.723630 861.588000 151.777500
8.740230 877.178400 106.554000
8.759280 876.657600 97.051500
8.772950 929.762400 266.143500
8.987300 707.061600 116.161500
9.004390 707.414400 120.235500
9.019530 712.269600 142.632000
9.036130 731.556000 162.099000
9.052250 733.740000 170.530500
9.068360 719.644800 115.468500
9.085450 728.112000 135.313500
9.102050 725.323200 118.020000
9.117680 710.707200 104.790000
9.134280 712.286400 101.409000
9.151370 711.244800 100.695000
9.166990 725.104800 129.664500
9.184080 728.767200 136.815000
9.200200 732.698400 159.075000
9.217770 791.330400 151.273500
9.232910 796.034400 142.138500
9.250000 796.168800 143.230500
9.265630 828.206400 136.626000
9.282230 849.156000 174.846000
9.299320 849.290400 170.341500
9.314940 929.527200 142.212000
9.331540 1004.707200 132.982500
9.348140 1004.304000 128.593500
9.364260 991.401600 147.703500
9.380860 978.583200 184.432500
9.397460 977.676000 204.666000
9.413570 998.004000 203.563500
9.430660 990.057600 202.209000
9.446780 990.511200 206.230500
9.462890 989.150400 181.597500
9.479490 986.596800 153.447000
9.496090 987.974400 123.438000
9.511720 995.601600 153.919500
9.527830 972.115200 143.367000
9.544430 971.577600 138.978000
9.561040 997.903200 118.419000
9.577640 1065.859200 141.981000
9.593750 1062.835200 171.633000
9.610350 1081.248000 181.713000
9.626460 1064.548800 208.981500
9.643070 1064.700000 212.887500
9.659670 1078.980000 196.444500
9.676270 1073.100000 178.794000
9.692380 1074.528000 162.981000
9.708980 1071.016800 174.909000
9.725100 1093.663200 164.493000
9.758300 1070.798400 151.410000
9.774900 1094.637600 191.005500
9.791500 1092.823200 202.513500
9.807620 833.901600 200.004000
9.824220 623.851200 232.008000
9.840820 625.312800 235.924500
9.856930 572.896800 202.524000
9.873540 578.054400 168.147000
9.889650 571.065600 142.359000
9.906250 557.844000 140.259000
9.922360 558.650400 137.886000
9.938960 556.869600 132.772500
9.955570 576.256800 166.204500
9.971680 588.487200 176.557500
9.988280 589.898400 180.442500
10.005860 581.565600 163.821000
10.022460 567.604800 141.781500
10.039060 565.404000 133.686000
10.055180 575.265600 153.331500
10.072750 573.787200 155.305500
10.087400 578.407200 172.179000
10.103520 589.310400 183.960000
10.120120 557.323200 194.355000
10.154790 578.827200 175.570500
10.170410 566.076000 161.847000
10.187500 561.338400 144.795000
10.203130 562.010400 156.502500
10.218260 646.346400 156.691500
10.250980 668.018400 144.385500
10.268070 679.996800 152.166000
10.284180 681.727200 161.101500
10.300290 692.731200 148.564500
10.316890 669.547200 134.704500
10.333500 668.976000 130.084500
10.350100 699.787200 129.832500
10.367680 694.864800 149.415000
10.384280 693.638400 144.868500
10.400880 689.757600 163.086000
10.416990 821.335200 183.099000
10.432130 823.048800 200.539500
10.448240 822.662400 183.550500
10.465330 823.166400 183.823500
10.498050 828.240000 192.916500
10.514650 825.552000 190.774500
10.546880 816.547200 207.511500
10.563480 801.292800 184.516500
10.595700 816.160800 182.563500
10.613770 812.868000 201.537000
10.645510 835.060800 217.381500
10.662110 835.934400 217.434000
10.678220 835.279200 204.508500
10.694820 912.559200 179.098500
10.711430 883.797600 142.611000
10.728520 882.924000 125.023500
10.744140 898.380000 98.112000
10.760740 898.245600 103.561500
10.792970 902.664000 93.607500
10.810060 928.065600 88.546500
10.826170 927.914400 102.039000
10.842290 941.287200 113.200500
10.858890 936.314400 131.166000
10.875000 936.532800 149.320500
10.891600 964.101600 175.129500
10.908200 1009.125600 185.136000
10.941410 999.532800 166.845000
10.957520 983.572800 181.219500
10.990230 1006.370400 180.715500
11.006840 1001.834400 180.547500
11.039550 998.306400 165.784500
11.056640 1014.703200 172.746000
11.073730 1014.400800 167.842500
11.089840 1082.709600 181.629000
11.106450 1093.260000 176.515500
11.122560 1093.360800 175.486500
11.139160 1076.644800 172.662000
11.155270 1060.684800 181.219500
11.187990 628.521600 218.106000
11.204590 588.470400 213.969000
11.237300 580.944000 203.469000
11.253910 569.217600 212.866500
11.271000 571.082400 217.644000
11.287110 590.721600 198.450000
11.302730 581.212800 202.545000
11.319340 578.995200 194.701500
11.335450 569.604000 165.448500
11.352540 559.087200 164.377500
11.388180 568.428000 159.579000
11.402340 576.307200 169.533000
11.417970 578.793600 178.594500
11.434080 568.713600 188.737500
11.450680 589.545600 193.672500
11.466800 587.143200 184.747500
11.483400 565.857600 185.682000
11.500000 600.667200 185.146500
11.516110 599.894400 180.799500
11.532710 736.310400 197.578500
11.549320 705.885600 171.066000
11.565430 707.649600 183.340500
11.582030 710.724000 210.367500
11.598630 716.083200 236.376000
11.631350 690.396000 199.899000
11.647950 681.273600 189.052500
11.664550 679.224000 176.746500
11.680660 712.672800 176.064000
11.697270 711.463200 188.160000
11.713380 710.220000 183.970500
11.729980 659.030400 165.585000
11.746580 723.139200 170.299500
11.763180 725.961600 186.742500
11.778810 718.737600 198.429000
11.795410 720.871200 201.736500
11.828130 717.561600 203.899500
11.845210 679.677600 191.677500
11.860840 677.544000 179.560500
11.877930 719.376000 156.576000
11.894530 694.898400 168.861000
11.910640 697.418400 185.104500
11.926760 675.595200 216.163500
11.943850 640.012800 242.991000
11.959960 642.835200 251.118000
11.976070 645.321600 227.493000
11.993160 642.314400 211.648500
12.009280 636.602400 187.509000
12.025390 656.040000 162.414000
12.041990 657.266400 158.067000
12.074710 649.387200 165.270000
12.091310 638.198400 170.478000
12.107420 638.752800 174.961500
12.124020 710.640000 215.848500
12.142090 743.332800 211.953000
12.159180 743.097600 207.469500
12.174320 732.916800 210.147000
12.190920 714.840000 186.301500
12.207520 713.697600 182.196000
12.224120 829.113600 196.119000
12.240720 844.216800 210.409500
12.256840 845.644800 227.377500
12.272950 834.506400 229.960500
12.288570 820.260000 212.436000
12.321290 831.012000 235.788000
12.337890 876.136800 244.419000
12.370120 836.522400 251.307000
12.387210 798.621600 243.537000
12.419920 858.396000 226.558500
12.436520 838.723200 222.547500
12.453130 839.294400 233.929500
12.469240 868.324800 260.116500
12.485840 959.700000 263.749500
12.501950 959.582400 278.764500
12.518070 945.134400 303.166500
12.535160 957.264000 309.687000
12.551270 957.919200 298.725000
12.567380 963.967200 267.036000
12.583980 946.344000 252.966000
12.600590 945.907200 249.270000
12.616700 941.942400 275.898000
12.633300 997.466400 289.800000
12.650390 997.752000 293.422500
12.666500 980.918400 275.803500
12.683110 1101.609600 290.377500
12.699220 1103.491200 276.223500
12.716310 1098.585600 235.872000
12.733890 1096.569600 220.741500
12.749020 1095.712800 228.207000
12.764650 1084.188000 234.444000
12.781740 1093.562400 242.035500
12.797850 1091.781600 253.323000
12.814450 608.076000 279.426000
12.830570 630.604800 272.916000
12.847170 627.026400 256.126500
12.863280 613.821600 274.407000
12.880860 601.776000 236.575500
12.897460 596.198400 217.675500
12.913570 618.290400 228.207000
12.931150 603.321600 248.619000
12.945310 607.874400 265.188000
12.961910 591.746400 255.160500
12.978520 586.672800 257.481000
13.011230 633.393600 281.064000
13.027830 629.361600 267.309000
13.043950 629.949600 270.921000
13.061520 614.930400 265.303500
13.076660 640.432800 268.044000
13.093260 639.542400 263.277000
13.109860 725.524800 253.638000
13.125980 731.068800 239.043000
13.143070 730.800000 234.759000
13.158690 701.685600 257.659500
13.175290 704.222400 237.163500
13.192380 706.104000 249.018000
13.208500 724.096800 264.190500
13.225100 721.845600 275.698500
13.241210 721.711200 272.443500
13.257810 725.407200 249.784500
13.273930 702.592800 225.498000
13.290530 697.821600 201.012000
13.306640 875.128800 225.739500
13.323730 871.819200 218.715000
13.339840 872.272800 225.865500
13.355960 906.628800 217.581000
13.372560 856.632000 275.457000
13.405270 896.700000 235.767000
13.421880 895.692000 227.241000
13.438480 894.784800 227.818500
13.454590 902.193600 269.472000
13.471680 852.549600 269.997000
13.487790 855.271200 292.824000
13.503910 878.976000 308.017500
13.521000 880.219200 292.551000
13.537110 879.715200 284.487000
13.553710 869.030400 264.211500
13.569820 879.715200 266.427000
13.586430 879.412800 270.616500
13.602540 963.412800 267.277500
13.621580 955.147200 274.764000
13.637700 955.130400 275.730000
13.654300 963.866400 274.386000
13.670410 954.088800 270.658500
13.701170 969.141600 250.330500
13.718750 968.385600 245.836500
13.750490 965.294400 249.385500
13.766600 1004.774400 290.020500
13.800290 1067.774400 283.636500
13.816410 1064.044800 294.010500
13.832520 1064.834400 286.146000
13.849120 1057.442400 256.735500
13.865720 988.596000 251.160000
13.897950 595.610400 289.768500
13.915040 615.854400 318.885000
13.931150 618.777600 330.277500
13.947270 601.977600 328.293000
13.963870 587.714400 331.033500
13.979980 589.142400 334.362000
13.996090 642.835200 334.005000
14.013180 620.558400 306.138000
14.029300 618.559200 299.029500
14.045410 646.934400 310.096500
14.062500 637.812000 319.368000
14.095210 617.114400 298.452000
14.113770 616.509600 297.381000
14.145020 631.663200 298.483500
14.160640 666.136800 293.370000
14.194340 742.492800 349.398000
14.214360 753.362400 353.766000
14.247070 766.550400 338.541000
14.263670 774.732000 325.059000
14.293460 768.734400 328.513500
14.310550 782.409600 339.150000
14.344730 751.900800 289.674000
14.358400 778.192800 306.169500
14.391110 824.208000 307.629000
14.408200 854.313600 294.189000
14.440430 841.881600 307.713000
14.457030 886.284000 323.715000
14.489750 879.261600 318.066000
14.506840 881.445600 289.443000
14.539060 870.542400 304.080000
14.555660 869.232000 310.506000
14.588380 875.632800 316.081500
14.604980 882.907200 309.792000
14.637700 867.031200 295.228500
14.654300 798.789600 215.722500
14.670410 796.622400 197.211000
14.686520 790.910400 159.705000
14.703610 783.988800 145.435500
14.736330 768.465600 176.242500
14.752930 779.083200 194.460000
14.769530 781.536000 213.045000
14.785640 777.924000 221.319000
14.802250 784.005600 249.606000
14.834960 792.825600 246.130500
14.851560 803.359200 214.830000
14.868160 802.334400 206.178000
14.883790 958.440000 173.764500
14.900390 951.182400 191.436000
14.916990 951.165600 182.889000
14.933590 966.100800 194.229000
14.949710 946.041600 160.576500
14.966800 946.159200 177.009000
14.984380 950.527200 199.374000
14.999020 945.420000 218.967000
15.015140 945.470400 227.629500
15.031250 934.365600 213.990000
15.048830 934.869600 204.288000
15.065430 934.634400 187.855500
15.081540 926.066400 183.162000
15.098140 956.961600 174.226500
15.114750 956.978400 165.543000
15.130860 1040.659200 221.949000
15.147460 1027.152000 221.991000
15.163570 1026.648000 230.191500
15.180180 942.177600 218.211000
15.196780 776.361600 202.324500
15.229490 799.377600 216.793500
15.246090 793.060800 234.087000
15.278320 814.312800 235.977000
15.295410 802.300800 248.388000
15.312500 803.275200 256.683000
15.327640 784.476000 236.397000
15.344240 792.758400 252.378000
15.360350 791.632800 239.830500
15.377440 779.318400 219.786000
15.394040 752.203200 215.418000
15.410160 749.632800 198.849000
15.429200 770.952000 206.388000
15.443360 767.928000 182.206500
15.459470 769.188000 194.911500
15.475590 768.952800 236.554500
15.492680 780.427200 242.455500
15.508790 782.644800 258.961500
15.525390 588.890400 400.690500
15.541500 602.834400 426.709500
15.574220 587.042400 394.695000
15.591310 568.999200 408.481500
15.607420 565.336800 397.750500
15.624020 541.531200 369.075000
15.640140 569.268000 369.337500
15.655760 565.118400 358.753500
15.672360 579.936000 748.639500
15.919920 729.019200 407.589000
15.936520 716.100000 397.971000
15.951660 717.662400 404.901000
15.968750 582.708000 444.360000
15.984860 596.433600 425.922000
16.019530 573.988800 419.044500
16.035160 565.437600 416.860500
16.066410 556.936800 418.183500
16.082520 572.896800 420.808500
16.099610 573.871200 424.116000
16.116210 601.809600 427.938000
16.132320 587.496000 410.539500
16.150390 588.940800 413.458500
16.166500 730.161600 418.215000
16.183110 775.555200 405.867000
16.203130 775.908000 409.836000
16.214360 760.015200 431.812500
16.231450 762.249600 442.029000
16.248050 762.921600 441.378000
16.264160 743.349600 428.473500
16.281250 737.402400 416.524500
16.298830 734.613600 403.494000
16.313480 753.127200 395.524500
16.330080 741.871200 399.210000
16.346190 741.132000 398.905500
16.362790 845.779200 386.232000
16.379390 847.610400 409.164000
16.395510 848.265600 412.156500
16.411620 867.266400 421.165500
16.428710 891.156000 416.850000
16.444820 890.820000 410.865000
16.461430 862.310400 390.936000
16.478030 879.480000 413.878500
16.511230 906.948000 392.532000
16.531740 909.552000 392.122500
16.543460 910.156800 395.419500
16.559570 965.832000 400.701000
16.578130 1015.980000 402.150000
16.594730 1014.451200 408.586500
16.610840 1008.168000 412.282500
16.626950 978.969600 436.926000
16.643070 979.372800 439.939500
16.658200 1009.125600 405.531000
16.675290 1007.025600 406.885500
16.692380 1007.378400 400.827000
16.708500 1020.532800 414.771000
16.725590 989.856000 397.204500
16.757320 1084.658400 437.430000
16.773440 1107.439200 413.700000
16.790040 1105.423200 422.541000
16.806150 1092.621600 453.936000
16.822750 1097.140800 464.383500
16.839360 1095.964800 474.033000
16.855470 1026.866400 420.493500
16.872070 746.424000 438.270000
16.888670 743.887200 426.037500
16.904790 593.762400 511.098000
16.921390 555.424800 480.763500
16.938960 554.416800 477.193500
16.958500 603.792000 446.166000
16.972660 575.164800 455.868000
16.987790 573.535200 452.707500
17.003420 561.892800 479.734500
17.020020 609.386400 457.747500
17.036130 613.855200 470.190000
17.052730 599.373600 486.370500
17.071780 610.226400 524.139000
17.102050 587.109600 490.486500
17.118650 626.203200 464.509500
17.135250 621.146400 448.623000
17.151370 661.768800 380.950500
17.167970 657.888000 399.567000
17.184080 654.595200 389.350500
17.200680 680.013600 437.083500
17.217290 668.875200 430.321500
17.235350 672.100800 440.086500
17.250980 663.616800 434.311500
17.267090 641.608800 432.684000
17.300780 743.954400 395.671500
17.316890 837.782400 395.346000
17.348140 810.616800 414.939000
17.365230 814.800000 416.262000
17.397460 852.364800 418.246500
17.414060 838.588800 387.513000
17.430660 837.799200 383.995500
17.447270 840.000000 357.262500
17.463870 818.798400 375.270000
17.479980 819.688800 382.315500
17.496580 898.984800 397.288500
17.516600 933.794400 414.351000
17.545410 940.531200 417.343500
17.562010 933.122400 430.605000
17.594730 947.738400 408.177000
17.611330 987.924000 419.338500
17.644040 945.520800 405.730500
17.660640 924.168000 404.323500
17.693360 994.056000 425.775000
17.709960 1044.439200 454.062000
17.728030 1045.312800 450.870000
17.742680 1043.128800 435.172500
17.759280 1074.712800 413.364000
17.775880 1074.645600 406.224000
17.791990 1085.952000 396.396000
17.808590 1085.145600 440.590500
17.824710 1084.154400 449.904000
17.840820 714.672000 455.248500
17.857910 627.564000 504.651000
17.874020 627.816000 505.375500
17.890630 612.225600 490.035000
17.907230 607.370400 464.131500
17.923830 608.983200 467.365500
17.940430 601.137600 504.766500
17.956540 609.436800 504.651000
17.972660 607.773600 501.616500
17.988770 615.148800 496.618500
18.005860 601.003200 502.267500
18.021970 603.456000 508.515000
18.038570 636.736800 502.194000
18.054690 645.321600 503.412000
18.071290 644.565600 500.209500
18.087400 609.369600 489.342000
18.104000 610.461600 496.209000
18.120610 608.798400 493.101000
18.136720 582.321600 460.719000
18.153320 606.866400 487.273500
18.169430 609.268800 493.636500
18.186040 643.507200 500.997000
18.202640 553.963200 521.094000
18.219240 550.099200 511.833000
18.235350 587.328000 506.173500
18.252440 597.424800 482.286000
18.269040 595.896000 479.220000
18.284670 603.472800 486.318000
18.301270 580.641600 497.752500
18.317870 585.765600 510.216000
18.333980 602.162400 511.612500
18.350590 592.653600 517.576500
18.383300 622.591200 541.558500
18.399900 584.253600 533.904000
18.432620 600.096000 546.630000
18.449220 686.968800 529.662000
18.465820 685.120800 523.603500
18.481930 684.432000 496.776000
18.498540 656.460000 513.271500
18.515140 654.427200 507.213000
18.531250 669.396000 490.896000
18.549320 708.943200 489.573000
18.581540 694.965600 516.327000
18.600100 652.176000 525.315000
18.614260 652.176000 525.315000
18.630860 687.288000 545.128500
18.647950 692.126400 550.609500
18.664060 693.890400 556.300500
18.680180 809.004000 527.373000
18.696780 856.044000 524.727000
18.728030 897.120000 507.423000
18.744630 865.620000 515.077500
18.777830 901.269600 496.755000
18.795410 885.914400 491.536500
18.811520 886.116000 488.376000
18.828610 872.272800 483.147000
18.844240 873.062400 472.122000
18.859860 872.424000 469.119000
18.875980 964.017600 477.918000
18.892580 1075.166400 500.692500
18.909670 1074.242400 506.740500
18.925780 1072.965600 499.642500
18.942380 1061.928000 504.966000
18.975100 1061.961600 501.889500
18.991700 1043.364000 518.469000
19.008300 1042.658400 524.454000
19.023930 998.289600 510.772500
19.041500 668.539200 552.919500
19.073240 605.203200 545.139000
19.090330 589.713600 544.666500
19.122560 553.140000 542.272500
19.139650 569.200800 539.574000
19.156250 565.538400 530.491500
19.171880 569.167200 526.134000
19.188480 608.546400 496.986000
19.205080 607.017600 494.077500
19.220700 569.184000 484.921500
19.237790 584.589600 500.367000
19.255860 589.663200 512.778000
19.270020 581.834400 533.148000
19.287110 597.038400 558.106500
19.319820 562.010400 570.864000
19.336430 572.359200 546.136500
19.369140 614.544000 518.731500
19.385740 827.568000 540.466500
19.418460 828.626400 517.933500
19.435550 863.520000 509.817000
19.451170 862.932000 503.643000
19.467770 832.036800 496.849500
19.484380 807.475200 519.151500
19.517090 828.273600 536.791500
19.533200 824.224800 539.343000
19.550290 824.157600 536.403000
19.566410 1016.920800 551.544000
19.583010 1053.208800 507.171000
19.599120 1053.864000 498.319500
19.615720 1066.195200 510.951000
19.632320 1041.936000 525.808500
19.648440 1040.541600 537.232500
19.665040 1066.413600 549.423000
19.681150 1046.320800 567.819000
19.714360 1024.531200 543.154500
19.732910 1035.165600 544.698000
19.747560 1035.820800 539.017500
19.764650 1050.924000 523.509000
19.780270 1074.780000 477.645000
19.796390 1073.100000 486.559500
19.812500 1117.284000 528.213000
19.829590 1118.258400 539.889000
19.862790 1095.998400 552.730500
19.879390 1097.745600 547.333500
19.896000 1100.904000 533.820000
19.912600 662.054400 491.284500
19.927730 699.468000 480.574500
19.944340 699.820800 483.682500
19.960450 682.063200 514.699500
19.977050 654.897600 553.948500
19.993160 659.047200 565.446000
20.009770 662.894400 572.806500
20.026860 655.250400 585.606000
20.059080 662.306400 555.040500
20.075680 650.731200 558.778500
20.092290 647.908800 550.116000
20.108400 648.110400 546.840000
20.125490 635.208000 515.560500
20.141600 633.746400 512.421000
20.157230 677.140800 541.705500
20.174320 677.880000 557.455500
20.190430 681.643200 568.869000
20.207030 567.924000 578.046000
20.223630 553.963200 598.983000
20.240720 556.483200 603.844500
20.255860 590.016000 595.203000
20.271970 567.151200 597.502500
20.305660 553.812000 598.710000
20.322270 599.894400 617.358000
20.338380 596.786400 609.819000
20.354490 557.037600 600.558000
20.371090 550.502400 562.590000
20.388180 547.680000 556.888500
20.404300 575.736000 596.221500
20.420900 596.954400 571.084500
20.437010 597.861600 574.150500
20.453610 542.925600 551.176500
20.470210 526.176000 553.434000
20.486330 527.184000 555.996000
20.502930 582.136800 607.099500
20.519040 583.010400 591.507000
20.535640 583.497600 590.730000
20.551760 606.748800 619.027500
20.568850 615.787200 621.117000
20.584960 614.560800 619.164000
20.601070 609.873600 611.772000
20.617680 610.545600 628.288500
20.634280 612.074400 630.892500
20.650390 607.706400 591.076500
20.666990 633.057600 602.689500
20.682620 631.545600 599.896500
20.699220 657.736800 654.465000
20.715820 647.606400 637.896000
20.732420 649.773600 642.999000
20.749020 676.888800 629.349000
20.765630 668.505600 648.070500
20.782230 666.472800 642.999000
20.798340 746.928000 611.982000
20.814940 755.395200 624.004500
20.847660 736.965600 624.792000
20.863770 745.634400 642.631500
20.880860 746.692800 644.920500
20.896970 777.168000 618.082500
20.913570 776.092800 598.269000
20.930180 773.925600 590.467500
20.946290 739.922400 614.575500
20.962890 736.024800 615.573000
20.995610 755.512800 628.845000
21.011720 758.738400 602.857500
21.044920 905.503200 623.143500
21.061520 898.968000 641.529000
21.078130 899.942400 648.165000
21.094240 906.662400 612.496500
21.110840 949.888800 608.968500
21.126950 949.418400 606.406500
21.143550 933.324000 608.002500
21.159670 922.723200 575.064000
21.176270 922.605600 570.265500
21.192870 956.860800 601.114500
21.209470 943.202400 603.025500
21.242190 1063.507200 631.701000
21.258790 1006.605600 570.496500
21.291020 1010.839200 647.682000
21.308110 1050.907200 573.163500
21.341310 1044.876000 596.967000
21.357910 1016.047200 577.531500
21.373540 1015.526400 582.907500
21.389650 1035.972000 637.654500
21.406250 1070.076000 635.659500
21.422850 1068.211200 642.904500
21.438960 1102.533600 628.635000
21.455080 1125.969600 661.699500
21.472170 1125.667200 663.789000
21.487790 1122.374400 644.605500
21.504880 1124.961600 666.319500
21.521000 1126.188000 662.035500
21.537600 714.319200 676.483500
21.554690 534.206400 696.349500
21.570310 529.972800 689.178000
21.586910 530.476800 657.394500
21.603520 540.153600 659.337000
21.619630 538.272000 657.132000
21.636230 554.164800 640.741500
21.652340 543.060000 631.837500
21.668950 544.941600 634.231500
21.686520 549.208800 646.621500
21.701660 532.912800 629.233500
21.718260 531.081600 626.787000
21.734380 554.652000 637.906500
21.750980 552.921600 625.936500
21.768550 558.566400 636.289500
21.785160 562.716000 682.920000
21.800780 558.432000 682.363500
21.816890 555.559200 677.565000
21.833500 720.871200 665.007000
21.850590 682.718400 633.486000
21.883790 711.362400 641.728500
21.899900 738.981600 623.269500
21.915530 740.493600 628.488000
21.931640 709.749600 681.082500
21.948240 741.232800 636.111000
21.964840 739.720800 630.955500
21.980960 756.268800 629.433000
21.998050 709.615200 632.793000
22.030760 692.496000 646.642500
22.046880 752.606400 672.021000
22.063480 754.017600 676.830000
22.079590 813.355200 626.902500
22.096190 832.944000 662.182500
22.112790 832.104000 659.410500
22.128910 845.896800 630.346500
22.145510 851.558400 663.474000
22.161620 851.474400 662.896500
22.178220 822.091200 638.589000
22.194820 854.599200 615.814500
22.211910 855.792000 623.458500
22.227540 855.304800 633.580500
22.244140 708.237600 694.218000
22.260250 706.171200 687.571500
22.276860 554.349600 651.567000
22.293460 507.208800 650.653500
22.309570 502.504800 643.965000
22.326170 504.184800 623.112000
22.342770 503.613600 658.623000
22.358890 510.048000 668.472000
22.375000 538.288800 651.882000
22.392580 534.861600 631.333500
22.425780 524.378400 672.199500
22.442870 541.682400 649.666500
22.473630 525.134400 642.138000
22.490230 559.776000 646.453500
22.523440 555.979200 650.223000
22.541020 618.441600 653.824500
22.572270 732.564000 663.232500
22.588870 746.440800 668.997000
22.622070 706.473600 698.670000
22.638180 708.624000 671.412000
22.670900 719.174400 715.732500
22.687500 744.223200 679.182000
22.704100 742.744800 674.394000
22.720210 718.368000 676.777500
22.736820 725.827200 683.802000
22.769530 980.565600 682.227000
22.786130 984.799200 679.896000
22.821780 1002.288000 665.941500
22.835450 982.044000 667.495500
22.868160 954.609600 677.407500
22.885250 949.821600 697.609500
22.902340 950.342400 695.257500
22.918460 1003.077600 692.002500
22.935060 988.058400 667.558500
22.952150 987.806400 665.385000
22.967770 949.888800 640.258500
22.984380 1057.711200 656.355000
22.999510 1056.854400 661.153500
23.016110 1066.968000 692.674500
23.032710 1123.147200 709.947000
23.066410 1053.847200 694.554000
23.083980 1101.172800 716.425500
23.100590 1099.963200 720.783000
23.114750 760.687200 642.726000
23.130860 804.098400 711.721500
23.163570 751.615200 650.212500
23.180660 800.872800 648.921000
23.213380 770.112000 673.102500
23.229980 824.342400 656.911500
23.262700 567.470400 748.356000
23.278810 588.924000 747.106500
23.295410 585.127200 740.596500
23.311520 570.427200 770.038500
23.328130 577.920000 733.761000
23.344240 573.602400 727.639500
23.361330 547.596000 727.839000
23.377440 555.727200 761.817000
23.394040 558.532800 765.775500
23.412110 581.212800 715.092000
23.426760 578.877600 756.934500
23.458980 607.101600 749.427000
23.476070 571.116000 713.370000
23.508790 587.529600 765.198000
23.524900 590.822400 744.376500
23.541500 593.392800 748.513500
23.558110 586.538400 748.566000
23.574220 588.823200 755.160000
23.606930 589.192800 750.319500
23.623540 572.258400 743.526000
23.639650 569.536800 739.347000
23.657230 571.048800 734.737500
23.673830 588.520800 791.196000
23.689940 587.613600 789.379500
23.706050 588.336000 735.283500
23.723630 600.062400 763.686000
23.740230 598.399200 761.890500
23.756350 592.418400 781.032000
23.771970 592.956000 778.858500
23.788570 595.492800 782.670000
23.804200 598.180800 785.095500
23.821290 564.698400 781.609500
23.854000 592.368000 772.432500
23.870610 711.060000 754.194000
23.887210 710.690400 752.104500
23.903320 738.948000 747.526500
23.919920 757.528800 731.335500
23.937500 757.864800 733.425000
23.952640 734.916000 763.497000
23.969240 736.528800 777.210000
23.985350 738.057600 781.095000
24.001950 756.924000 773.650500
24.018550 792.304800 773.923500
24.051270 768.936000 770.133000
24.071780 785.786400 770.196000
24.101070 790.104000 761.040000
24.118160 944.428800 801.265500
24.134280 944.462400 797.632500
24.150880 967.663200 785.704500
24.167480 951.367200 792.645000
24.184080 951.283200 796.320000
24.199220 982.262400 786.261000
24.216800 977.121600 754.593000
24.232420 976.836000 758.667000
24.249020 958.876800 797.779500
24.267580 940.396800 792.739500
24.299320 974.786400 767.172000
24.313960 1025.640000 785.757000
24.347660 1112.748000 791.343000
24.364750 1094.839200 782.659500
24.396970 1092.352800 842.289000
24.414550 1054.216800 809.949000
24.428710 1055.073600 806.400000
24.445310 627.597600 861.367500
24.461910 620.524800 843.475500
24.478030 619.634400 841.795500
24.495120 594.904800 851.739000
24.512700 596.887200 804.027000
24.527340 594.384000 800.457000
24.543950 578.054400 828.040500
24.560060 623.565600 824.481000
24.593260 606.228000 810.600000
24.609380 570.964800 825.615000
24.625490 574.526400 830.634000
24.642090 611.772000 861.577500
24.658200 618.861600 859.971000
24.674800 616.543200 855.645000
24.691410 590.654400 852.967500
24.707520 555.391200 834.088500
24.724610 551.812800 830.917500
24.740230 572.006400 860.737500
24.756840 617.131200 833.847000
24.773930 625.766400 844.777500
24.790040 655.200000 864.559500
24.806640 602.028000 861.462000
24.823240 596.064000 855.183000
24.839360 714.117600 828.534000
24.858400 713.042400 851.172000
24.874510 714.554400 853.072500
24.890630 712.555200 858.144000
24.907230 707.884800 807.828000
24.922360 706.188000 804.300000
24.937990 718.519200 843.507000
24.954590 736.764000 879.018000
24.987300 683.222400 833.847000
25.003910 701.500800 828.387000
25.020510 701.853600 829.909500
25.036620 759.595200 759.087000
25.053710 783.787200 802.084500
25.068850 784.912800 805.675500
25.085450 760.872000 754.425000
25.102050 812.935200 713.643000
25.119140 813.792000 715.732500
25.135250 763.963200 773.157000
25.151860 795.681600 770.994000
25.168460 794.724000 769.051500
25.184570 783.619200 788.613000
25.202640 786.744000 816.868500
25.233890 867.266400 803.407500
25.250980 839.983200 804.835500
25.282710 866.779200 795.406500
25.299800 863.116800 785.515500
25.332520 608.126400 733.645500
25.349120 650.462400 757.932000
25.365720 651.218400 760.000500
25.383790 651.940800 777.609000
25.398440 653.570400 768.243000
25.431150 644.196000 747.201000
25.447750 630.067200 744.597000
25.480470 628.941600 787.615500
25.496580 602.263200 753.291000
25.513670 604.783200 757.354500
