0.000000 1116.645600 925.312500
0.016980 1163.752800 957.568500
0.033020 1159.065600 964.897500
0.049580 1136.856000 952.003500
0.065800 1115.587200 986.149500
0.082000 1113.806400 989.362500
0.098450 943.975200 658.728000
0.114610 795.278400 464.163000
0.131410 794.623200 450.355500
0.147990 686.347200 316.228500
0.164640 669.664800 250.897500
0.181200 662.676000 224.605500
0.197420 639.592800 289.905000
0.213810 611.133600 309.414000
0.230290 616.896000 324.817500
0.246380 629.764800 293.685000
0.264880 625.766400 272.065500
0.280430 623.179200 262.185000
0.296620 687.976800 309.949500
0.314240 604.144800 140.595000
0.331480 604.178400 145.624500
0.346040 559.641600 95.445000
0.361590 549.192000 89.229000
0.377760 555.861600 108.643500
0.394330 553.442400 118.209000
0.411190 569.284800 98.364000
0.427440 566.428800 92.473500
0.446350 538.792800 30.177000
0.460750 531.669600 50.148000
0.476990 535.096800 62.433000
0.493000 533.366400 13.251000
0.509870 565.152000 36.582000
0.542370 572.829600 15.949500
0.558750 558.801600 11.319000
1.018830 620.104800 15.361500
1.035250 649.874400 8.106000
1.232270 556.113600 21.787500
1.248730 598.920000 34.692000
1.281540 606.883200 22.512000
1.298280 609.638400 13.923000
1.330990 551.157600 28.906500
1.347580 564.631200 54.894000
1.363820 564.412800 48.646500
1.380100 557.474400 32.182500
1.760620 572.476800 21.178500
1.774340 554.920800 3.832500
1.790130 527.049600 33.348000
1.806690 523.572000 20.748000
1.938860 808.953600 5.418000
1.955180 811.557600 23.929500
1.973500 817.454400 60.322500
1.988190 783.232800 32.308500
2.004910 781.939200 19.960500
2.136060 784.644000 22.344000
2.152250 788.491200 60.259500
2.168950 747.566400 48.699000
2.185820 753.328800 68.176500
2.201900 751.497600 53.970000
2.218170 740.275200 30.471000
2.480680 851.172000 42.073500
2.497500 852.616800 50.232000
2.514740 893.608800 33.327000
2.530360 832.356000 35.490000
2.546600 831.499200 23.572500
2.563110 855.439200 12.316500
2.580860 846.400800 5.764500
2.678670 879.765600 20.317500
2.694730 880.740000 47.722500
2.711210 843.628800 27.552000
2.727550 870.525600 42.735000
2.743960 870.004800 31.185000
2.777110 838.773600 12.085500
2.891620 936.835200 35.154000
2.907650 931.896000 8.505000
2.924420 966.856800 22.627500
2.957370 950.325600 9.177000
3.006230 927.494400 4.735500
3.220120 1045.816800 1.386000
3.236470 1044.741600 14.763000
3.252960 1021.960800 24.580500
3.271650 1024.262400 24.244500
3.287860 1022.700000 29.631000
3.318820 1021.692000 17.440500
3.335070 1020.112800 41.128500
3.351580 1007.815200 70.791000
3.367940 1005.765600 68.848500
3.400500 1000.389600 61.005000
3.417300 1009.814400 88.252500
3.433720 1012.065600 71.442000
3.450090 1010.721600 61.309500
3.504010 1054.687200 16.516500
3.519230 998.961600 31.405500
3.531770 1000.658400 24.937500
3.548460 1030.276800 6.594000
3.565000 1051.377600 1.942500
3.630740 997.332000 0.409500
3.646970 1055.140800 0.430500
3.844440 1080.592800 26.680500
3.860720 1066.682400 56.028000
3.877230 1064.750400 61.624500
3.893430 1045.917600 54.831000
3.910400 1083.902400 11.361000
4.008640 1083.835200 22.249500
4.025310 1080.156000 32.508000
4.057920 1130.908800 67.945500
4.074130 1129.212000 84.987000
4.090700 1088.085600 70.644000
4.107250 1138.032000 77.406000
4.123870 1137.796800 78.834000
4.140110 1118.812800 54.001500
4.156660 1161.468000 73.615500
4.172940 1163.534400 61.971000
4.189350 1116.964800 35.983500
4.205960 1149.556800 32.896500
4.222110 1146.079200 47.880000
4.238450 1098.132000 42.661500
4.255190 1109.942400 112.654500
4.271410 1108.682400 129.937500
4.288040 1091.328000 146.863500
4.304470 1113.235200 107.394000
4.321010 1113.033600 101.955000
4.337050 1126.372800 84.325500
4.353940 1136.923200 119.584500
4.370210 1137.292800 125.076000
4.386200 1159.636800 80.482500
4.403200 1165.113600 82.897500
4.419240 1168.792800 62.359500
4.435760 1150.548000 71.137500
4.452330 1177.024800 95.424000
4.468550 1179.225600 84.000000
4.484920 845.275200 33.054000
4.501560 639.441600 26.764500
4.517850 639.609600 20.622000
4.534350 620.995200 26.019000
4.550830 585.261600 12.820500
4.566880 585.463200 18.837000
4.582960 598.046400 48.741000
4.599880 621.364800 56.227500
4.616210 624.153600 62.769000
4.632510 637.677600 7.801500
4.649140 551.275200 24.213000
4.731090 509.896800 23.226000
4.747560 516.129600 4.252500
4.763870 523.404000 30.250500
4.780270 541.195200 50.158500
4.798280 567.100800 23.761500
4.815510 566.714400 17.220000
4.831680 560.599200 5.124000
4.847080 542.354400 26.145000
4.863660 535.869600 6.846000
4.929890 552.787200 1.732500
4.945080 543.463200 34.807500
4.961760 546.655200 41.149500
4.978070 605.253600 6.636000
4.994580 587.496000 1.018500
5.027540 559.120800 23.425500
5.044820 600.448800 53.067000
5.060710 605.740800 71.736000
5.076510 634.401600 45.895500
5.093570 585.967200 12.852000
5.323880 663.549600 7.717500
5.357560 668.404800 10.038000
5.374590 676.687200 39.438000
5.388430 677.006400 34.786500
5.405110 679.274400 47.365500
5.421140 691.387200 22.858500
5.438020 611.100000 34.566000
5.454360 608.244000 21.766500
5.470790 604.917600 34.902000
5.487240 605.438400 12.495000
5.617970 711.748800 14.406000
5.635120 683.928000 12.537000
5.651700 685.994400 18.364500
5.667920 720.468000 25.945500
5.684490 733.286400 8.358000
5.701480 733.504800 9.891000
5.717290 720.871200 30.870000
5.733610 674.604000 22.638000
5.750320 676.872000 35.353500
5.766460 713.395200 44.824500
5.782990 716.940000 40.299000
5.799580 715.041600 27.688500
5.815570 733.824000 5.817000
5.931110 738.276000 9.943500
5.947540 738.796800 33.421500
5.963700 762.837600 59.251500
5.980190 773.488800 49.801500
5.996220 775.908000 49.413000
6.078430 747.129600 11.508000
6.095110 751.312800 24.066000
6.111280 753.261600 21.325500
6.177280 751.564800 39.501000
6.193630 755.244000 58.117500
6.210070 838.118400 39.249000
6.226500 893.827200 31.006500
6.242780 893.138400 6.594000
6.357930 818.008800 13.545000
6.374480 839.848800 43.617000
6.390790 841.327200 49.024500
6.406850 831.650400 9.292500
6.423750 842.654400 53.665500
6.440230 843.595200 49.434000
6.456480 820.008000 5.985000
6.473070 840.134400 27.709500
6.489590 839.815200 43.774500
6.505460 854.212800 39.301500
6.522230 922.152000 55.776000
6.538600 922.219200 68.208000
6.554920 888.199200 64.690500
6.571350 917.044800 59.031000
6.588180 916.843200 36.141000
6.604130 905.335200 31.531500
6.653170 938.229600 25.882500
6.670290 899.236800 20.265000
6.686680 900.244800 14.437500
6.702510 891.088800 22.690500
6.950060 965.882400 5.334000
6.983990 941.656800 6.825000
6.999560 974.332800 33.768000
7.020540 948.931200 42.126000
7.032640 950.241600 36.141000
7.047880 976.869600 14.847000
7.064450 1045.531200 5.743500
7.114040 1085.061600 25.788000
7.130130 1083.734400 37.516500
7.146500 1052.536800 47.649000
7.163060 1046.270400 11.224500
7.179640 1045.279200 23.163000
7.195940 1071.487200 42.598500
7.212450 1068.328800 73.626000
7.228550 1067.119200 85.281000
7.245060 1115.217600 38.094000
7.261830 1137.276000 71.106000
7.294360 1104.936000 57.130500
7.310760 1121.568000 73.405500
7.327740 1119.837600 78.225000
7.343580 1106.112000 78.907500
7.360210 1106.061600 86.331000
7.376590 1106.414400 91.770000
7.392680 1110.648000 109.903500
7.409480 1122.710400 95.560500
7.425960 1122.492000 90.237000
7.444850 1201.754400 87.580500
7.458830 1181.695200 113.127000
7.475460 1179.662400 123.217500
7.491560 1156.293600 129.517500
7.507900 1141.744800 143.346000
7.540860 1171.128000 67.063500
7.557280 1172.354400 98.343000
7.573840 1174.588800 86.572500
7.589860 853.120800 37.527000
7.639160 603.624000 3.003000
7.656100 605.320800 3.412500
7.688280 614.292000 6.100500
7.704880 613.922400 5.218500
7.771270 565.538400 4.735500
7.820220 528.460800 15.246000
7.836590 540.153600 74.529000
7.853030 568.394400 79.737000
7.869720 570.948000 85.491000
7.885510 536.138400 113.998500
7.903980 558.398400 125.370000
7.918810 565.471200 43.302000
8.166030 539.364000 71.883000
8.182980 688.783200 9.303000
8.198180 575.450400 62.590500
8.214230 575.030400 50.137500
8.231640 583.380000 78.477000
8.247280 636.972000 17.724000
8.378850 719.443200 17.031000
8.395280 711.849600 28.969500
8.411830 712.252800 22.837500
8.429370 716.956800 4.756500
8.526440 921.160800 16.527000
8.608570 886.317600 8.967000
8.624730 888.316800 36.183000
8.641330 877.648800 52.300500
8.674270 859.269600 29.463000
8.690900 855.439200 28.255500
8.707690 854.700000 33.306000
8.723330 1015.392000 62.863500
8.739870 1017.794400 75.201000
8.756650 1019.457600 87.265500
8.772980 1040.961600 60.963000
8.789460 1057.879200 54.663000
8.806060 1059.139200 26.050500
8.823200 1042.843200 12.274500
8.839830 1054.536000 36.697500
8.857210 1054.519200 36.855000
8.874440 1077.434400 35.511000
8.889720 1090.656000 25.872000
8.920620 1046.925600 59.104500
8.938960 1134.504000 80.209500
8.954670 1130.959200 96.117000
8.970870 1110.480000 119.658000
8.989350 1104.028800 141.088500
9.004170 1102.852800 157.605000
9.020000 1120.005600 128.772000
9.038130 1109.404800 124.183500
9.053310 1108.934400 118.912500
9.069380 1110.160800 99.256500
9.087230 1135.747200 86.772000
9.102460 1137.830400 80.451000
9.117630 1165.483200 73.815000
9.134570 1126.742400 72.849000
9.150820 1126.305600 67.473000
9.167420 1130.908800 74.886000
9.184100 1158.964800 93.513000
9.200620 1157.150400 110.502000
9.216770 1132.756800 120.445500
9.234210 1144.432800 107.950500
9.251460 1146.146400 97.839000
9.267170 1118.376000 62.391000
9.283620 1147.020000 97.240500
9.300000 1148.935200 85.837500
9.316120 1171.212000 78.519000
9.331180 1177.848000 62.559000
9.347760 1177.965600 55.881000
9.364380 1172.976000 27.867000
9.380710 1136.788800 51.943500
9.397260 1135.142400 69.058500
9.413730 1034.409600 73.143000
9.429780 784.375200 80.251500
9.446660 784.543200 81.721500
9.462770 589.176000 58.821000
9.479230 611.923200 51.702000
9.495770 611.906400 45.328500
9.512250 597.340800 3.181500
9.561290 562.447200 5.722500
9.610890 557.877600 22.480500
9.627430 523.874400 56.427000
9.643620 526.377600 56.133000
9.660190 534.172800 28.339500
9.676860 538.204800 7.906500
9.725920 502.387200 58.600500
9.742680 513.156000 94.353000
9.758740 527.654400 93.796500
9.774930 521.220000 118.912500
9.807590 574.173600 99.351000
9.825580 543.429600 73.867500
9.840760 536.944800 50.242500
9.857010 541.917600 35.028000
9.874010 505.898400 21.724500
9.891450 509.107200 32.749500
9.907290 529.972800 50.536500
9.924700 557.524800 105.178500
9.940540 557.776800 110.512500
9.956910 536.272800 93.502500
9.973740 628.756800 58.306500
9.988560 628.740000 53.004000
10.004960 683.004000 92.515500
10.021670 699.132000 72.754500
10.037870 699.384000 74.256000
10.054610 698.846400 84.493500
10.072050 689.169600 90.352500
10.103870 690.597600 86.026500
10.120360 695.469600 99.372000
10.154460 673.612800 55.828500
10.169970 746.256000 95.602500
10.202420 891.324000 69.111000
10.219130 900.547200 82.162500
10.235110 901.269600 64.333500
10.251540 875.196000 40.813500
10.268390 901.252800 25.168500
10.284440 900.026400 18.931500
10.300670 869.467200 27.982500
10.316880 886.888800 44.709000
10.333330 887.258400 56.889000
10.350300 844.048800 71.641500
10.366960 953.803200 50.473500
10.382950 954.004800 38.640000
10.399670 1088.304000 48.426000
10.416610 1066.867200 38.661000
10.447980 1123.752000 51.870000
10.464860 1123.046400 48.982500
10.481190 1121.416800 60.438000
10.497450 1083.180000 63.787500
10.513920 1089.312000 75.547500
10.531620 1087.917600 87.150000
10.547350 1120.896000 82.687500
10.564470 1187.541600 79.800000
10.596880 1164.122400 88.987500
10.613310 1124.961600 94.216500
10.645220 1152.614400 95.413500
10.662120 1123.096800 110.586000
10.679140 1121.400000 115.332000
10.695420 1128.439200 96.337500
10.712170 1164.004800 118.219500
10.733660 1164.122400 123.564000
10.746730 890.988000 101.125500
10.761120 698.594400 97.776000
10.777970 698.577600 97.629000
10.793850 592.636800 105.262500
10.812100 565.471200 116.445000
10.828830 562.144800 104.044500
10.842960 549.091200 84.808500
10.859240 588.756000 39.259500
10.875630 586.152000 28.381500
10.891770 592.233600 40.456500
10.908580 561.691200 47.785500
10.925000 565.152000 65.761500
10.942660 573.820800 85.165500
10.962220 588.033600 91.045500
10.974460 587.412000 84.157500
10.990660 605.152800 71.442000
11.007160 530.342400 48.363000
11.023710 527.251200 37.285500
11.039900 565.252800 96.684000
11.056170 541.917600 64.638000
11.072950 545.798400 82.677000
11.089170 585.816000 139.188000
11.105650 538.960800 148.753500
11.123320 538.524000 147.294000
11.139680 620.272800 152.113500
11.157060 574.005600 114.786000
11.172900 573.753600 109.536000
11.187930 581.632800 94.783500
11.204350 573.266400 107.688000
11.220760 570.444000 96.978000
11.236820 584.505600 99.561000
11.253540 579.986400 97.209000
11.287960 531.484800 87.727500
11.303510 531.972000 126.451500
11.319370 535.096800 132.541500
11.335860 586.908000 114.282000
11.352200 671.210400 91.161000
11.368730 668.656800 85.102500
11.385540 623.431200 71.358000
11.401660 645.943200 98.952000
11.419590 648.480000 111.058500
11.434770 664.574400 132.100500
11.450880 647.337600 133.875000
11.483780 694.579200 149.509500
11.500550 707.128800 171.601500
11.516490 705.146400 160.230000
11.532780 638.282400 123.910500
11.550420 646.699200 65.446500
11.567120 644.229600 53.340000
11.582870 699.300000 64.050000
11.600220 731.438400 53.550000
11.617080 733.168800 65.530500
11.631500 745.113600 95.140500
11.647930 743.215200 130.242000
11.680740 761.040000 123.889500
11.697200 772.178400 131.376000
11.713240 772.749600 125.800500
11.729920 685.944000 129.664500
11.747010 733.404000 127.249500
11.763020 732.883200 132.688500
11.780090 867.988800 114.313500
11.796940 777.386400 127.785000
11.814580 777.403200 127.932000
11.829800 784.996800 108.727500
11.845440 821.268000 113.799000
11.877750 820.344000 118.608000
11.894350 822.225600 97.167000
11.909880 823.183200 108.969000
11.926590 836.724000 116.424000
11.943530 847.912800 130.935000
11.976750 950.644800 143.409000
11.993360 906.612000 138.747000
12.009610 905.486400 143.503500
12.025910 929.779200 194.439000
12.042140 939.607200 197.232000
12.058870 939.624000 195.888000
12.074840 949.552800 188.328000
12.092670 935.289600 166.687500
12.108810 936.280800 161.994000
12.125630 924.974400 153.331500
12.143020 919.598400 161.049000
12.158280 920.824800 157.122000
12.173610 972.720000 115.741500
12.190160 994.106400 106.995000
12.206540 993.081600 100.999500
12.222930 1006.857600 136.500000
12.239430 981.741600 157.353000
12.256440 981.724800 157.500000
12.272290 989.906400 174.625500
12.288670 953.702400 117.694500
12.305150 953.920800 106.491000
12.322340 594.535200 149.068500
12.339070 616.291200 137.025000
12.355350 618.962400 142.611000
12.374360 582.573600 155.221500
12.387280 566.596800 145.824000
12.404220 563.572800 140.175000
12.419910 572.812800 150.990000
12.436230 555.189600 106.848000
12.452970 555.223200 107.005500
12.469420 587.580000 130.179000
12.486080 534.794400 119.227500
12.518370 557.239200 141.813000
12.534930 542.942400 95.886000
12.551650 546.050400 101.955000
12.567540 537.633600 113.746500
12.584460 516.818400 166.918500
12.601100 513.592800 161.154000
12.616930 559.423200 137.277000
12.633820 516.600000 98.826000
12.650090 520.195200 110.785500
12.666310 535.130400 142.894500
12.684100 553.358400 174.478500
12.705490 556.399200 180.327000
12.715650 574.963200 145.897500
12.732540 547.243200 142.831500
12.748840 540.439200 119.584500
12.764940 556.281600 115.815000
12.781370 520.514400 85.921500
12.797640 520.917600 91.717500
12.814320 523.622400 146.863500
12.830640 532.996800 184.170000
12.847350 536.054400 189.924000
12.863570 649.420800 116.781000
12.879840 658.408800 88.620000
12.896640 653.654400 70.906500
12.913070 629.949600 90.069000
12.929090 645.338400 104.496000
12.945450 647.774400 110.302500
12.962230 661.567200 126.756000
12.978670 641.323200 90.289500
12.994950 638.635200 84.430500
13.011520 668.236800 131.628000
13.027790 696.612000 96.463500
13.044490 696.309600 94.710000
13.060580 631.915200 96.873000
13.077410 661.130400 110.071500
13.093730 661.416000 104.485500
13.109730 714.352800 116.403000
13.126240 752.572800 129.570000
13.142900 754.303200 142.117500
13.159380 770.599200 142.348500
13.175480 740.023200 145.446000
13.192400 739.620000 151.126500
13.208600 751.296000 110.155500
13.224950 770.061600 161.049000
13.241470 770.078400 161.196000
13.257930 765.441600 149.310000
13.274080 691.924800 150.034500
13.290990 689.824800 131.365500
13.307740 749.196000 59.146500
13.324840 709.296000 100.348500
13.343150 707.145600 94.605000
13.360990 716.637600 83.097000
13.372730 716.234400 147.630000
13.389270 720.165600 171.297000
13.405500 783.602400 156.366000
13.421890 797.832000 165.858000
13.438160 796.504800 153.184500
13.454570 801.007200 136.899000
13.471360 788.743200 98.059500
13.503940 750.624000 91.612500
13.520920 774.732000 135.933000
13.537370 778.092000 154.381500
13.553860 774.916800 167.947500
13.570370 769.053600 172.315500
13.586230 769.020000 172.168500
13.602780 751.329600 161.794500
13.619200 812.498400 127.575000
13.635960 811.507200 116.340000
13.652130 805.929600 121.989000
13.669970 818.613600 115.983000
13.685290 817.958400 121.306500
13.701390 760.922400 143.062500
13.717790 780.847200 157.489500
13.735570 781.552800 173.397000
13.751480 758.066400 153.972000
13.769090 770.414400 187.897500
13.785750 770.733600 181.818000
13.800430 795.580800 178.048500
13.816820 761.258400 181.261500
13.833150 760.569600 166.320000
13.849170 721.509600 122.766000
13.866150 719.006400 106.911000
13.883040 717.175200 95.529000
13.899700 698.779200 97.839000
13.915220 734.059200 75.747000
13.931850 732.765600 55.933500
13.948010 698.157600 40.876500
13.964390 679.106400 16.159500
13.980990 676.267200 9.376500
13.998260 693.067200 6.153000
14.013670 666.052800 79.884000
14.029630 673.075200 122.640000
14.046040 686.162400 149.100000
14.062810 693.420000 178.027500
14.078890 697.569600 200.256000
14.095580 784.946400 214.672500
14.113020 768.936000 201.715500
14.128540 768.096000 185.409000
14.144930 769.473600 156.775500
14.161680 731.152800 121.590000
14.178220 727.725600 98.994000
14.194400 756.134400 129.496500
14.210950 735.117600 93.838500
14.227430 733.236000 80.755500
14.243770 723.139200 60.679500
14.260190 778.864800 30.597000
14.278060 804.888000 46.473000
14.474810 772.548000 73.353000
14.491090 1416.038400 217.770000
14.507030 847.526400 171.738000
14.523880 849.072000 195.468000
14.539060 913.936800 214.221000
14.556660 962.942400 235.126500
14.589080 1003.380000 242.581500
14.606780 995.517600 236.764500
14.621960 997.533600 221.424000
14.638780 979.490400 176.757000
14.656250 976.298400 151.315500
14.670840 977.054400 129.937500
14.687180 994.627200 140.490000
14.703580 994.156800 143.335500
14.720090 992.661600 148.249500
14.736420 1019.827200 132.111000
14.754760 1034.376000 125.401500
14.772200 1034.308800 142.012500
14.788130 1008.487200 180.978000
14.804000 1003.884000 178.279500
14.820680 1002.456000 183.151500
14.837300 973.728000 171.045000
14.853360 1037.752800 188.685000
14.870150 1038.475200 194.439000
14.885540 964.656000 220.993500
14.900270 1040.592000 199.027500
14.916990 1042.507200 178.122000
14.933030 1022.817600 155.389500
14.950030 1012.250400 168.745500
14.966200 1010.755200 173.607000
14.983220 1009.948800 156.124500
14.998960 994.156800 177.880500
15.015500 994.408800 194.439000
15.031560 1013.090400 191.142000
15.047900 1005.295200 177.901500
15.064710 1006.605600 156.481500
15.081010 1043.968800 151.231500
15.097840 996.240000 138.421500
15.114200 995.517600 132.877500
15.130360 966.672000 134.935500
15.146990 1009.461600 167.548500
15.163540 1008.739200 178.153500
15.179750 1036.711200 176.316000
15.195920 1039.315200 171.318000
15.212370 1040.104800 176.956500
15.228840 1097.510400 186.396000
15.245570 1083.062400 182.658000
15.262040 1082.474400 176.841000
15.278150 1086.405600 184.737000
15.294680 1069.353600 174.793500
15.311450 1069.336800 174.930000
15.327620 1084.860000 188.601000
15.344250 1126.171200 214.462500
15.360570 1124.457600 224.490000
15.376450 1073.822400 230.506500
15.393480 1100.265600 220.720500
15.426210 1180.317600 226.527000
15.442540 1147.910400 201.075000
15.459010 1152.009600 186.123000
15.475490 1186.197600 192.927000
15.491970 1173.194400 181.660500
15.508120 1175.260800 171.528000
15.524640 1159.956000 122.167500
15.541020 1167.180000 190.617000
15.557310 1164.979200 195.132000
15.573940 1024.732800 178.017000
15.590230 709.884000 176.095500
15.607030 711.799200 186.931500
15.623030 554.719200 165.732000
15.639860 594.619200 194.250000
15.656110 597.324000 199.794000
15.672410 569.788800 221.613000
15.689120 583.716000 208.761000
15.705720 580.658400 197.830500
15.721660 588.067200 181.650000
15.738600 486.578400 160.986000
15.754490 483.285600 155.389500
15.771240 603.556800 166.467000
15.787640 578.961600 179.392500
15.804050 584.959200 201.274500
15.820190 549.292800 229.687500
15.836940 556.819200 263.875500
15.853150 556.617600 258.804000
15.869540 555.996000 228.081000
15.886310 546.789600 210.315000
15.902220 543.597600 204.697500
15.918760 557.088000 227.514000
15.935840 573.266400 262.521000
15.951710 579.549600 283.395000
15.968320 571.082400 267.382500
15.984710 562.060800 253.564500
16.001130 558.868800 247.495500
16.017300 563.102400 255.822000
16.033780 573.266400 237.027000
16.050510 575.988000 241.951500
16.066360 589.243200 263.308500
16.083080 568.545600 291.280500
16.099850 561.859200 270.018000
16.116320 649.370400 188.937000
16.132400 659.299200 182.826000
16.149060 656.997600 172.189500
16.165180 627.076800 203.374500
16.182050 620.071200 193.630500
16.198010 625.833600 216.846000
16.214690 681.962400 220.752000
16.231380 656.846400 261.103500
16.247680 656.947200 255.937500
16.263870 665.817600 226.705500
16.280500 649.958400 212.352000
16.297230 645.086400 196.360500
16.313250 672.856800 197.568000
16.329670 695.973600 174.804000
16.345980 697.989600 185.703000
16.362110 706.524000 227.955000
16.378520 667.749600 199.836000
16.395420 667.699200 204.256500
16.412750 716.906400 217.528500
16.429090 660.206400 232.396500
16.445790 664.658400 247.936500
16.462400 727.658400 224.962500
16.479020 678.115200 210.871500
16.495220 676.132800 201.169500
16.511340 701.988000 250.981500
16.530140 679.660800 224.196000
16.544600 677.560800 208.446000
16.559590 677.846400 227.367000
16.576630 678.585600 191.373000
16.592970 676.368000 185.713500
16.608890 712.706400 191.037000
16.625820 784.963200 198.240000
16.642140 785.584800 213.244500
16.658480 761.191200 250.855500
16.674960 753.748800 233.740500
16.691240 756.974400 248.965500
16.707530 747.734400 265.062000
16.724140 743.719200 271.225500
16.741270 741.804000 266.574000
16.757260 739.334400 262.143000
16.773570 745.802400 255.559500
16.789960 746.625600 244.828500
16.806580 660.324000 215.764500
16.823290 647.270400 212.845500
16.839130 642.516000 198.219000
16.856920 600.566400 176.116500
16.872310 622.473600 221.277000
16.888350 625.111200 231.850500
16.904890 624.556800 219.565500
16.921520 646.514400 216.531000
16.953900 662.894400 189.756000
16.970310 616.089600 187.992000
16.986540 615.955200 182.490000
17.003200 657.367200 209.191500
17.019590 656.258400 161.269500
17.035830 653.704800 155.746500
17.052550 667.968000 199.101000
17.068910 693.571200 218.368500
17.085220 695.604000 228.858000
17.101200 669.849600 226.642500
17.117610 703.852800 234.171000
17.150850 666.892800 221.697000
17.167510 683.004000 225.918000
17.200360 667.430400 241.048500
17.216380 680.618400 231.304500
17.232820 682.802400 241.689000
17.249480 679.560000 259.108500
17.266010 673.428000 242.224500
17.298660 694.982400 230.947500
17.315380 684.230400 201.033000
17.331920 682.466400 185.083500
17.347920 757.965600 208.120500
17.364360 744.945600 180.516000
17.381150 742.996800 175.119000
17.397280 739.586400 188.569500
17.413850 756.991200 193.452000
17.430220 758.486400 204.099000
17.446760 700.056000 212.037000
17.463300 749.196000 214.389000
17.480870 747.348000 202.177500
17.496890 756.117600 171.801000
17.516040 736.478400 181.797000
17.531170 738.091200 192.265500
17.545000 734.697600 222.201000
17.561780 719.829600 220.626000
17.578110 722.601600 227.829000
17.594310 739.653600 186.406500
17.611590 774.295200 225.561000
17.626920 770.851200 210.094500
17.643300 794.388000 199.920000
17.659810 822.141600 215.701500
17.676190 823.989600 236.271000
17.693280 809.995200 213.822000
17.710390 814.262400 256.452000
17.725780 815.304000 266.731500
17.742190 820.142400 250.803000
17.758610 810.717600 241.038000
17.775090 810.331200 225.309000
17.791350 818.832000 196.045500
17.807890 798.235200 190.785000
17.824300 795.026400 174.699000
17.841000 823.536000 164.062500
17.857560 805.778400 174.877500
17.873760 807.878400 196.297500
17.890110 795.312000 205.191000
17.906520 826.476000 230.097000
17.939290 875.884800 232.942500
17.955670 883.394400 238.707000
17.972030 884.116800 223.776000
17.988460 864.880800 218.085000
18.004780 883.310400 205.327500
18.021120 882.252000 210.063000
18.037660 917.632800 223.366500
18.054030 892.315200 233.047500
18.070530 892.617600 243.495000
18.086850 877.060800 264.526500
18.103440 900.597600 212.383500
18.119840 900.362400 201.946500
18.136110 885.208800 245.196000
18.153640 896.918400 213.433500
18.185650 869.887200 197.064000
18.202010 855.237600 202.576500
18.234650 869.282400 218.389500
18.251340 877.262400 219.691500
18.267900 878.169600 214.662000
18.284030 970.452000 192.118500
18.300580 966.453600 208.099500
18.317000 965.042400 212.803500
18.333390 919.581600 225.645000
18.349840 962.270400 238.612500
18.366200 961.968000 248.871000
18.382600 951.367200 241.510500
18.399090 932.215200 220.668000
18.431870 951.132000 193.504500
18.448330 940.968000 194.313000
18.481320 957.364800 197.200500
18.498540 952.526400 209.181000
18.514920 953.853600 204.267000
18.531160 966.235200 212.236500
18.547880 940.044000 182.395500
18.563920 938.750400 187.089000
18.580200 965.512800 224.049000
18.597060 975.374400 226.201500
18.613140 976.466400 231.798000
18.629530 1029.638400 223.860000
18.646410 1037.517600 215.113500
18.663540 1035.081600 213.675000
18.679410 1044.540000 235.242000
18.696180 1047.715200 269.724000
18.713360 1049.109600 279.447000
18.728960 1056.568800 234.990000
18.744900 1052.049600 206.472000
18.761410 1052.167200 192.087000
18.777500 1074.645600 217.413000
18.794080 1064.095200 258.342000
18.810550 1061.676000 278.145000
18.826890 1090.219200 261.376500
18.843520 1067.808000 275.677500
18.876830 1132.320000 242.140500
18.893170 1073.184000 269.650500
18.909790 1075.065600 264.946500
18.926390 1090.992000 246.855000
18.942610 1086.540000 256.084500
18.958190 1087.312800 240.775500
18.974720 1113.873600 226.558500
18.990810 1121.685600 216.762000
19.007220 1119.988800 226.852500
19.023850 1116.057600 250.456500
19.040180 1118.056800 252.483000
19.056590 1116.376800 262.447500
19.073390 1091.848800 281.830500
19.089650 1091.764800 283.542000
19.122180 1089.580800 271.939500
19.138990 1095.460800 268.138500
19.171300 1105.977600 285.642000
19.187580 1080.878400 274.690500
19.220670 1050.907200 270.973500
19.237170 1059.559200 252.756000
19.253520 1060.718400 242.644500
19.269960 1029.638400 214.777500
19.286270 1000.221600 220.311000
19.302730 1003.094400 193.347000
19.319460 1041.583200 186.406500
19.336040 1055.392800 121.453500
19.352070 1055.409600 121.317000
19.368360 1142.534400 181.954500
19.384870 1112.764800 236.460000
19.401350 1109.035200 252.346500
19.417590 1125.247200 203.847000
19.433910 1132.051200 222.127500
19.450450 1132.017600 222.264000
19.466800 1159.653600 247.474500
19.483510 1156.478400 230.821500
19.499730 1154.512800 240.639000
19.516170 1167.028800 280.875000
19.532750 1175.781600 267.582000
19.549100 1173.580800 277.336500
19.565460 1125.381600 285.295500
19.582280 996.928800 264.873000
19.614650 575.904000 236.355000
19.631290 607.639200 253.690500
19.647660 604.732800 243.022500
19.664030 555.979200 205.537500
19.680650 544.572000 215.502000
19.696960 544.252800 210.189000
19.713320 570.998400 232.428000
19.729900 595.812000 220.573500
19.746290 592.838400 214.956000
19.763000 559.960800 199.164000
19.779170 557.390400 174.520500
19.795900 557.424000 174.667500
19.811950 567.000000 193.693500
19.828740 547.512000 193.672500
19.861310 516.314400 206.661000
19.877580 523.404000 199.951500
19.893970 523.034400 194.659500
19.910510 517.423200 172.158000
19.927020 513.844800 161.007000
19.943240 510.249600 149.856000
19.959700 553.308000 124.351500
19.976180 593.292000 142.369500
19.992600 596.215200 158.581500
20.009050 599.340000 155.190000
20.025600 578.692800 192.003000
20.042250 584.875200 214.242000
20.058500 617.215200 234.192000
20.074910 570.880800 234.906000
20.091450 567.638400 224.017500
20.107710 590.805600 237.384000
20.124160 579.616800 247.128000
20.140780 579.213600 241.867500
20.156920 552.350400 232.743000
20.173370 552.720000 182.217000
20.190080 552.669600 182.070000
20.206050 572.359200 233.488500
20.222490 580.692000 215.302500
20.239500 578.239200 214.599000
20.255290 549.628800 239.095500
20.271790 561.540000 223.440000
20.288470 563.908800 222.852000
20.304720 564.715200 225.781500
20.321370 557.911200 209.338500
20.337600 552.249600 194.565000
20.354130 535.718400 187.246500
20.370500 537.717600 216.268500
20.386890 541.094400 226.989000
20.403310 576.828000 238.801500
20.420530 553.072800 183.141000
20.452850 593.376000 226.632000
20.469310 573.602400 244.744500
20.485440 573.417600 239.662500
20.501890 595.728000 189.042000
20.518310 601.204800 192.507000
20.534710 601.255200 197.610000
20.551070 627.782400 190.585500
20.567860 637.257600 224.899500
20.584080 642.398400 246.361500
20.600600 624.271200 247.464000
20.616940 625.027200 252.619500
20.649610 674.419200 255.108000
20.666260 676.216800 262.710000
20.682630 676.452000 257.565000
20.698970 632.301600 265.933500
20.715470 617.635200 233.551500
20.731840 614.947200 227.892000
20.748410 757.394400 252.672000
20.764920 748.608000 243.715500
20.781920 748.624800 243.852000
20.797780 750.506400 240.093000
20.813980 763.744800 246.466500
20.830460 762.804000 231.220500
20.846760 760.216800 184.443000
20.863270 791.918400 171.538500
20.879610 791.112000 176.484000
20.896680 794.404800 203.794500
20.912930 742.056000 205.075500
20.929200 744.156000 210.724500
20.945620 762.165600 214.735500
20.962200 768.280800 201.820500
20.978330 766.281600 196.203000
20.994690 806.769600 227.734500
21.011080 770.800800 261.639000
21.027500 773.572800 282.082500
21.044080 871.987200 266.826000
21.060410 881.496000 271.624500
21.077360 881.059200 261.460500
21.093580 833.044800 274.312500
21.110350 844.015200 253.669500
21.126620 842.536800 247.800000
21.142610 881.596800 268.558500
21.158890 853.003200 270.921000
21.175840 855.153600 285.516000
21.191860 880.236000 280.350000
21.208560 873.230400 281.211000
21.224950 872.793600 272.317500
21.241330 850.617600 262.153500
21.257810 873.230400 258.951000
21.274050 872.743200 248.923500
21.290310 963.950400 259.108500
21.308180 948.444000 246.739500
21.339610 944.277600 244.608000
21.356800 970.250400 231.577500
21.388960 939.640800 259.801500
21.405500 974.904000 268.296000
21.421740 975.928800 273.409500
21.438170 949.418400 252.063000
21.454970 975.391200 254.961000
21.471040 974.920800 238.077000
21.487380 995.450400 243.432000
21.504140 1055.157600 213.391500
21.520320 1054.065600 223.282500
21.536870 1043.851200 259.024500
21.553300 1067.354400 295.533000
21.569730 1064.649600 316.228500
21.586000 1040.138400 309.214500
21.602580 1074.696000 308.553000
21.635450 1033.200000 281.347500
21.651980 1070.496000 285.369000
21.684860 1036.408800 301.476000
21.701020 1115.167200 302.022000
21.717670 1114.948800 296.205000
21.733960 1125.768000 327.778500
21.750430 1104.835200 285.684000
21.767400 1105.171200 290.251500
21.783450 1135.747200 315.378000
21.799640 1145.844000 342.384000
21.816060 1145.592000 343.507500
21.832500 1123.936800 280.885500
21.849000 1121.652000 332.818500
21.881970 1110.698400 315.220500
21.898350 1169.145600 288.855000
21.914890 1173.648000 274.795500
21.931060 1123.315200 264.064500
21.947400 1114.226400 247.537500
21.964130 1113.789600 242.350500
21.980450 1138.956000 240.219000
21.996810 1169.464800 245.563500
22.013530 1165.180800 265.345500
22.029660 1159.166400 301.707000
22.046140 1179.309600 272.307000
22.062870 1181.577600 262.510500
22.078920 1177.646400 264.820500
22.096850 1191.708000 268.485000
22.112120 1194.009600 258.951000
22.128420 1152.732000 264.085500
22.144740 1170.691200 278.838000
22.161210 1168.591200 288.225000
22.177630 804.770400 269.997000
22.194180 602.196000 246.529500
22.226910 560.817600 232.197000
22.243300 566.126400 226.926000
22.276050 587.160000 254.194500
22.292480 587.680800 258.951000
22.309020 587.462400 253.701000
22.325560 603.876000 235.368000
22.341980 596.853600 195.972000
22.358490 591.108000 174.447000
22.374940 492.072000 178.678500
22.391220 516.079200 201.327000
22.407550 517.020000 211.249500
22.424710 530.846400 240.912000
22.440640 547.898400 263.424000
22.456800 557.088000 288.781500
22.473250 541.010400 303.366000
22.489810 547.260000 301.182000
22.506160 547.360800 297.318000
22.522490 531.081600 279.993000
22.539060 535.584000 270.301500
22.555330 532.291200 264.957000
22.571790 535.180800 260.725500
22.588580 520.968000 278.586000
22.604710 524.647200 289.096500
22.621370 588.672000 296.121000
22.638060 615.350400 281.956500
22.654050 612.544800 275.919000
22.670440 603.338400 308.574000
22.686870 639.088800 317.551500
22.703350 638.820000 312.196500
22.719670 593.073600 253.071000
22.736150 669.614400 268.075500
22.752720 669.883200 269.314500
22.769070 674.167200 270.217500
22.785420 613.972800 270.900000
22.818250 584.102400 286.030500
22.834630 677.628000 259.686000
22.867550 767.558400 307.849500
22.884000 776.714400 323.893500
22.900570 778.075200 333.585000
22.916810 808.668000 318.171000
22.933380 902.580000 328.681500
22.967620 999.751200 333.742500
22.982440 948.192000 338.016000
22.999040 949.771200 323.998500
23.015320 954.794400 291.784500
23.031780 965.664000 245.637000
23.048870 966.252000 225.939000
23.064900 1007.664000 236.313000
23.081420 995.366400 260.683500
23.097610 994.812000 270.102000
23.113950 973.358400 284.728500
23.130490 972.955200 290.010000
23.163160 966.420000 292.110000
23.179700 930.736800 301.728000
23.196260 929.426400 306.033000
23.212540 1098.552000 258.111000
23.228900 1054.485600 286.629000
23.245410 1055.157600 291.942000
23.261750 1015.660800 292.320000
23.279800 1118.577600 278.722500
23.297940 1118.107200 273.420000
23.313100 1043.498400 254.782500
23.328950 1110.379200 306.915000
23.345610 1108.732800 316.386000
23.361970 809.222400 317.320500
23.376950 560.666400 358.953000
23.393510 557.289600 345.072000
23.409850 596.433600 310.894500
23.426480 561.338400 294.798000
23.442870 558.516000 289.737000
23.458950 557.743200 309.624000
23.475630 549.998400 351.529500
23.491780 552.988800 356.286000
23.509000 579.415200 309.204000
23.526790 559.356000 322.801500
23.541630 559.305600 322.675500
23.558820 539.515200 344.190000
23.574520 548.032800 333.648000
23.590910 548.251200 338.163000
23.607410 563.388000 313.834500
23.623660 549.444000 299.691000
23.640520 549.477600 299.827500
23.656630 549.662400 348.138000
23.673140 530.896800 350.563500
23.689470 534.374400 360.013500
23.706180 581.767200 375.847500
23.722600 526.898400 401.320500
23.755130 528.427200 363.489000
23.771990 543.328800 361.704000
23.789350 542.925600 356.979000
23.805600 567.739200 358.396500
23.822340 537.818400 334.309500
23.838910 537.280800 328.587000
23.855970 522.060000 339.969000
23.870470 543.765600 339.979500
23.887040 536.877600 329.920500
23.903180 577.903200 348.043500
23.919710 533.652000 353.503500
23.936390 537.667200 364.507500
23.952990 551.275200 331.768500
23.969120 587.563200 358.690500
23.985290 590.536800 368.004000
24.001940 613.116000 389.581500
24.018630 593.611200 395.923500
24.034680 593.325600 391.450500
24.050980 648.782400 352.779000
24.070250 638.349600 327.631500
24.084290 633.192000 313.278000
24.100600 636.904800 355.698000
24.117140 611.587200 363.982500
24.133560 614.325600 373.222500
24.149920 644.112000 359.604000
24.166470 622.204800 368.896500
24.182570 624.876000 378.073500
24.198940 617.971200 358.795500
24.215770 655.183200 376.687500
24.231840 657.820800 381.549000
24.248490 626.942400 405.699000
24.264880 604.732800 381.034500
24.281050 599.088000 367.185000
24.297530 695.133600 359.383500
24.314130 687.204000 343.927500
24.330550 689.304000 353.356500
24.346510 700.761600 367.983000
24.363240 709.548000 353.703000
24.379460 711.513600 363.195000
24.398240 736.092000 392.941500
24.412630 716.284800 425.953500
24.445480 711.194400 410.413500
24.462310 713.092800 409.374000
24.494610 706.020000 441.325500
24.511060 682.802400 371.626500
24.544780 693.588000 404.911500
24.560390 677.124000 402.937500
24.576870 674.856000 393.781500
24.593030 660.475200 389.340000
24.610110 714.302400 370.209000
24.626390 712.420800 361.063500
24.642350 705.667200 361.200000
24.659130 759.528000 346.657500
24.691800 751.380000 375.175500
24.708480 750.136800 380.520000
24.741410 754.185600 335.202000
24.757770 776.143200 389.182500
24.774050 777.470400 398.023500
24.790560 776.916000 344.515500
24.806920 761.493600 390.484500
24.839490 759.175200 419.958000
24.856430 774.076800 365.683500
24.872760 772.716000 356.548500
24.889190 754.555200 420.514500
24.905790 767.323200 404.292000
24.938610 763.459200 344.505000
24.954730 780.780000 362.586000
24.987690 767.592000 364.612500
25.004300 774.110400 350.017500
25.020540 775.168800 340.179000
25.036590 751.934400 350.427000
25.054660 777.638400 354.427500
25.069780 774.765600 353.125500
25.086210 784.392000 333.364500
25.102740 839.714400 369.180000
25.119220 842.083200 397.698000
25.135350 799.176000 385.801500
25.152100 845.460000 400.123500
25.168200 844.720800 391.135500
25.184620 797.580000 407.284500
25.201520 823.401600 390.799500
25.233630 883.428000 390.253500
25.250270 865.183200 400.711500
25.266770 865.737600 409.594500
25.283340 887.140800 408.145500
25.299740 867.031200 415.222500
25.332660 894.852000 427.623000
25.349000 906.376800 420.399000
25.365360 907.267200 407.515500
25.381710 889.022400 366.985500
25.398090 865.216800 339.780000
25.414340 864.108000 321.520500
25.430730 895.456800 314.128500
25.447480 845.376000 320.008500
25.480270 950.040000 342.867000
25.496950 978.684000 319.053000
25.513790 976.936800 332.262000
25.530230 968.452800 349.177500
25.546280 974.534400 358.617000
25.562770 972.770400 371.395500
25.578750 982.447200 402.423000
25.595430 956.356800 403.252500
25.612140 959.095200 394.537500
25.628170 926.704800 386.263500
25.645070 1001.599200 355.824000
25.661350 1000.708800 352.170000
25.677660 1047.782400 376.404000
25.694150 1103.088000 397.729500
25.712650 1101.475200 406.392000
25.726610 1089.009600 396.879000
25.743120 1054.200000 368.172000
25.759860 1055.342400 359.331000
25.775970 1072.041600 385.822500
25.792480 1094.856000 392.448000
25.809110 1095.326400 396.868500
25.825180 1124.810400 399.630000
25.841920 1115.788800 370.744500
25.858430 1113.655200 374.650500
25.874740 1114.092000 424.966500
25.890950 1048.740000 417.469500
25.907700 1050.453600 413.710500
25.923600 1076.863200 432.568500
25.940600 1109.959200 382.473000
25.957120 1109.623200 377.842500
25.973360 1198.344000 382.315500
25.989810 1133.076000 396.973500
26.006440 1131.211200 405.604500
26.022520 1168.776000 392.857500
26.038760 1153.975200 402.937500
26.055660 1158.225600 390.558000
26.071840 1186.298400 393.477000
26.088300 1147.624800 362.040000
26.104970 1149.506400 353.430000
26.121310 688.783200 355.677000
26.138700 586.320000 332.293500
26.153920 589.310400 346.027500
26.170580 551.191200 367.804500
26.187240 602.078400 386.778000
26.203340 607.857600 405.216000
26.219700 609.218400 403.641000
26.236150 597.105600 392.185500
26.252810 594.115200 382.851000
26.268970 579.650400 408.607500
26.285400 521.052000 383.376000
26.301670 517.440000 374.157000
26.318120 536.373600 324.681000
26.334760 549.259200 327.505500
26.351140 552.081600 332.304000
26.367280 543.379200 336.745500
26.384200 560.716800 372.277500
26.400740 560.968800 376.771500
26.416720 557.676000 368.445000
26.433330 548.486400 377.265000
26.449460 548.536800 377.391000
26.467820 550.704000 389.655000
26.481860 557.776800 367.206000
26.514570 524.882400 368.067000
26.531250 513.374400 396.301500
26.548020 516.516000 401.089500
26.564350 591.007200 363.604500
26.582290 676.804800 415.285500
26.597530 672.067200 401.908500
26.613420 685.893600 367.101000
26.630340 706.423200 369.012000
26.646530 706.456800 369.138000
26.663070 634.972800 353.608500
26.679400 664.826400 363.216000
26.695560 667.212000 367.752000
26.712340 671.260800 387.072000
26.728740 690.060000 385.896000
26.745030 687.640800 381.339000
26.761600 660.559200 388.321500
26.777950 660.676800 373.327500
26.794300 660.710400 373.453500
26.810910 692.613600 333.427500
26.827160 703.113600 350.490000
26.859890 699.619200 357.556500
26.876570 695.805600 353.577000
26.893190 698.107200 358.365000
26.909010 706.221600 394.023000
26.925800 712.000800 414.592500
26.944270 711.177600 422.163000
26.960820 763.946400 471.891000
26.974790 772.396800 457.716000
26.991210 774.732000 457.296000
27.007510 668.640000 462.693000
27.024380 696.746400 417.448500
27.040890 692.512800 405.363000
27.057020 825.652800 408.313500
27.075760 811.759200 398.727000
27.092190 811.608000 397.372500
27.108580 798.100800 361.620000
27.123520 784.610400 367.468500
27.139110 781.939200 348.379500
27.155360 833.128800 322.927500
27.172060 819.369600 354.742500
27.188710 820.444800 364.906500
27.204860 806.248800 385.245000
27.221270 815.623200 343.150500
27.237780 816.765600 353.755500
27.254070 816.278400 376.897500
27.271040 768.667200 406.854000
27.289640 769.574400 419.307000
27.306150 661.248000 473.644500
27.320330 652.159200 474.442500
27.336490 657.400800 477.771000
27.352620 630.571200 430.153500
27.369510 653.637600 405.709500
27.385880 645.556800 388.101000
27.402820 592.737600 419.002500
27.418820 601.339200 441.136500
27.435010 604.699200 455.112000
27.451660 583.917600 473.602500
27.468110 530.224800 453.327000
27.484010 529.502400 448.518000
27.500350 578.877600 475.251000
27.516680 571.687200 433.261500
27.533510 572.241600 438.123000
27.550160 534.643200 464.835000
27.566270 570.360000 497.616000
27.582660 576.122400 509.890500
27.599110 576.324000 435.823500
27.615650 547.612800 461.433000
27.632140 541.027200 444.864000
27.648450 531.367200 433.639500
27.664930 521.606400 454.891500
27.681350 518.028000 446.334000
27.698010 622.188000 412.839000
27.714580 669.580800 402.213000
27.731350 671.832000 411.033000
27.746890 660.256800 420.283500
27.763310 651.352800 454.503000
27.780000 653.872800 458.850000
27.796140 710.556000 456.204000
27.812870 667.984800 448.129500
27.829530 665.632800 439.509000
27.845810 663.381600 401.551500
27.862200 655.989600 412.524000
27.878780 655.956000 416.745000
27.894810 681.643200 404.743500
27.911410 683.592000 423.454500
27.928150 685.944000 427.969500
27.944310 677.527200 426.363000
27.960910 693.840000 417.952500
27.977310 689.270400 404.575500
27.993530 554.114400 470.316000
28.009770 515.205600 457.695000
28.026730 514.852800 453.684000
28.042710 512.534400 457.443000
28.059390 505.377600 423.171000
28.075820 501.698400 414.477000
28.092010 508.401600 406.896000
28.109010 508.183200 435.592500
28.125110 512.635200 451.468500
28.141430 542.052000 521.472000
28.157820 545.563200 542.178000
28.174390 555.256800 561.676500
28.190600 635.174400 530.491500
28.207310 627.933600 477.771000
28.223460 622.776000 465.360000
28.240130 609.033600 478.999500
28.256590 624.842400 512.935500
28.272960 624.388800 508.536000
28.289340 570.326400 467.470500
28.305890 606.362400 459.984000
28.322110 603.859200 452.571000
28.338730 595.476000 457.548000
28.355040 562.783200 431.571000
28.388060 654.796800 448.234500
28.404540 716.923200 483.483000
28.436980 689.455200 469.969500
28.453550 683.121600 478.579500
28.486500 698.577600 461.317500
28.502690 700.509600 467.292000
28.535310 696.292800 458.619000
28.551880 710.119200 449.064000
28.570880 712.000800 457.422000
28.586900 722.635200 532.749000
28.603010 746.558400 510.237000
28.636280 710.085600 512.610000
28.652690 744.004800 542.923500
28.669130 742.392000 535.395000
28.685460 785.416800 462.273000
28.701950 802.233600 465.339000
28.718170 803.325600 473.434500
28.734730 843.225600 526.312500
28.751850 798.554400 481.351500
28.767140 800.637600 485.635500
28.784500 797.781600 529.452000
28.800610 786.307200 503.475000
28.817180 784.274400 499.369500
28.833630 832.977600 484.333500
28.850020 802.485600 480.595500
28.866380 802.502400 480.711000
28.882720 881.748000 473.266500
28.899490 908.493600 498.015000
28.931660 948.108000 479.871000
28.948200 939.086400 523.162500
28.965120 940.380000 527.121000
28.981340 865.116000 480.753000
28.997380 877.783200 482.653500
29.014080 875.784000 470.505000
29.031370 930.568800 477.120000
29.046660 922.286400 450.145500
29.079990 902.042400 440.664000
29.095700 909.955200 485.268000
29.113390 910.089600 493.090500
29.129290 926.604000 526.953000
29.145810 875.380800 551.932500
29.177950 899.236800 477.246000
29.195020 904.209600 468.069000
29.211840 903.789600 450.586500
29.228090 908.208000 479.283000
29.244630 892.214400 462.903000
29.277070 1022.565600 481.572000
29.293110 1041.684000 523.015500
29.310360 1043.347200 531.163500
29.325790 1018.416000 496.324500
29.342970 975.861600 450.397500
29.359620 976.752000 433.009500
29.374950 1048.840800 425.848500
29.392170 1023.859200 422.908500
29.408710 1021.137600 423.150000
29.424130 991.737600 417.259500
29.441930 1040.827200 456.267000
29.458360 1037.618400 480.984000
29.474040 1103.776800 482.485500
29.491470 1076.829600 504.136500
29.507480 1075.452000 511.875000
29.523530 1105.070400 495.925500
29.537870 1097.997600 521.409000
29.553990 1096.636800 528.013500
29.570390 1094.352000 527.530500
29.587220 1103.138400 532.276500
29.619830 1103.020800 518.416500
29.638170 1076.040000 488.124000
29.671130 1067.757600 523.582500
29.688260 1135.545600 530.302500
29.722470 1172.270400 534.460500
29.739110 1152.412800 506.898000
29.756440 1158.544800 488.743500
29.771930 1176.487200 516.022500
29.786620 1169.565600 434.196000
29.802580 1169.280000 429.723000
29.819440 1137.948000 472.416000
29.836670 1168.087200 506.551500
29.852460 1165.886400 514.153500
29.868300 939.036000 475.051500
29.884990 653.234400 480.375000
29.899980 650.798400 472.216500
29.915910 614.359200 428.379000
29.932560 610.159200 469.927500
29.965350 595.778400 458.493000
29.981570 585.446400 477.949500
30.014310 603.724800 483.997500
30.031010 596.500800 461.275500
30.063640 507.124800 483.661500
30.080610 546.184800 467.974500
30.113130 525.840000 450.282000
30.129730 502.017600 469.801500
30.162220 525.100800 501.228000
30.179140 510.165600 525.997500
30.195420 513.844800 533.788500
30.211730 540.120000 543.175500
30.228390 507.192000 519.036000
30.244660 507.612000 522.427500
30.260770 520.144800 530.901000
30.277570 542.992800 511.413000
30.293930 545.664000 515.014500
30.310790 553.173600 540.592500
30.326840 524.848800 498.823500
30.343200 525.285600 499.842000
30.359450 666.859200 494.539500
30.375920 705.364800 513.156000
30.392060 703.348800 505.113000
30.408750 669.278400 523.708500
30.424930 664.288800 497.395500
30.441010 661.970400 489.394500
30.457790 662.272800 466.179000
30.474110 676.720800 485.530500
30.490570 678.904800 493.563000
30.507280 685.389600 463.071000
30.523530 686.918400 478.380000
30.540300 689.085600 486.706500
30.556500 728.464800 498.981000
30.573290 881.210400 505.449000
30.589250 880.790400 497.500500
30.605580 908.443200 476.437500
30.622020 879.228000 494.476500
30.638840 878.808000 486.633000
30.655330 919.228800 498.907500
30.671600 946.360800 483.031500
30.687820 946.176000 490.833000
30.704380 1130.236800 490.192500
30.720960 1163.668800 518.395500
30.737520 1159.485600 528.979500
30.753690 1148.498400 546.619500
30.771260 1137.091200 506.404500
30.787720 1137.292800 510.111000
30.803890 1127.666400 556.269000
30.820740 1134.772800 526.155000
30.836910 1138.401600 511.822500
30.856610 1159.401600 476.920500
30.868820 1160.947200 501.196500
30.902400 1150.010400 492.796500
30.920650 1143.055200 485.362500
30.935550 1141.089600 493.206000
30.951830 1116.276000 537.117000
30.971270 1113.672000 513.166500
30.983930 1110.513600 522.921000
30.999880 1119.770400 569.761500
31.016720 905.032800 521.482500
31.035680 904.999200 520.495500
31.051440 638.047200 616.465500
31.066040 572.040000 541.023000
31.082470 569.200800 534.082500
31.098970 564.664800 552.856500
31.115620 556.248000 532.927500
31.131900 559.725600 541.096500
31.148280 579.885600 551.964000
31.165020 587.664000 523.603500
31.197620 588.924000 568.837500
31.214050 583.531200 539.983500
31.230740 580.288800 531.825000
31.248000 558.801600 591.664500
31.263460 556.348800 567.693000
31.279820 552.216000 553.213500
31.296260 573.988800 528.591000
31.312330 495.885600 527.362500
31.328860 493.080000 524.275500
31.344890 517.641600 558.988500
31.361740 565.773600 562.590000
31.378170 572.258400 577.657500
31.394410 599.172000 602.553000
31.410830 548.436000 568.323000
31.427430 544.622400 556.962000
31.443530 564.765600 557.371500
31.460190 546.789600 523.929000
31.476350 540.691200 515.539500
31.494160 553.560000 541.768500
31.515580 556.852800 585.406500
31.526170 563.035200 599.098500
31.542680 583.430400 587.769000
31.559280 590.100000 604.800000
31.576600 593.174400 612.013500
31.591900 587.210400 634.672500
31.610210 581.649600 631.291500
31.625120 584.892000 638.473500
31.640150 587.865600 639.954000
31.656600 557.440800 609.451500
31.673900 553.946400 601.975500
31.690200 603.456000 656.712000
31.706770 599.524800 577.720500
31.723790 596.517600 570.160500
31.739700 618.643200 594.426000
31.756360 606.933600 607.173000
31.772670 609.789600 611.383500
31.789030 637.123200 608.821500
31.805660 631.713600 607.246500
31.822740 632.049600 608.118000
31.842530 585.681600 616.413000
31.854890 610.495200 580.881000
31.887510 639.223200 597.093000
31.904360 633.259200 632.037000
31.920530 632.923200 631.176000
31.936540 618.307200 637.885500
31.953540 631.461600 597.261000
31.969770 628.756800 589.932000
31.986080 643.860000 580.020000
32.002330 645.338400 573.226500
32.019360 647.892000 580.702500
32.035340 640.231200 625.138500
32.052320 655.317600 607.446000
32.067950 660.172800 618.061500
32.084050 649.824000 613.420500
32.102080 736.864800 606.028500
32.118300 733.454400 592.137000
32.134780 785.836800 594.709500
32.151580 719.560800 583.674000
32.169080 719.191200 586.708500
32.183240 784.123200 576.450000
32.199630 738.511200 594.216000
32.217010 743.719200 611.835000
32.233760 810.516000 619.972500
32.250080 726.768000 586.593000
32.267350 721.526400 565.498500
32.282870 746.944800 572.145000
32.298360 743.383200 557.833500
32.314470 739.989600 547.123500
32.330980 771.187200 582.015000
32.347490 769.154400 574.791000
32.364290 773.488800 591.591000
32.380720 761.275200 604.737000
32.397090 749.481600 591.580500
32.413190 748.003200 585.018000
32.429840 787.651200 634.294500
32.446290 782.208000 603.739500
32.463380 779.822400 590.730000
32.479970 753.715200 568.344000
32.498090 697.132800 548.436000
32.511890 699.148800 555.870000
32.528140 679.509600 563.881500
32.545900 714.672000 622.944000
32.562580 716.587200 629.853000
32.578450 702.391200 605.136000
32.595400 724.500000 653.950500
32.612370 724.130400 656.638500
32.626980 664.053600 623.259000
32.643100 675.393600 602.899500
32.659440 677.426400 606.270000
32.675550 680.635200 575.211000
32.692090 673.360800 582.981000
32.709150 668.925600 568.911000
32.725080 650.193600 578.676000
32.741550 641.844000 550.389000
32.774140 804.249600 546.231000
32.790680 831.398400 617.662500
32.823580 838.706400 555.219000
32.839980 782.930400 581.878500
32.872820 805.778400 565.666500
32.889180 821.671200 557.476500
32.906650 822.595200 564.942000
32.923460 824.913600 590.824500
32.939240 803.107200 628.110000
32.972050 869.416800 560.605500
32.989090 918.909600 593.470500
33.005520 920.068800 596.211000
33.021760 931.408800 571.830000
33.039410 941.488800 567.630000
33.053760 940.296000 563.682000
33.070190 905.872800 528.370500
33.086730 918.909600 543.606000
33.103470 918.926400 544.708500
33.119670 925.243200 609.546000
33.136310 924.319200 636.657000
33.168900 879.816000 570.895500
33.185650 910.610400 599.833500
33.202240 910.476000 592.998000
33.217990 852.213600 564.637500
33.234570 864.074400 542.083500
33.251190 864.612000 549.454500
33.267380 881.916000 564.784500
33.283800 861.873600 596.589000
33.300400 861.537600 606.627000
33.316910 866.426400 618.198000
33.333300 881.378400 609.420000
33.349560 883.965600 609.094500
33.367570 940.548000 572.701500
33.382640 954.777600 599.770500
33.401320 955.500000 579.726000
33.417310 943.605600 571.105500
33.434220 926.251200 546.735000
33.450520 924.033600 552.888000
33.466260 926.083200 592.672500
33.483290 930.753600 593.008500
33.499500 931.677600 610.680000
33.515790 949.317600 588.714000
33.532360 919.850400 583.989000
33.548510 919.800000 577.605000
33.565570 948.511200 569.184000
33.581410 952.996800 573.279000
33.598130 953.248800 566.034000
33.614880 926.822400 562.768500
33.630480 1006.723200 573.121500
33.663960 1017.340800 583.852500
33.680590 1038.643200 619.909500
33.696640 1032.914400 642.579000
33.712570 1060.432800 622.387500
33.728590 1001.280000 655.882500
33.745220 1002.842400 662.004000
33.763200 1042.372800 653.247000
33.778520 1054.048800 640.458000
33.795490 1055.359200 626.839500
33.811540 1044.960000 664.702500
33.827680 1065.372000 638.914500
33.842510 1064.162400 644.941500
33.858930 1110.916800 658.465500
33.875080 1114.579200 646.107000
33.891860 1118.090400 637.560000
33.908160 1123.248000 652.165500
33.924550 1136.436000 648.574500
33.941090 1138.166400 642.873000
33.957200 1155.739200 627.133500
33.974110 1135.915200 622.345500
34.006550 1127.078400 594.657000
34.023060 1165.936800 621.054000
34.056020 1155.806400 544.614000
34.072650 1146.684000 595.066500
34.088790 1142.971200 603.897000
34.105030 1161.316800 596.631000
34.122060 1165.264800 618.156000
34.137920 1165.332000 621.421500
34.154710 1108.564800 623.521500
34.173110 856.648800 585.112500
34.187670 855.489600 572.250000
34.203870 552.988800 584.388000
34.220410 559.792800 617.001000
34.237410 556.432800 609.829500
34.253250 531.300000 551.901000
34.269670 538.389600 566.223000
34.302230 560.196000 557.760000
34.319080 555.105600 587.643000
34.335560 558.280800 591.517500
34.351820 574.240800 571.284000
34.368060 559.708800 564.711000
34.384660 559.574400 570.339000
34.400680 547.713600 586.257000
34.417590 577.936800 620.214000
34.434250 580.843200 626.755500
34.450360 541.632000 602.469000
34.466690 553.593600 615.226500
34.482830 550.569600 608.937000
34.499530 541.665600 625.222500
34.516160 546.991200 641.455500
34.532150 550.216800 645.634500
34.548660 522.144000 617.620500
34.565780 524.395200 639.964500
34.581590 521.102400 633.780000
34.598250 522.429600 596.043000
34.614790 540.120000 605.115000
34.631210 540.120000 605.115000
34.647450 553.627200 621.726000
34.664050 553.392000 626.713500
34.680070 549.964800 619.657500
34.696580 509.241600 635.733000
34.713000 510.669600 614.376000
34.745900 559.927200 641.928000
34.765150 638.265600 629.023500
34.780350 643.120800 641.949000
34.795030 647.656800 654.622500
34.811780 620.961600 656.733000
34.827960 618.088800 649.834500
34.843770 591.326400 580.713000
34.860860 612.813600 544.414500
34.877000 607.538400 530.124000
34.894300 662.272800 564.165000
34.910050 608.983200 591.349500
34.926350 611.486400 595.045500
34.942580 610.411200 569.992500
34.959460 584.656800 583.023000
34.975810 581.733600 582.519000
34.992050 591.679200 596.872500
35.008830 616.761600 602.280000
35.025010 619.214400 605.671500
35.041180 594.636000 612.906000
35.057910 545.613600 606.238500
35.074230 546.520800 610.060500
35.090620 552.669600 611.656500
35.107010 554.484000 668.598000
35.123340 560.952000 681.240000
35.139790 606.127200 649.939500
35.156540 614.191200 688.516500
35.172680 616.761600 694.281000
35.188950 584.052000 674.425500
35.205730 589.780800 706.629000
35.221820 589.344000 700.738500
35.238240 610.780800 622.240500
35.254710 597.508800 577.342500
35.271380 586.303200 553.003500
35.287640 607.202400 537.264000
35.304430 622.507200 547.995000
35.320660 625.195200 555.555000
35.337200 637.644000 578.518500
35.353590 648.547200 607.687500
35.369950 651.067200 614.806500
35.386220 641.978400 613.872000
35.402850 637.072800 628.687500
35.420150 634.418400 621.715500
35.435590 643.910400 591.832500
35.451610 651.134400 572.428500
35.468150 648.429600 568.165500
35.484970 644.666400 565.488000
35.501390 649.370400 577.458000
35.517720 651.571200 583.894500
35.534350 644.431200 614.292000
35.550640 637.711200 650.737500
35.566880 642.684000 660.523500
35.583450 734.294400 632.142000
35.599900 739.653600 614.775000
35.616350 738.108000 608.401500
35.632610 718.048800 604.075500
35.649310 721.929600 590.856000
35.665660 718.233600 580.681500
35.682170 717.948000 582.004500
35.700210 729.993600 566.233500
35.715440 731.539200 572.712000
35.731740 708.170400 580.555500
35.748610 724.903200 579.915000
35.780960 714.235200 631.323000
35.797960 745.180800 598.447500
35.814220 746.827200 605.608500
35.830180 862.663200 608.464500
35.846760 836.656800 614.649000
35.863020 838.336800 618.880500
35.879750 839.395200 678.457500
35.896100 819.588000 659.221500
35.912120 818.714400 653.383500
35.928450 813.960000 617.998500
35.944960 793.077600 610.081500
35.961470 792.388800 612.969000
35.977430 834.506400 613.567500
35.994090 809.844000 610.554000
36.010730 811.507200 613.903500
36.027050 831.448800 617.001000
36.043590 836.304000 620.340000
36.059490 834.741600 607.183500
36.076310 832.490400 597.513000
36.093220 836.942400 599.350500
36.109120 836.152800 592.431000
36.125350 819.974400 598.878000
36.142200 846.837600 606.396000
36.174910 989.805600 591.286500
36.191420 980.515200 593.659500
36.207660 980.028000 600.421500
36.224350 1012.552800 619.825500
36.240550 1014.266400 630.304500
36.257340 1015.140000 633.717000
36.273360 974.232000 639.996000
36.289750 1001.112000 612.055500
36.306260 999.532800 604.558500
36.322740 1007.227200 552.132000
36.339070 964.656000 543.270000
36.356220 965.260800 554.221500
36.371810 1074.511200 620.781000
36.388530 1069.000800 631.270500
36.404620 1066.010400 640.573500
36.421070 1072.394400 621.726000
36.438640 1060.113600 657.258000
36.455980 1057.778400 668.965500
36.471540 1049.529600 675.885000
36.488200 1061.743200 678.184500
36.520680 1061.541600 678.888000
36.541150 1054.200000 658.948500
36.569020 1137.948000 702.544500
36.585740 1159.166400 686.637000
36.603290 1161.451200 684.054000
36.619130 1139.359200 641.718000
36.636000 1137.040800 622.597500
36.653120 1138.838400 616.465500
36.668260 1110.732000 617.200500
36.685650 1105.725600 631.512000
36.701400 1107.220800 625.600500
36.717610 1096.300800 628.719000
36.734730 1116.813600 621.400500
36.751450 1118.376000 615.541500
36.766740 1123.315200 605.776500
36.783190 1112.731200 601.734000
36.815840 1112.848800 643.734000
36.832530 1165.936800 646.621500
36.866290 1150.648800 622.261500
36.881450 1206.290400 623.227500
36.913960 1207.214400 617.274000
36.930770 1211.750400 607.257000
36.963360 1202.157600 593.890500
36.979930 1135.041600 654.738000
36.998640 1133.344800 660.261000
37.014630 1105.658400 642.589500
37.031110 1130.992800 637.906500
37.063220 1074.343200 644.553000
37.080760 1106.784000 636.793500
37.096730 1108.262400 631.071000
37.113390 1087.531200 605.220000
37.130420 1090.454400 636.720000
37.162700 1121.904000 569.593500
37.178850 1118.325600 613.095000
37.211780 1093.629600 619.048500
37.228740 1213.346400 589.711500
37.242630 1216.017600 582.813000
37.259140 1188.415200 613.399500
37.275340 1194.127200 625.590000
37.308360 1222.317600 616.171500
37.324840 1198.411200 625.999500
37.341140 1195.908000 632.520000
37.357650 1193.640000 606.921000
37.374010 1192.212000 593.418000
37.390120 1194.664800 586.561500
37.407270 1010.469600 660.817500
37.423170 764.299200 577.657500
37.439960 765.559200 583.852500
37.456100 592.771200 632.268000
37.472820 612.208800 619.752000
37.489000 615.132000 626.944500
37.505600 609.940800 677.491500
37.522020 605.287200 656.428500
37.538590 602.918400 653.215500
37.554280 613.401600 659.757000
37.570880 596.820000 625.653000
37.587450 599.541600 631.963500
37.603870 593.594400 658.854000
37.623550 623.212800 660.145500
37.637560 623.095200 657.342000
37.654040 537.852000 649.162500
37.670790 528.931200 670.614000
37.687060 528.897600 670.530000
37.703110 520.766400 691.183500
37.720230 499.464000 675.664500
37.736190 495.448800 668.871000
37.752580 527.486400 652.543500
37.769420 506.772000 612.591000
37.785480 503.882400 609.504000
37.802110 546.218400 613.410000
37.818950 542.892000 612.108000
37.835400 549.141600 622.639500
37.852770 667.279200 680.547000
37.868120 669.732000 662.865000
37.883930 667.447200 659.788500
37.900280 623.548800 657.783000
37.916890 627.043200 660.355500
37.932970 629.428800 663.369000
37.949110 661.399200 624.508500
37.965740 650.210400 663.820500
37.981920 645.288000 654.160500
37.998250 647.522400 619.720500
38.014910 655.116000 605.241000
38.031420 654.813600 604.380000
38.047290 657.266400 589.743000
38.065290 639.072000 615.352500
38.080150 641.760000 619.479000
38.097090 630.739200 635.197500
38.113600 649.656000 614.533500
38.129810 647.421600 608.275500
38.146440 621.163200 609.199500
38.162730 635.796000 624.508500
38.195570 652.562400 669.301500
38.211780 726.482400 647.010000
38.228230 729.859200 659.442000
38.244980 766.113600 654.402000
38.261180 774.530400 659.389500
38.277820 773.959200 662.130000
38.294110 796.051200 676.431000
38.310680 783.316800 648.606000
38.326800 781.435200 644.406000
38.343220 806.920800 601.734000
38.360000 780.729600 622.555500
38.376170 782.224800 625.359000
38.393450 810.532800 646.663500
38.409100 820.612800 666.729000
38.425370 820.495200 658.780500
38.442000 773.841600 611.845500
38.458180 806.450400 612.339000
38.474960 805.509600 606.280500
38.490980 852.969600 665.101500
38.508260 857.858400 620.655000
38.525160 858.765600 617.431500
38.541120 866.880000 613.378500
38.557600 829.701600 574.350000
38.574080 827.954400 570.570000
38.590100 862.209600 633.685500
38.608380 840.621600 628.141500
38.623250 840.638400 646.705500
38.639270 833.330400 628.992000
38.655380 845.863200 665.742000
38.672680 848.467200 671.538000
38.688640 999.062400 670.120500
38.707350 1060.819200 667.054500
38.723980 1059.979200 664.692000
38.740680 1063.087200 662.676000
38.757160 1028.714400 715.480500
38.774120 1029.520800 718.378500
38.789780 1036.224000 655.368000
38.806140 1108.682400 677.470500
38.822950 1111.706400 666.498000
38.841660 1045.598400 654.171000
38.855640 1026.799200 682.647000
38.888470 1106.196000 699.762000
38.905290 1075.485600 643.650000
38.937910 1104.045600 682.279500
38.953840 1062.096000 692.611500
38.985860 1156.209600 671.422500
39.000290 1132.521600 674.551500
39.033460 1147.087200 642.148500
39.049480 1157.318400 653.856000
39.082630 1188.801600 681.019500
39.099200 1192.598400 635.785500
39.115400 1195.034400 632.856000
39.132060 1136.872800 644.049000
39.148270 1161.871200 637.591500
39.164930 1159.838400 639.712500
39.181410 865.872000 645.498000
39.197770 646.917600 658.297500
39.214250 649.521600 665.143500
39.230360 517.608000 636.447000
39.246900 504.621600 670.929000
39.263930 501.228000 665.101500
39.279560 516.398400 649.866000
39.295790 542.858400 626.986500
39.312300 538.893600 616.402500
39.328900 528.998400 661.972500
39.345600 522.513600 646.117500
39.362050 519.254400 642.705000
39.378100 531.098400 675.034500
39.394940 544.202400 713.380500
39.411060 554.517600 733.456500
39.427780 561.355200 733.981500
39.443980 588.537600 746.592000
39.460650 587.613600 740.344500
39.476700 563.875200 726.295500
39.493480 576.189600 699.940500
39.509870 567.772800 686.175000
39.526170 519.842400 695.415000
39.543080 543.076800 717.339000
39.559220 549.998400 729.477000
39.575180 547.596000 732.186000
39.592240 559.272000 723.135000
39.608380 555.508800 714.157500
39.624680 553.039200 725.539500
39.641430 552.316800 686.931000
39.657850 549.124800 683.623500
39.674120 550.939200 709.936500
39.690410 565.420800 702.303000
39.706710 574.879200 722.589000
39.723160 598.920000 734.695500
39.740010 582.136800 757.270500
39.756210 584.791200 760.011000
39.772380 590.822400 717.654000
39.789320 636.568800 751.957500
39.805400 629.328000 738.150000
39.821460 637.761600 722.568000
39.838300 600.348000 717.171000
39.854450 599.676000 713.958000
39.871110 639.895200 750.687000
39.887590 621.482400 737.425500
39.903760 624.187200 743.148000
39.921550 639.996000 696.034500
39.936390 611.520000 694.018500
39.969830 616.543200 709.968000
39.985950 613.200000 705.642000
40.002300 610.764000 700.350000
40.018720 699.804000 687.172500
40.035110 691.504800 720.163500
40.052050 691.303200 722.715000
40.068160 677.980800 745.710000
40.084460 679.492800 752.083500
40.101060 681.458400 757.092000
40.117420 746.592000 753.490500
40.134170 711.765600 733.110000
40.150590 715.730400 741.888000
40.166790 666.271200 770.112000
40.183060 663.616800 768.169500
40.199940 658.963200 759.748500
40.216050 722.500800 734.790000
40.232320 765.576000 750.498000
40.248860 765.962400 748.240500
40.265670 738.662400 767.875500
40.282000 759.998400 772.863000
40.298320 760.183200 773.535000
40.314770 795.547200 742.581000
40.331310 760.200000 734.727000
40.347370 759.662400 737.184000
40.363780 789.667200 764.032500
40.380420 746.508000 755.832000
40.396800 747.969600 760.914000
40.413380 773.203200 753.963000
40.429610 767.037600 760.315500
40.462420 749.666400 758.142000
40.478780 765.072000 758.614500
40.495380 766.332000 753.406500
40.511860 867.098400 725.193000
40.529040 871.281600 692.454000
40.544750 868.845600 677.785500
40.561170 825.837600 711.322500
40.577500 812.968800 703.300500
40.594160 812.145600 705.862500
40.610670 830.827200 713.275500
40.627330 810.314400 703.878000
40.643690 812.112000 706.650000
40.660110 849.693600 692.821500
40.676590 852.784800 716.016000
40.693890 851.944800 719.071500
40.709210 878.791200 724.762500
40.725480 899.623200 736.596000
40.742080 901.000800 745.174500
40.758560 929.056800 781.011000
40.775190 960.976800 758.352000
40.791490 963.110400 745.237500
40.807480 936.331200 719.418000
40.824450 909.182400 718.242000
40.840500 907.788000 715.186500
40.856920 904.999200 719.029500
40.873150 922.437600 732.144000
40.906140 920.035200 716.614500
40.923050 906.780000 732.175500
40.938980 907.838400 723.796500
40.955640 905.822400 695.803500
40.972210 947.906400 657.289500
40.988570 945.638400 656.785500
41.004750 1009.159200 737.614500
41.021100 1070.260800 730.275000
41.037860 1068.093600 744.030000
41.053820 1044.136800 764.064000
41.070210 1026.799200 783.079500
41.087170 1026.681600 783.720000
41.103560 1018.248000 743.925000
41.120010 1028.126400 794.797500
41.136030 1026.597600 796.876500
41.152540 985.269600 806.683500
41.169080 1002.355200 778.837500
41.185680 1001.683200 783.594000
41.202040 1005.732000 790.923000
41.218030 1017.156000 794.640000
41.235820 1018.802400 792.487500
41.251420 1011.511200 769.177500
41.267680 1021.860000 784.539000
41.284410 1022.683200 779.887500
41.300490 1006.084800 747.715500
41.317030 1046.052000 752.482500
41.333760 1044.472800 754.687500
41.349780 1121.601600 733.194000
41.366320 1129.094400 756.084000
41.382980 1131.261600 753.144000
41.399030 1123.852800 736.837500
41.415760 1114.209600 703.027500
41.432080 1113.789600 700.318500
41.448200 1116.360000 746.413500
41.464520 1121.215200 803.418000
41.481160 1117.888800 815.314500
41.497760 1127.380800 798.105000
41.514140 1125.163200 807.660000
41.530560 1126.876800 803.124000
41.547040 1154.899200 775.666500
41.563520 1083.348000 766.216500
41.580000 1084.641600 761.523000
41.596210 1020.146400 812.364000
41.612900 1033.788000 807.103500
41.645400 1061.659200 824.848500
41.663470 1042.440000 803.838000
41.695850 1042.423200 816.606000
41.712480 1022.095200 814.401000
41.745190 673.226400 823.483500
41.761860 568.780800 815.934000
41.778270 565.488000 810.747000
41.797590 569.520000 798.157500
41.810100 547.125600 822.045000
41.826130 544.034400 819.199500
41.842820 556.348800 817.519500
41.858990 582.892800 833.563500
41.875990 588.403200 838.446000
41.893330 574.896000 848.820000
41.909070 533.299200 815.157000
41.925060 533.954400 819.661500
41.941420 577.281600 826.035000
41.958210 577.701600 835.926000
41.974660 580.641600 840.525000
41.990680 618.996000 880.162500
42.007710 921.681600 870.124500
42.023640 922.975200 864.286500
42.040360 1154.445600 932.043000
42.056500 1133.126400 940.978500
42.073010 1135.226400 939.603000
42.089130 1159.821600 951.478500
42.105580 1178.402400 909.804000
42.122600 1178.469600 907.536000
42.137860 1187.088000 938.059500
42.154530 1175.832000 950.439000
42.170670 1173.446400 954.051000
42.187520 1148.851200 930.919500
42.204210 1195.857600 909.205500
42.237410 1146.213600 931.371000
42.254230 1185.004800 941.157000
