0.000000 706.440000 189.241500
0.016360 682.752000 258.006000
0.032710 697.284000 264.180000
0.049070 697.888800 270.574500
0.066410 685.188000 285.621000
0.085940 693.386400 298.494000
0.118900 677.661600 297.528000
0.132570 687.321600 291.259500
0.149170 686.196000 281.704500
0.165040 695.318400 288.949500
0.181640 687.590400 253.638000
0.198240 687.691200 253.365000
0.213380 707.196000 285.789000
0.229740 698.006400 306.610500
0.246090 698.426400 312.375000
0.262450 680.148000 271.908000
0.278810 685.104000 268.485000
0.295170 683.172000 250.215000
0.311280 669.832800 263.634000
0.329100 671.882400 266.647500
0.344480 673.125600 275.856000
0.361330 634.569600 234.276000
0.379880 644.884800 200.791500
0.396730 647.589600 220.500000
0.412840 636.669600 276.286500
0.429200 646.312800 260.221500
0.446530 647.152800 266.206500
0.462160 634.485600 254.856000
0.476320 637.980000 289.758000
0.495360 636.451200 280.633500
0.509280 647.791200 254.667000
0.525880 659.366400 253.669500
0.542480 658.274400 244.608000
0.558590 637.963200 220.983000
0.575440 567.655200 253.879500
0.591550 570.343200 266.353500
0.607420 539.498400 294.850500
0.624760 572.678400 313.782000
0.640870 573.955200 319.483500
0.660160 538.574400 317.719500
0.674800 560.884800 306.673500
0.707520 586.017600 297.045000
0.726070 540.825600 292.866000
0.740480 540.204000 289.957500
0.755130 528.662400 266.311500
0.771480 529.351200 285.379500
0.788330 530.056800 288.435000
0.804930 520.968000 286.524000
0.821040 533.601600 288.886500
0.837890 532.056000 282.891000
0.853760 528.981600 268.852500
0.870850 522.379200 245.395500
0.887210 519.120000 232.617000
0.903080 493.668000 145.236000
0.919680 494.457600 116.655000
0.936520 492.626400 109.263000
0.952640 500.875200 105.115500
0.969240 506.755200 127.564500
1.001950 512.954400 94.657500
1.018310 504.924000 106.239000
1.035160 507.578400 117.064500
1.051270 507.292800 122.083500
1.067630 493.886400 138.159000
1.086430 496.540800 148.963500
1.102540 510.904800 158.098500
1.119380 514.852800 145.918500
1.133540 511.492800 131.754000
1.151120 570.460800 124.005000
1.166260 559.389600 135.145500
1.198970 555.693600 129.171000
1.215580 573.266400 143.797500
1.232180 573.854400 147.378000
1.248290 578.188800 140.763000
1.264650 577.819200 137.371500
1.281490 576.475200 130.105500
1.297850 580.356000 147.703500
1.314450 619.231200 151.000500
1.330810 618.861600 147.619500
1.346680 606.832800 165.837000
1.363530 609.453600 154.203000
1.379880 607.924800 146.769000
1.396240 613.032000 152.050500
1.412350 621.062400 128.572500
1.429200 620.642400 124.729500
1.445310 611.923200 159.201000
1.462160 604.548000 167.317500
1.478270 605.824800 174.919500
1.494630 611.066400 144.459000
1.511230 580.524000 138.547500
1.528080 579.247200 131.533500
1.544190 593.426400 158.172000
1.560550 599.978400 166.120500
1.576900 599.121600 162.183000
1.593020 601.675200 133.801500
1.609860 586.504800 143.283000
1.626460 585.160800 135.691500
1.642820 578.726400 89.260500
1.659180 592.620000 97.377000
1.691890 683.306400 108.853500
1.708010 666.842400 113.515500
1.724610 667.447200 117.442500
1.740970 685.960800 127.039500
1.757810 665.280000 122.577000
1.774410 665.280000 122.587500
1.790040 683.373600 104.748000
1.809080 681.744000 138.684000
1.839840 689.976000 133.602000
1.856450 691.740000 132.646500
1.872800 692.412000 140.301000
1.889160 830.642400 155.368500
1.905520 815.085600 176.652000
1.925050 815.220000 169.333500
1.939450 845.023200 113.589000
1.956050 874.339200 101.272500
1.988530 922.437600 128.803500
2.005370 915.247200 144.112500
2.022460 914.474400 151.515000
2.036870 919.850400 161.511000
2.053470 930.552000 180.400500
2.070070 929.745600 186.879000
2.086180 921.043200 167.202000
2.103030 905.856000 182.364000
2.135250 967.428000 218.200500
2.152340 964.622400 200.413500
2.168460 966.000000 190.449000
2.184810 959.145600 203.437500
2.201660 971.896800 160.734000
2.218750 973.056000 153.541500
2.235350 957.734400 165.112500
2.252690 968.671200 126.861000
2.283450 816.916800 146.611500
2.300540 646.044000 203.007000
2.317870 646.699200 206.671500
2.333500 501.547200 196.980000
2.351560 508.334400 194.218500
2.365970 509.140800 197.830500
2.382080 511.492800 190.575000
2.398680 518.834400 179.025000
2.415040 518.061600 175.465500
2.431640 514.819200 198.345000
2.448240 503.109600 168.042000
2.464840 503.899200 171.748500
2.480710 501.513600 175.360500
2.497310 523.622400 187.057500
2.513920 524.412000 190.123500
2.529790 513.811200 170.058000
2.546880 526.075200 203.910000
2.562990 525.067200 200.182500
2.579350 502.320000 185.451000
2.596190 474.919200 135.408000
2.612300 474.936000 135.082500
2.628420 494.205600 144.280500
2.645260 526.192800 196.402500
2.661620 529.519200 211.008000
2.677730 522.614400 251.370000
2.694580 522.496800 224.164500
2.711180 518.481600 207.553500
2.727050 527.184000 216.331500
2.743650 529.351200 238.444500
2.760500 533.584800 255.013500
2.776370 517.305600 254.940000
2.794920 536.860800 264.022500
2.809330 539.263200 273.472500
2.825440 536.071200 244.408500
2.842040 536.340000 257.208000
2.858400 536.188800 256.651500
2.874760 571.771200 264.201000
2.891850 626.371200 268.894500
2.909180 626.858400 272.328000
2.924070 600.936000 242.025000
2.940920 633.460800 282.618000
2.959230 632.536800 276.790500
2.976070 605.102400 252.063000
2.992920 610.999200 220.489500
3.006840 608.496000 206.734500
3.022460 589.478400 217.875000
3.039310 594.972000 198.103500
3.056150 594.518400 194.439000
3.072020 618.189600 217.696500
3.088620 596.551200 221.508000
3.105470 600.516000 241.468500
3.121340 621.398400 249.711000
3.138180 632.284800 268.737000
3.154300 634.233600 281.190000
3.170900 627.076800 311.955000
3.187260 617.030400 295.155000
3.203860 615.888000 288.718500
3.219970 638.030400 296.908500
3.237060 637.509600 279.090000
3.253170 636.921600 276.150000
3.269040 667.934400 267.645000
3.286130 662.541600 293.685000
3.302250 663.112800 297.097500
3.318360 664.641600 294.147000
3.335450 671.160000 284.938500
3.351560 670.622400 281.505000
3.367680 683.256000 261.828000
3.384280 677.712000 271.771500
3.401120 676.334400 259.633500
3.417720 716.368800 268.695000
3.435550 722.685600 222.190500
3.454350 724.180800 242.949000
3.467040 726.213600 287.500500
3.483640 721.509600 304.983000
3.500490 722.467200 320.145000
3.516360 710.707200 319.935000
3.533200 712.908000 289.915500
3.550050 712.000800 278.607000
3.568120 727.188000 304.542000
3.582280 730.514400 271.204500
3.599120 730.027200 261.754500
3.615230 759.763200 227.367000
3.631590 791.565600 252.084000
3.648440 791.548800 245.679000
3.664550 769.540800 218.389500
3.680910 785.198400 252.693000
3.696290 785.332800 270.259500
3.712890 787.264800 286.492500
3.729250 780.679200 309.456000
3.745610 780.931200 326.959500
3.762210 782.292000 336.514500
3.778320 806.114400 304.605000
3.794920 806.316000 286.734000
3.811280 816.110400 306.232500
3.828130 793.783200 275.047500
3.860600 814.178400 255.843000
3.876950 804.669600 250.593000
3.893800 804.518400 247.632000
3.909420 824.880000 257.344500
3.926030 806.584800 245.605500
3.942870 806.652000 239.767500
3.959720 826.476000 228.921000
3.976560 824.359200 221.140500
4.008540 839.428800 225.949500
4.024410 829.096800 205.789500
4.041260 828.693600 218.274000
4.058350 828.525600 243.064500
4.075200 848.316000 263.340000
4.092040 847.660800 275.562000
4.111330 814.564800 304.815000
4.124510 682.701600 280.014000
4.156010 561.019200 307.618500
4.172850 551.140800 312.322500
4.189210 549.712800 306.568500
4.205570 564.211200 310.327500
4.221920 536.558400 334.876500
4.238280 534.273600 325.993500
4.254880 556.180800 310.957500
4.271480 569.587200 296.362500
4.288820 570.108000 299.218500
4.304930 550.116000 296.509500
4.322270 550.149600 301.801500
4.338130 550.284000 302.326500
4.353030 548.016000 301.140000
4.369630 544.840800 320.376000
4.386470 543.278400 314.212500
4.402590 548.200800 293.653500
4.419190 548.738400 245.437500
4.451900 557.474400 293.674500
4.468260 557.877600 279.583500
4.501710 637.392000 308.731500
4.517580 656.056800 287.059500
4.536130 655.200000 280.864500
4.552000 659.248800 303.229500
4.567630 668.522400 284.539500
4.583980 668.976000 287.416500
4.599850 662.340000 307.408500
4.616700 658.240800 311.808000
4.633060 659.282400 320.691000
4.649410 663.516000 313.981500
4.666260 650.395200 301.822500
4.682620 650.462400 302.347500
4.698490 653.217600 295.260000
4.715090 654.662400 271.509000
4.731930 653.788800 265.093500
4.748050 662.020800 293.800500
4.767580 637.929600 285.306000
4.781010 636.972000 279.090000
4.797360 653.637600 260.956500
4.813960 650.025600 289.254000
4.846190 716.217600 276.622500
4.863530 679.946400 292.320000
4.879880 680.652000 298.431000
4.895750 713.378400 294.955500
4.912350 690.194400 283.437000
4.944820 687.338400 314.685000
4.961430 710.371200 298.704000
4.979250 709.850400 292.614000
4.994380 696.343200 290.461500
5.010500 703.869600 303.754500
5.026860 704.407200 309.781500
5.043210 726.667200 325.657500
5.059810 742.140000 315.535500
5.075930 742.744800 327.033000
5.092290 723.945600 331.401000
5.108890 749.817600 346.185000
5.125490 750.069600 351.592500
5.141850 725.054400 334.005000
5.158450 741.468000 352.579500
5.191160 731.589600 367.195500
5.207280 729.187200 361.315500
5.240230 738.309600 366.145500
5.256840 707.414400 376.341000
5.289550 782.023200 365.358000
5.309570 779.301600 368.896500
5.323490 778.898400 354.816000
5.340090 779.251200 340.725000
5.356200 791.700000 341.260500
5.372800 791.128800 317.751000
5.389160 784.089600 263.875500
5.405760 783.165600 283.668000
5.422850 783.098400 275.919000
5.437500 806.618400 262.458000
5.453860 807.189600 253.102500
5.470700 807.324000 262.678500
5.486570 802.569600 256.662000
5.503660 875.632800 254.488500
5.520020 875.481600 259.318500
5.536130 944.479200 287.994000
5.552490 929.829600 278.418000
5.569090 930.283200 271.981500
5.585210 926.755200 276.549000
5.602290 944.244000 252.084000
5.618410 945.940800 242.067000
5.634520 958.675200 251.013000
5.651610 940.514400 256.840500
5.667970 939.472800 264.001500
5.684080 940.094400 268.159500
5.700680 934.466400 259.990500
5.733400 941.976000 269.461500
5.750000 935.810400 280.098000
5.782470 939.120000 240.481500
5.799070 930.367200 255.843000
5.831790 921.379200 266.416500
5.848880 947.234400 271.257000
5.864500 946.932000 274.554000
5.880860 928.200000 258.457500
5.897950 935.239200 272.433000
5.914060 934.600800 275.635500
5.930420 935.508000 292.299000
5.947020 930.636000 298.651500
5.964840 931.828800 288.708000
5.979740 923.378400 248.314500
5.996090 948.679200 262.185000
6.012450 948.360000 267.855000
6.028560 680.836800 291.217500
6.045650 516.919200 311.503500
6.062260 522.463200 331.306500
6.078130 494.592000 335.391000
6.095210 485.990400 365.179500
6.111570 482.916000 356.149500
6.127690 492.660000 342.993000
6.144040 520.900800 316.386000
6.160400 517.490400 304.038000
6.176510 499.984800 306.379500
6.193360 481.824000 311.587500
6.226320 497.128800 308.290500
6.242680 464.654400 305.140500
6.275390 466.200000 289.716000
6.292970 493.466400 311.083500
6.308590 496.339200 320.082000
6.324950 493.819200 325.143000
6.341310 499.632000 355.509000
6.357670 504.369600 369.505500
6.374020 493.987200 372.141000
6.390630 512.232000 375.343500
6.406740 514.315200 383.323500
6.423830 527.839200 411.558000
6.439700 533.433600 424.420500
6.456300 527.116800 403.273500
6.472410 512.181600 384.405000
6.489260 497.649600 350.343000
6.505620 496.910400 347.508000
6.521480 496.238400 377.422500
6.538570 494.844000 382.095000
6.554690 499.396800 396.658500
6.571290 534.156000 409.899000
6.587650 522.160800 401.835000
6.604250 520.480800 396.270000
6.620360 515.793600 387.838500
6.636960 553.828800 380.247000
6.653080 554.702400 383.071500
6.669680 590.200800 391.639500
6.686520 574.996800 383.733000
6.702640 577.718400 395.062500
6.718750 575.282400 408.964500
6.735350 603.590400 417.952500
6.752200 601.608000 409.762500
6.768310 589.948800 377.947500
6.785890 580.876800 339.559500
6.802980 579.062400 330.802500
6.818600 596.668800 369.348000
6.835940 600.163200 362.848500
6.852540 600.566400 365.652000
6.866460 645.976800 363.856500
6.883540 668.623200 346.699500
6.899660 669.866400 354.679500
6.915770 663.129600 392.133000
6.932620 660.172800 395.997000
6.951170 659.820000 395.829000
6.965330 653.486400 349.849500
6.981930 659.618400 320.365500
6.999760 658.274400 308.899500
7.015630 656.275200 346.164000
7.032230 663.700800 324.544500
7.048830 666.187200 342.982500
7.067140 741.098400 392.280000
7.080570 755.042400 394.065000
7.096440 755.260800 399.105000
7.113280 741.300000 427.455000
7.129880 736.545600 380.089500
7.146480 735.403200 364.969500
7.162600 728.868000 368.718000
7.180660 751.245600 341.974500
7.196530 750.792000 328.471500
7.212890 767.088000 344.295000
7.229250 751.430400 345.450000
7.245850 751.867200 360.160500
7.262210 876.120000 364.738500
7.279300 868.946400 382.788000
7.294920 868.912800 385.560000
7.311520 886.653600 388.048500
7.328130 869.282400 405.100500
7.344730 869.265600 402.454500
7.361330 870.357600 367.846500
7.377200 883.545600 372.109500
7.395020 884.620800 361.189500
7.409180 856.699200 352.474500
7.425290 898.312800 345.964500
7.441890 897.859200 348.348000
7.458010 864.208800 354.438000
7.474610 880.269600 354.018000
7.491700 879.799200 361.452000
7.507570 894.986400 348.432000
7.524410 873.952800 382.410000
7.540770 873.902400 383.019000
7.556640 965.143200 367.983000
7.573490 957.566400 361.578000
7.590090 959.716800 348.148500
7.606200 957.717600 342.804000
7.625000 975.189600 346.668000
7.638920 976.382400 340.693500
7.655270 953.551200 323.242500
7.672360 971.409600 302.904000
7.689210 970.804800 308.973000
7.705080 970.300800 329.080500
7.721190 949.586400 327.043500
7.738040 947.620800 338.971500
7.753910 986.176800 358.690500
7.773440 958.574400 359.572500
7.805660 975.811200 387.891000
7.820070 948.880800 350.185500
7.836430 947.940000 355.771500
7.852780 970.200000 386.106000
7.869140 966.504000 378.147000
7.885500 965.428800 383.670000
7.902100 979.406400 378.619500
7.918210 941.136000 373.254000
7.934810 941.404800 370.324500
7.951170 651.772800 394.852500
7.969970 555.475200 405.625500
7.984380 553.980000 400.071000
8.000490 546.285600 391.251000
8.017090 548.167200 395.514000
8.033940 546.655200 389.980500
8.049800 529.435200 353.923500
8.066410 533.332800 371.469000
8.082520 534.172800 374.293500
8.098630 549.292800 387.145500
8.115480 533.164800 381.255000
8.131590 536.424000 392.658000
8.147950 534.660000 379.459500
8.164550 559.624800 407.547000
8.197270 550.099200 426.478500
8.213620 549.292800 379.627500
8.230470 548.385600 376.666500
8.246340 556.449600 393.613500
8.263180 549.192000 367.164000
8.279540 547.024800 358.501500
8.295900 516.398400 351.613500
8.312500 529.183200 357.577500
8.328860 527.301600 351.298500
8.344970 494.928000 323.253000
8.361820 519.590400 315.052500
8.378660 518.011200 308.931000
8.395260 532.274400 338.205000
8.411380 507.108000 352.653000
8.428710 510.770400 364.770000
8.444580 533.736000 358.900500
8.461670 513.744000 356.821500
8.494380 528.628800 374.251500
8.510990 513.038400 370.177500
8.527100 514.752000 375.889500
8.543210 507.057600 378.850500
8.560060 541.027200 394.317000
8.592770 632.570400 385.455000
8.608150 632.335200 384.772500
8.624760 631.663200 381.948000
8.640870 638.988000 392.710500
8.657470 617.887200 362.964000
8.674320 617.433600 360.181500
8.690190 649.017600 366.544500
8.706790 626.959200 373.222500
8.722900 628.000800 378.882000
8.739500 620.222400 407.935500
8.756350 612.208800 403.263000
8.788330 636.619200 382.399500
8.805910 643.876800 378.126000
8.821780 643.288800 375.196500
8.837890 610.696800 356.937000
8.854740 617.181600 367.132500
8.871090 617.887200 370.041000
8.887210 628.538400 395.062500
8.904050 625.296000 391.104000
8.920410 625.312800 391.146000
8.937010 628.000800 375.123000
8.953370 628.521600 374.713500
8.986080 632.704800 406.360500
9.002690 634.888800 389.907000
9.034670 619.886400 365.473500
9.051030 633.175200 395.965500
9.067870 632.536800 393.214500
9.084720 626.791200 410.907000
9.101070 614.224800 364.339500
9.117430 613.116000 358.585500
9.133540 604.682400 355.645500
9.150390 612.511200 368.329500
9.166260 613.200000 371.143500
9.182620 603.405600 353.556000
9.199460 603.036000 386.431500
9.216310 603.472800 389.130000
9.232420 607.202400 385.129500
9.248540 614.191200 366.996000
9.265380 611.990400 355.708500
9.282470 622.994400 324.712500
9.298100 660.811200 389.907000
9.331050 651.554400 376.950000
9.347170 659.752800 365.032500
9.363770 660.559200 370.555500
9.379880 643.843200 359.152500
9.396480 677.124000 385.822500
9.429440 668.354400 379.302000
9.447270 657.904800 364.119000
9.463870 656.745600 355.215000
9.480220 702.760800 394.569000
9.496580 707.834400 350.689500
9.513180 707.968800 353.430000
9.529050 724.113600 341.176500
9.546140 715.948800 365.946000
9.562260 716.839200 374.776500
9.578370 720.064800 369.547500
9.593990 716.906400 374.325000
9.610350 716.721600 373.999500
9.626710 721.879200 369.568500
9.643550 725.491200 336.021000
9.659910 724.617600 324.030000
9.676030 706.860000 321.625500
9.692630 697.720800 320.554500
9.708980 698.728800 329.542500
9.725340 827.736000 359.089500
9.741940 830.289600 371.595000
9.758300 829.785600 379.512000
9.774410 811.960800 388.951500
9.792970 816.950400 364.665000
9.807620 817.219200 361.651500
9.823970 835.077600 345.775500
9.840580 839.042400 346.720500
9.856930 839.260800 342.247500
9.873290 833.162400 365.043000
9.889650 834.405600 359.803500
9.922360 823.452000 358.396500
9.938960 819.756000 340.599000
9.955320 819.487200 351.445500
9.971920 843.158400 385.539000
9.988530 899.220000 379.837500
10.004640 899.724000 377.139000
10.021240 901.000800 352.821000
10.037350 873.213600 354.301500
10.054200 873.280800 351.949500
10.070310 893.944800 373.254000
10.086910 886.065600 355.225500
10.119380 888.619200 394.296000
10.136230 914.911200 352.023000
10.152590 915.650400 346.426500
10.168460 895.876800 353.136000
10.185300 953.685600 349.702500
10.201660 954.324000 347.004000
10.217770 948.124800 343.360500
10.233890 949.737600 363.226500
10.250490 950.124000 359.824500
10.267580 931.392000 336.304500
10.283450 941.287200 321.615000
10.299800 942.144000 316.018500
10.316160 958.423200 315.913500
10.333010 954.004800 342.258000
10.349370 952.694400 351.162000
10.365230 957.600000 355.456500
10.383060 977.911200 346.888500
10.399660 977.138400 349.639500
10.415280 992.191200 342.730500
10.432860 968.772000 349.314000
10.450680 968.486400 352.033500
10.464360 968.688000 371.689500
10.481200 967.696800 367.111500
10.498290 965.865600 375.385500
10.513920 985.605600 385.234500
10.531250 973.862400 365.169000
10.547360 974.971200 359.593500
10.563480 733.521600 369.747000
10.582520 560.683200 370.996500
10.597410 557.659200 359.005500
10.612550 499.699200 369.915000
10.629640 513.576000 342.856500
10.661870 515.020800 370.251000
10.678710 505.226400 355.813500
10.695070 508.132800 365.064000
10.711180 520.951200 372.109500
10.728270 530.241600 375.952500
10.760250 526.260000 390.673500
10.776610 523.874400 388.857000
10.793210 522.026400 382.641000
10.809570 530.056800 360.234000
10.826170 515.491200 375.490500
10.842770 517.171200 381.055500
10.858890 515.071200 388.741500
10.875240 529.099200 388.143000
10.892090 531.652800 397.215000
10.907960 503.160000 420.766500
10.924800 515.810400 376.572000
10.941160 513.340800 367.920000
10.957520 519.708000 384.909000
10.974120 515.776800 375.847500
10.990230 516.583200 378.798000
11.006590 516.818400 405.069000
11.022950 529.670400 399.441000
11.040040 528.040800 393.865500
11.055660 508.351200 351.792000
11.072510 491.988000 319.767000
11.089110 488.174400 307.230000
11.104980 498.355200 333.931500
11.121580 495.969600 322.780500
11.138430 494.037600 316.375500
11.154540 493.936800 328.324500
11.171140 502.454400 318.045000
11.188720 506.990400 333.070500
11.208500 494.827200 353.220000
11.222410 492.105600 365.568000
11.237790 497.918400 383.533500
11.253170 510.283200 392.185500
11.269530 493.752000 371.973000
11.285890 490.812000 363.142500
11.302490 506.553600 349.786500
11.319090 500.925600 349.933500
11.335690 497.364000 338.299500
11.351560 499.464000 344.757000
11.368650 519.758400 363.867000
11.401120 553.173600 346.174500
11.417970 586.219200 323.221500
11.433840 584.824800 316.753500
11.450440 582.859200 329.143500
11.467290 557.844000 325.773000
11.483150 559.221600 331.485000
11.499760 551.997600 355.078500
11.516600 560.716800 365.421000
11.532710 563.707200 377.328000
11.548830 572.678400 369.505500
11.565670 564.244800 376.740000
11.582280 561.271200 364.822500
11.598390 604.699200 342.741000
11.617430 652.226400 309.991500
11.633540 651.386400 304.206000
11.651370 658.089600 328.093500
11.664310 646.632000 342.751500
11.680420 649.588800 360.066000
11.696780 667.716000 379.165500
11.713620 654.931200 403.977000
11.729740 656.157600 412.135500
11.746340 670.404000 391.650000
11.762450 664.960800 374.808000
11.779300 664.406400 371.931000
11.795410 658.072800 386.001000
11.812010 653.116800 384.079500
11.828610 652.747200 381.318000
11.844730 660.962400 357.168000
11.863280 674.402400 360.013500
11.877440 673.192800 352.023000
11.894290 666.876000 367.489500
11.910890 673.764000 358.953000
11.927000 673.562400 356.275500
11.944090 643.238400 363.877500
11.961670 658.207200 345.282000
11.977050 659.316000 353.892000
11.993410 709.296000 364.056000
12.009280 736.260000 372.834000
12.025630 736.596000 377.853000
12.041990 728.515200 416.419500
12.058350 723.643200 404.271000
12.074950 723.189600 398.800500
12.092040 738.662400 381.066000
12.108890 753.580800 355.603500
12.124020 753.345600 350.542500
12.139890 754.656000 369.642000
12.156980 748.305600 372.225000
12.190670 726.280800 379.827000
12.206540 720.232800 374.020500
12.222410 719.779200 368.539500
12.238530 734.361600 358.837500
12.255620 730.497600 346.857000
12.271730 731.220000 355.299000
12.288090 745.684800 355.593000
12.306400 788.743200 391.093500
12.320800 788.877600 407.053500
12.337400 778.982400 415.915500
12.354000 789.129600 436.663500
12.370610 789.163200 441.514500
12.386720 785.030400 418.477500
12.403320 799.461600 430.615500
12.421390 799.108800 414.466500
12.436520 810.717600 386.872500
12.452880 773.220000 363.111000
12.470460 773.152800 347.098500
12.486080 804.938400 364.885500
12.503170 881.294400 356.569500
12.520260 880.404000 365.347500
12.537840 880.975200 349.503000
12.552250 903.604800 346.846500
12.569580 902.865600 354.700500
12.584960 901.370400 357.042000
12.601560 927.780000 413.962500
12.618650 927.175200 416.661000
12.634280 927.057600 378.315000
12.650630 920.908800 346.227000
12.666260 923.143200 329.899500
12.682620 948.124800 363.720000
12.698970 960.758400 353.346000
12.732420 929.712000 366.366000
12.752930 951.972000 328.545000
12.765380 950.712000 337.029000
12.781250 921.648000 367.342500
12.798340 833.078400 381.580500
12.814450 832.490400 389.833500
12.830570 554.853600 420.703500
12.849120 459.614400 414.393000
12.863530 457.514400 408.838500
12.879640 484.159200 405.993000
12.896480 464.049600 392.847000
12.928960 480.110400 387.324000
12.945560 465.645600 388.227000
12.961910 468.535200 396.186000
12.978520 472.080000 421.722000
12.994870 503.680800 430.605000
13.027590 501.211200 434.794500
13.044680 515.642400 440.895000
13.061520 511.392000 428.032500
13.077390 509.964000 424.021500
13.097410 505.377600 397.761000
13.126460 509.308800 395.199000
13.142820 522.916800 381.958500
13.176760 495.163200 429.324000
13.191890 523.353600 444.370500
13.208500 521.724000 439.225500
13.224610 484.075200 429.943500
13.241460 491.332800 431.098500
13.274170 525.302400 426.825000
13.296390 519.825600 441.882000
13.323490 523.672800 441.441000
13.339840 504.873600 448.371000
13.356200 505.596000 450.555000
13.372310 508.015200 450.103500
13.388920 532.812000 444.139500
13.405520 531.064800 438.448500
13.421880 493.365600 406.864500
13.438480 515.272800 424.021500
13.455080 515.508000 424.294500
13.471190 531.333600 484.060500
13.487790 527.402400 473.245500
13.505620 528.880800 478.516500
13.520510 513.206400 465.055500
13.537110 513.424800 470.116500
13.553710 510.871200 462.346500
13.569580 513.441600 440.349000
13.586430 497.968800 463.722000
13.602780 499.934400 469.224000
13.621830 527.234400 483.630000
13.635500 509.224800 453.232500
13.651860 512.467200 462.861000
13.668460 527.520000 472.951500
13.684810 513.408000 495.873000
13.701660 516.734400 505.333500
13.717770 525.184800 516.442500
13.736330 525.856800 511.549500
13.750490 524.328000 507.097500
13.766600 530.712000 486.727500
13.783690 559.876800 493.920000
13.799800 557.121600 484.522500
13.816410 557.642400 454.660500
13.833500 563.236800 447.268500
13.865720 548.301600 451.857000
13.881590 560.028000 465.612000
13.898680 561.472800 470.662500
13.914790 551.342400 486.454500
13.931150 566.395200 493.668000
13.947510 564.984000 488.775000
13.964110 575.450400 473.707500
13.980710 584.438400 487.987500
13.997070 583.951200 485.667000
14.013180 607.303200 473.907000
14.030270 575.232000 475.608000
14.046140 574.862400 475.125000
14.062500 580.003200 495.358500
14.078860 568.982400 490.371000
14.094730 569.251200 490.255500
14.111330 589.411200 477.613500
14.128420 597.206400 501.553500
14.144780 599.088000 509.323500
14.161130 559.120800 487.672500
14.177490 573.132000 460.698000
14.193850 573.753600 462.777000
14.210210 742.677600 486.433500
14.229490 748.725600 486.916500
14.243650 748.776000 489.436500
14.259520 751.514400 496.188000
14.279050 784.308000 503.842500
14.292720 784.190400 492.555000
14.308840 923.311200 482.590500
14.325680 925.713600 497.416500
14.341800 923.428800 510.982500
14.357910 893.088000 512.379000
14.375000 901.135200 513.828000
14.392580 899.841600 522.952500
14.407230 922.639200 522.574500
14.423830 901.185600 551.607000
14.441650 902.680800 540.445500
14.456540 917.985600 519.193500
14.473390 946.226400 474.852000
14.489990 947.150400 470.011500
14.506100 947.469600 487.662000
14.522950 951.434400 515.518500
14.539060 950.124000 522.553500
14.555180 969.444000 507.486000
14.572270 966.268800 509.838000
14.589110 967.226400 505.606500
14.605960 963.093600 502.435500
14.621580 960.943200 495.747000
14.653810 965.832000 507.853500
14.670650 958.389600 535.846500
14.687010 957.381600 540.382500
14.702880 985.454400 515.140500
14.719480 965.025600 509.365500
14.736330 966.470400 502.194000
14.752200 979.070400 482.160000
14.769040 999.163200 467.155500
14.786380 999.986400 464.782500
14.802250 984.597600 496.524000
14.820800 842.620800 497.742000
14.835940 841.512000 506.383500
14.850830 569.150400 501.070500
14.867190 560.582400 528.307500
14.884030 558.448800 520.863000
14.900390 561.422400 480.070500
14.916750 558.885600 494.760000
14.933350 561.355200 502.687500
14.949710 560.599200 532.066500
14.965820 553.240800 526.228500
14.982670 556.180800 535.510500
14.999020 568.444800 536.602500
15.015630 585.144000 537.169500
15.031980 582.556800 527.940000
15.049560 501.950400 498.466500
15.064450 526.192800 519.781500
15.081050 525.235200 517.377000
15.097410 512.383200 521.692500
15.114010 522.312000 499.831500
15.130130 522.312000 499.800000
15.146730 520.917600 499.548000
15.163330 530.728800 496.618500
15.179690 530.997600 497.038500
15.196040 502.135200 502.246500
15.212650 521.068800 498.771000
15.228760 520.816800 498.382500
15.245360 528.091200 522.721500
15.263670 527.368800 500.755500
15.278320 522.564000 486.528000
15.294680 508.435200 487.315500
15.311280 492.475200 477.298500
15.327390 495.936000 486.664500
15.343750 501.883200 496.713000
15.360600 508.099200 498.571500
15.377690 509.124000 501.028500
15.393070 586.773600 489.846000
15.409910 576.055200 493.395000
15.426510 575.349600 491.326500
15.442140 583.044000 497.101500
15.458740 573.904800 497.794500
15.475590 575.114400 502.183500
15.491460 570.326400 481.341000
15.508300 593.107200 512.295000
15.524660 594.249600 516.684000
15.541020 590.688000 523.729500
15.557620 574.408800 529.767000
15.590090 584.354400 490.696500
15.606690 587.378400 490.623000
15.623290 585.648000 483.619500
15.639650 650.882400 515.833500
15.657470 680.601600 527.446500
15.672360 680.232000 525.493500
15.688720 673.192800 510.646500
15.705570 653.268000 517.681500
15.721920 652.965600 515.382000
15.738040 669.295200 515.350500
15.754640 663.448800 511.276500
15.771240 662.894400 508.914000
15.788090 678.064800 512.620500
15.805660 653.385600 494.812500
15.821290 651.571200 484.690500
15.836910 653.940000 457.842000
15.853520 679.005600 456.435000
15.870610 679.694400 461.296500
15.886960 688.010400 479.524500
15.903560 699.552000 476.143500
15.923340 700.190400 481.561500
15.935060 680.786400 502.771500
15.951900 678.098400 468.783000
15.969480 678.736800 473.224500
15.987060 687.540000 499.243500
16.002200 662.121600 499.537500
16.035640 686.784000 494.046000
16.050050 707.145600 490.927500
16.066650 706.137600 481.813500
16.082760 710.707200 479.104500
16.099850 736.293600 473.560500
16.116210 736.948800 480.889500
16.132080 744.290400 524.916000
16.148930 749.952000 523.687500
16.166260 749.985600 525.997500
16.183110 734.781600 497.910000
16.199220 726.600000 519.561000
16.215580 726.180000 514.909500
16.231690 741.165600 516.306000
16.252930 843.326400 507.202500
16.263920 843.024000 511.854000
16.280270 893.289600 508.168500
16.297120 878.102400 530.491500
16.329830 893.424000 507.790500
16.346440 914.508000 519.004500
16.363040 913.634400 525.525000
16.378660 939.086400 534.723000
16.395750 931.711200 552.625500
16.428220 934.802400 524.307000
16.446040 950.695200 507.496500
16.462650 953.920800 490.969500
16.478270 957.465600 477.540000
16.494140 982.951200 486.528000
16.510250 983.623200 484.176000
16.526370 956.592000 489.657000
16.542720 1009.848000 491.935500
16.558840 1007.647200 499.348500
16.575200 998.558400 526.512000
16.592040 982.800000 518.647500
16.608400 982.447200 520.926000
16.624510 940.447200 527.793000
16.641600 776.008800 527.079000
16.662110 776.244000 536.382000
16.677980 545.563200 546.388500
16.694820 536.995200 524.895000
16.723880 540.573600 566.779500
16.739990 541.716000 573.972000
16.772950 524.294400 549.160500
16.789310 536.424000 558.159000
16.822270 537.684000 522.595500
16.838870 527.973600 529.893000
16.855470 528.561600 531.762000
16.871830 549.796800 530.250000
16.888180 513.693600 544.782000
16.904300 511.156800 537.726000
16.920900 533.853600 509.533500
16.937500 535.903200 552.573000
16.953860 533.534400 546.136500
16.970700 524.546400 508.462500
16.986330 511.660800 547.270500
17.019290 531.652800 539.973000
17.035890 501.698400 561.099000
17.052250 503.496000 565.572000
17.068600 506.116800 555.523500
17.084960 508.099200 561.676500
17.101810 509.124000 563.965500
17.119630 506.368800 555.502500
17.134770 527.839200 581.175000
17.150880 528.528000 583.338000
17.167240 526.377600 576.429000
17.183590 534.508800 592.515000
17.200200 531.283200 583.831500
17.216550 506.436000 602.364000
17.233150 504.840000 612.507000
17.249760 504.067200 610.512000
17.265870 520.665600 600.978000
17.282230 525.873600 606.133500
17.300050 526.612800 608.223000
17.315190 485.604000 579.138000
17.331790 488.292000 599.487000
17.349850 488.275200 599.455500
17.364260 519.607200 585.228000
17.381350 504.487200 588.882000
17.413820 504.655200 576.817500
17.430420 528.948000 570.643500
17.447020 527.335200 566.296500
17.462890 501.715200 580.072500
17.499020 567.588000 387.313500
17.711430 583.699200 561.372000
17.728270 579.364800 561.687000
17.742920 580.171200 563.913000
17.758790 601.003200 601.440000
17.775880 591.024000 604.926000
17.791990 591.561600 607.036500
17.808110 603.976800 559.335000
17.825200 616.896000 581.574000
17.841310 615.787200 577.185000
17.857670 629.092800 580.566000
17.874510 590.503200 565.992000
17.890630 591.645600 570.003000
17.907960 700.576800 568.774500
17.923580 742.039200 603.655500
17.939940 742.308000 605.766000
17.956300 743.215200 614.187000
17.972900 728.296800 608.979000
17.989260 727.591200 603.151500
18.006590 740.628000 593.638500
18.022950 728.582400 576.565500
18.038330 728.515200 574.392000
18.054440 727.456800 596.011500
18.071290 751.900800 588.304500
18.088620 751.816800 592.053000
18.104980 712.992000 597.460500
18.120120 722.685600 595.182000
18.136960 721.980000 586.771500
18.153080 760.166400 598.563000
18.169920 814.380000 563.787000
18.186280 814.245600 568.585500
18.202640 821.721600 588.336000
18.218750 818.613600 587.895000
18.235600 818.344800 595.885500
18.251710 829.096800 603.477000
18.268550 830.222400 622.639500
18.285160 830.188800 620.455500
18.300780 812.380800 602.868000
18.317380 813.153600 582.981000
18.333740 813.422400 577.122000
18.350340 808.214400 603.487500
18.366940 819.100800 610.071000
18.383540 818.916000 612.129000
18.399410 807.861600 592.357500
18.416260 821.587200 562.905000
18.432620 821.755200 558.568500
18.448970 851.508000 584.451000
18.465580 827.383200 599.581500
18.482910 827.232000 605.797500
18.498780 859.572000 600.169500
18.515630 943.202400 608.716500
18.532230 942.631200 610.680000
18.548340 954.710400 622.198500
18.564940 953.332800 615.153000
18.580570 954.307200 611.121000
18.597410 978.969600 575.988000
18.614990 956.642400 579.243000
18.647220 954.139200 602.773500
18.663090 965.664000 627.942000
18.678960 964.723200 631.459500
18.695310 978.465600 611.824500
18.711670 953.551200 641.602500
18.729000 952.341600 647.136000
18.745360 619.298400 639.450000
18.762940 553.879200 675.916500
18.777340 554.853600 678.121500
18.793700 569.688000 666.823500
18.810300 554.652000 691.372500
18.826420 552.904800 687.592500
18.842770 548.167200 630.420000
18.859380 549.040800 652.291500
18.876220 544.538400 640.699500
18.892820 522.631200 632.614500
18.908690 533.047200 629.254500
18.941410 532.560000 657.604500
18.958250 516.163200 626.682000
18.974370 517.860000 630.724500
18.990480 535.852800 625.915500
19.007080 521.858400 657.825000
19.023680 523.639200 661.500000
19.040280 534.475200 644.689500
19.056880 537.448800 637.455000
19.073490 539.767200 643.471500
19.090330 543.446400 629.590500
19.105220 540.825600 640.290000
19.121580 539.884800 638.148000
19.138180 557.356800 635.775000
19.154790 552.703200 632.184000
19.172610 549.628800 623.889000
19.187740 543.261600 597.208500
19.204350 602.212800 619.878000
19.220950 604.581600 627.070500
19.237550 874.154400 613.620000
19.253660 914.508000 633.549000
19.270260 912.424800 643.681500
19.287350 915.314400 649.393500
19.304930 921.228000 638.263500
19.321530 923.580000 625.485000
19.336910 1002.153600 618.166500
19.353760 999.129600 610.774500
19.369870 999.432000 610.617000
19.385740 1000.104000 628.561500
19.402830 1011.645600 617.410500
19.419920 1009.512000 623.301000
19.433840 1002.556800 634.063500
19.450930 979.608000 636.069000
19.467040 980.683200 632.436000
19.483640 959.851200 618.859500
19.500980 971.527200 650.443500
19.532960 985.017600 637.255500
19.549320 975.105600 636.814500
19.582280 971.275200 616.371000
19.598880 969.225600 630.997500
19.631350 977.709600 599.046000
19.647950 889.459200 630.955500
19.664790 888.232800 639.702000
19.680180 585.110400 670.866000
19.696780 600.566400 703.395000
19.713870 601.456800 706.681500
19.729980 598.584000 680.085000
19.746340 689.572800 788.802000
19.763670 687.775200 780.213000
19.779050 559.944000 681.870000
19.795900 582.892800 639.135000
19.812500 584.841600 644.553000
19.828610 577.668000 689.734500
19.845460 569.486400 681.954000
19.861570 570.981600 685.891500
19.877690 597.324000 685.135500
19.894530 576.609600 677.544000
19.910640 574.644000 672.241500
19.927000 578.272800 637.003500
19.943850 551.728800 655.116000
19.959720 551.896800 654.969000
19.976320 559.725600 707.521500
19.993160 562.900800 693.388500
20.009520 563.623200 695.488500
20.025880 556.533600 705.180000
20.042240 562.800000 727.135500
20.058590 559.288800 718.809000
20.074710 525.470400 673.165500
20.091800 541.665600 685.944000
20.107910 540.069600 682.195500
20.124270 540.674400 677.701500
20.140870 510.098400 676.914000
20.156980 509.275200 675.139500
20.173580 521.640000 673.302000
20.189940 516.264000 670.068000
20.206540 515.356800 668.157000
20.222660 488.191200 684.568500
20.239500 502.572000 684.474000
20.255370 502.555200 684.453000
20.271970 492.391200 686.574000
20.290280 498.775200 671.695500
20.304930 501.597600 677.481000
20.321290 501.547200 714.378000
20.337890 512.870400 701.935500
20.354490 512.887200 701.956500
20.370850 485.251200 694.333500
20.387210 505.764000 703.216500
20.419920 515.205600 683.298000
20.436280 497.767200 681.670500
20.455320 320.006400 301.119000
20.551270 424.401600 376.330500
20.567630 559.692000 700.665000
20.583980 573.820800 702.429000
20.600340 572.409600 698.743500
20.616700 527.419200 688.684500
20.633540 534.004800 703.363500
20.649900 534.996000 705.232500
20.666260 557.323200 690.343500
20.682620 538.154400 705.841500
20.698970 539.800800 709.548000
20.715090 636.602400 715.522500
20.731450 774.648000 677.323500
20.750980 775.000800 682.216500
20.767090 834.960000 730.317000
20.781250 844.636800 729.424500
20.797610 844.384800 731.031000
20.813960 846.300000 728.059500
20.830320 863.100000 714.010500
20.847170 864.242400 704.623500
20.863280 842.654400 696.517500
20.879640 856.934400 700.024500
20.896480 856.850400 701.704500
20.912600 856.312800 707.479500
20.928960 848.652000 706.723500
20.945070 848.349600 708.330000
20.961910 914.608800 693.504000
20.978520 878.925600 714.063000
20.994870 879.412800 710.850000
21.011230 927.141600 699.856500
21.027590 914.222400 698.617500
21.043950 914.474400 696.759000
21.060550 929.224800 702.933000
21.077150 905.234400 714.021000
21.093260 905.738400 712.299000
21.109620 910.627200 676.515000
21.126460 929.644800 703.857000
21.142820 929.174400 705.558000
21.158690 917.700000 706.723500
21.176270 917.649600 686.269500
21.193120 918.691200 682.699500
21.208740 915.230400 676.851000
21.225590 922.924800 685.293000
21.241700 922.185600 688.611000
21.258300 951.333600 705.631500
21.274660 980.599200 702.712500
21.291260 980.263200 702.891000
21.307620 985.236000 710.808000
21.323970 985.824000 701.620500
21.340580 987.621600 696.664500
21.356450 994.492800 693.189000
21.373540 1002.237600 701.893500
21.389650 1002.758400 700.182000
21.406010 981.489600 687.351000
21.424560 983.488800 685.356000
21.438960 983.102400 687.015000
21.455080 879.916800 696.223500
21.473140 712.168800 732.459000
21.490720 712.353600 734.065500
21.506100 540.036000 708.151500
21.520750 553.744800 728.647500
21.537110 555.576000 732.816000
21.553710 581.448000 750.309000
21.571040 573.736800 776.517000
21.588380 575.786400 781.410000
21.604250 579.717600 791.217000
21.621340 564.043200 748.051500
21.635990 562.195200 743.568000
21.652100 578.625600 785.988000
21.668950 573.585600 773.745000
21.685550 575.013600 776.989500
21.701660 567.117600 768.096000
21.718020 566.580000 726.138000
21.734620 565.269600 722.946000
21.750490 553.459200 728.500500
21.767090 534.928800 739.221000
21.783690 536.424000 742.329000
21.799800 548.251200 764.536500
21.816890 562.111200 766.605000
21.833010 563.472000 769.587000
21.849370 577.382400 743.746500
21.865970 568.528800 739.137000
21.882570 564.933600 730.642500
21.898680 578.743200 703.353000
21.915280 557.054400 708.508500
21.932860 553.593600 700.087500
21.947750 543.984000 702.030000
21.964360 555.794400 714.367500
21.980960 557.928000 719.502000
21.997310 568.545600 702.807000
22.013920 573.098400 699.846000
22.030270 571.704000 696.223500
22.046390 565.958400 716.268000
22.063230 548.284800 707.301000
22.079830 549.091200 709.065000
22.095700 630.772800 706.251000
22.113530 631.310400 722.841000
22.130370 634.300800 732.889500
22.149410 661.550400 745.468500
22.162840 652.730400 729.655500
22.178470 653.553600 732.837000
22.194580 660.055200 759.748500
22.211180 659.148000 744.334500
22.228270 658.341600 741.226500
22.244870 654.662400 716.677500
22.260990 650.260800 715.648500
22.292720 640.684800 721.308000
22.309330 675.393600 759.969000
22.325930 676.099200 762.961500
22.342530 889.778400 706.062000
22.358640 894.247200 734.874000
22.374760 894.818400 731.787000
22.391850 912.861600 706.303500
22.408450 887.728800 732.732000
22.424560 887.073600 737.089500
22.440670 876.859200 758.467500
22.457280 888.064800 746.823000
22.473880 887.124000 751.432500
22.489990 890.534400 749.175000
22.506100 920.320800 751.317000
22.523190 922.504800 742.455000
22.539310 977.054400 739.483500
22.555910 944.916000 786.460500
22.572510 946.730400 780.706500
22.590580 958.792800 721.360500
22.605220 981.657600 708.361500
22.621340 980.616000 711.448500
22.637940 988.159200 721.423500
22.654540 973.274400 724.846500
22.671140 971.124000 731.356500
22.687260 962.304000 722.200500
22.703860 945.218400 739.158000
22.720460 947.066400 732.732000
22.736570 975.878400 728.836500
22.752690 975.458400 698.418000
22.769290 976.466400 695.257500
22.785890 971.678400 689.482500
22.802490 950.241600 721.234500
22.818600 949.284000 724.626000
22.834230 945.638400 718.735500
22.851320 878.169600 723.828000
22.884030 617.954400 740.838000
22.900630 604.598400 757.890000
22.917720 605.824800 760.882500
22.933350 610.629600 795.858000
22.950440 605.522400 760.809000
22.967040 607.437600 766.783500
22.983150 614.224800 788.508000
22.999760 615.048000 796.488000
23.016360 614.040000 793.831500
23.031980 597.122400 762.951000
23.049070 611.503200 770.112000
23.066160 613.183200 774.333000
23.081790 608.647200 765.156000
23.098880 612.460800 791.994000
23.115970 612.931200 793.432500
23.132080 603.120000 780.570000
23.148190 626.472000 782.061000
23.163820 622.876800 771.781500
23.179930 585.547200 726.400500
23.197020 595.207200 725.718000
23.213130 592.821600 719.092500
23.230220 569.083200 713.685000
23.251710 582.271200 729.571500
23.278560 584.169600 710.797500
23.295650 570.477600 736.029000
23.311770 569.872800 734.422500
23.327880 522.799200 716.541000
23.344970 530.930400 703.867500
23.360600 534.895200 712.414500
23.377200 555.794400 722.767500
23.393800 576.139200 753.417000
23.410400 580.154400 763.045500
23.426510 553.963200 778.554000
23.443120 568.747200 751.254000
23.461180 565.084800 742.927500
23.476320 561.103200 756.630000
23.492430 556.500000 730.422000
23.509030 554.500800 725.760000
23.526120 612.544800 727.881000
23.542720 620.928000 727.534500
23.558840 623.464800 735.787500
23.581300 625.766400 751.821000
23.591550 624.153600 745.804500
23.607670 623.800800 744.271500
23.623780 613.435200 728.973000
23.640380 606.278400 740.880000
23.656980 606.950400 742.423500
23.673580 616.492800 731.115000
23.689700 612.897600 761.208000
23.706300 614.460000 765.597000
23.722410 608.244000 772.569000
23.739010 648.614400 761.995500
23.755620 647.253600 757.501500
23.771240 667.816800 727.828500
23.787840 666.019200 766.174500
23.804930 664.507200 760.231500
23.820560 670.454400 731.041500
23.837160 658.593600 732.543000
23.853760 659.366400 735.651000
23.869870 668.488800 753.784500
23.886470 660.744000 736.071000
23.919680 670.168800 731.398500
23.935790 675.444000 745.668000
23.968510 662.121600 739.399500
23.985600 685.507200 743.841000
24.002200 686.616000 748.555500
24.017820 797.731200 733.908000
24.034910 789.936000 766.752000
24.051510 789.700800 763.623000
24.067140 775.572000 772.758000
24.084230 782.325600 748.135500
24.100340 782.073600 738.843000
24.116940 789.196800 697.294500
24.133060 765.525600 724.542000
24.150150 765.676800 726.211500
24.165770 791.498400 731.451000
24.182370 791.196000 734.863500
24.198970 791.246400 741.258000
24.216060 776.949600 739.798500
24.233150 765.996000 757.869000
24.264890 879.144000 717.727500
24.281010 930.165600 721.203000
24.297610 930.921600 718.095000
24.313720 937.490400 745.069500
24.330810 918.943200 751.317000
24.363040 968.587200 693.420000
24.379640 999.012000 733.320000
24.412350 1010.973600 689.577000
24.428960 985.807200 709.831500
24.445560 986.311200 708.057000
24.461670 1007.714400 711.837000
24.478270 990.645600 697.378500
24.494870 991.334400 695.656500
24.510990 984.160800 718.473000
24.527590 1004.018400 735.462000
24.543700 1002.708000 738.748500
24.560300 930.636000 747.915000
24.576900 812.414400 758.824500
24.593510 812.145600 761.628000
24.610110 562.816800 786.744000
24.626710 528.813600 774.921000
24.643310 530.241600 777.766500
24.659420 588.890400 781.536000
24.676030 589.041600 811.450500
24.692630 590.016000 813.834000
24.708740 584.757600 815.566500
24.725340 1411.233600 1041.831000
24.742430 1170.859200 911.179500
24.760010 581.901600 829.993500
24.773680 848.366400 870.534000
24.806400 572.476800 791.280000
24.855710 522.093600 778.575000
24.872800 557.844000 791.301000
24.890870 555.206400 785.904000
24.905030 526.192800 759.717000
24.921630 544.051200 747.421500
24.937740 542.472000 744.040500
24.954350 486.662400 760.200000
24.970950 519.724800 736.354500
25.003660 498.640800 764.589000
25.020260 511.912800 737.404500
25.036870 513.693600 740.838000
25.052980 495.062400 732.249000
25.069580 514.634400 750.634500
25.104740 516.280800 733.540500
25.118900 510.669600 745.521000
25.135010 512.316000 748.597500
25.151610 566.025600 765.334500
25.168210 588.285600 765.891000
25.184810 588.940800 767.424000
25.200930 575.064000 733.897500
25.217530 570.259200 756.000000
25.234130 570.830400 757.480500
25.250240 609.319200 769.146000
25.266850 596.887200 787.174500
25.283450 595.711200 784.266000
25.300050 595.173600 733.015500
25.320070 613.116000 749.563500
25.348390 612.276000 747.295500
25.364990 600.096000 752.430000
25.381100 602.985600 759.927000
25.397710 818.647200 785.610000
25.414310 848.971200 790.062000
25.433350 849.273600 785.410500
25.447020 851.424000 747.337500
25.463620 859.320000 760.473000
25.479740 859.908000 756.472500
25.497310 854.868000 736.638000
25.513920 840.117600 764.788500
25.530520 839.580000 771.015000
25.549560 853.658400 760.410000
25.562260 852.852000 756.220500
25.578860 853.171200 753.217500
25.595460 862.864800 749.164500
25.611570 848.618400 772.947000
25.628170 848.668800 771.498000
25.646240 940.178400 752.472000
25.664310 932.904000 733.120500
25.677000 933.710400 730.033500
25.693120 951.753600 741.342000
25.710210 958.238400 736.081500
25.726810 958.591200 734.328000
25.742920 946.209600 734.874000
25.759520 950.224800 738.843000
25.775630 950.829600 737.236500
25.792240 953.013600 734.191500
25.808840 947.956800 737.908500
25.825440 947.604000 739.389000
25.841060 946.965600 743.998500
25.858150 938.666400 741.793500
25.874270 939.103200 740.029500
25.890870 959.380800 761.355000
25.907470 944.428800 748.765500
25.924070 943.975200 750.498000
25.940190 957.112800 767.392500
25.956300 943.807200 776.853000
25.974370 942.009600 782.764500
25.989010 959.431200 741.447000
26.006100 828.223200 787.888500
26.022220 828.038400 790.692000
26.038820 560.414400 777.556500
26.054930 574.610400 803.313000
26.072020 576.391200 807.261000
26.088620 573.249600 777.819000
26.104250 570.931200 825.846000
26.120850 569.553600 823.095000
26.136960 574.392000 784.224000
26.154050 574.879200 785.368500
26.170170 573.686400 782.722500
26.186280 576.777600 764.967000
26.202880 559.473600 784.770000
26.235600 565.555200 791.458500
26.252690 570.864000 812.647500
26.284910 556.533600 768.736500
26.302000 570.494400 775.792500
26.318120 571.250400 777.315000
26.334230 559.423200 818.695500
26.350830 528.477600 829.090500
26.369870 529.149600 830.329500
26.385500 522.076800 814.086000
26.402590 533.652000 810.096000
26.417240 532.072800 807.282000
26.432860 525.924000 816.375000
26.449460 531.400800 824.008500
26.482180 536.323200 847.423500
26.778560 518.784000 842.362500
26.794680 533.568000 840.493500
26.810300 532.022400 837.931500
26.826900 530.796000 841.627500
26.843510 515.659200 850.594500
26.859620 514.046400 848.127000
26.876220 518.632800 854.952000
26.892330 527.419200 842.688000
26.926510 537.952800 845.733000
26.943120 550.569600 841.806000
26.975340 558.096000 831.978000
26.992920 676.821600 848.158500
27.008060 677.292000 849.408000
27.024170 780.612000 836.955000
27.040770 796.908000 864.969000
27.057370 796.807200 866.134500
27.073970 786.408000 854.574000
27.090090 786.979200 845.397000
27.106690 787.046400 844.263000
27.123290 805.341600 822.381000
27.139400 790.288800 856.275000
27.156010 790.221600 857.419500
27.172120 816.295200 845.397000
27.189210 917.246400 842.131500
27.205320 917.683200 840.903000
27.221440 970.855200 831.537000
27.238040 940.010400 835.495500
27.254640 939.556800 836.671500
27.271240 968.352000 814.915500
27.287840 953.131200 825.069000
27.303470 953.366400 824.922000
27.320070 953.988000 834.771000
27.337160 961.833600 858.627000
27.354250 960.808800 860.769000
27.369870 968.452800 839.811000
27.386470 957.633600 824.460000
27.403080 959.464800 819.546000
27.418700 981.808800 832.933500
27.434810 912.878400 830.434500
27.452390 913.348800 829.006500
27.468990 588.369600 850.195500
27.485110 524.260800 850.752000
27.502200 523.924800 850.594500
27.522220 535.197600 874.629000
27.533940 541.984800 883.512000
27.550050 542.808000 884.698500
27.566160 540.926400 882.189000
27.582760 541.027200 863.383500
27.599370 544.958400 869.694000
27.615480 548.721600 887.365500
27.632080 556.836000 893.403000
27.648680 557.474400 894.537000
27.664790 546.252000 894.946500
27.681400 553.946400 879.606000
27.698000 554.635200 880.488000
27.714600 549.309600 905.110500
27.730710 547.108800 895.849500
27.747310 547.848000 897.046500
27.763430 550.284000 896.889000
27.780030 542.169600 904.354500
27.796140 536.827200 896.668500
27.812740 513.693600 878.115000
27.829350 552.619200 871.216500
27.845950 551.258400 868.633500
27.861570 591.040800 898.317000
27.878660 584.035200 870.702000
27.895260 585.278400 873.075000
27.910890 575.736000 888.058500
27.928960 584.808000 889.413000
27.946040 582.775200 885.832500
27.961670 571.065600 881.233500
27.978270 594.535200 882.787500
27.994380 591.998400 877.842000
28.010500 564.312000 887.754000
28.027590 573.585600 865.389000
28.060300 590.889600 882.220500
28.075440 562.430400 860.706000
28.092040 565.454400 866.092500
28.108150 594.048000 889.119000
28.126220 600.566400 898.422000
28.157960 585.513600 871.164000
28.175050 581.246400 882.189000
28.191160 580.507200 880.950000
28.207280 572.308800 861.378000
28.224370 604.413600 895.303500
28.240970 605.085600 896.511000
28.257570 581.078400 882.147000
28.274660 590.083200 891.040500
28.290280 592.032000 894.568500
28.306400 584.203200 894.495000
28.323970 599.575200 910.014000
28.339600 601.272000 913.185000
28.355710 584.404800 902.181000
28.375240 580.893600 888.289500
28.394780 578.827200 884.646000
28.406010 557.961600 868.759500
28.420650 548.318400 855.666000
28.437260 544.639200 849.366000
28.453370 553.324800 851.109000
28.469970 562.615200 880.288500
28.487060 563.220000 881.464500
28.503170 549.040800 873.631500
28.519290 536.104800 892.521000
28.535890 537.852000 894.789000
28.552490 557.474400 868.224000
28.569090 542.421600 855.403500
28.585210 543.732000 857.881500
28.601320 567.604800 878.104500
28.617920 550.636800 882.052500
28.634520 548.570400 878.493000
28.650630 556.701600 878.587500
28.667240 624.724800 896.826000
28.683840 625.816800 899.199000
28.699950 838.000800 866.995500
28.716550 830.424000 900.123000
28.733150 830.625600 896.616000
28.749270 822.528000 863.950500
28.765870 823.032000 873.652500
28.782960 822.998400 877.747500
28.798580 832.070400 888.993000
28.815190 825.367200 901.761000
28.831790 824.476800 912.817500
28.847900 838.908000 910.024500
28.864500 824.174400 916.461000
28.880620 824.628000 908.838000
28.897220 827.954400 890.211000
28.913820 824.863200 871.101000
28.930420 825.535200 861.987000
28.946530 820.041600 863.341500
28.962650 842.100000 870.439500
28.995850 816.732000 850.741500
29.012450 850.516800 869.484000
29.028560 850.466400 870.702000
29.044680 834.657600 866.754000
29.061770 832.792800 889.255500
29.077880 831.969600 897.844500
29.094480 823.468800 897.036000
29.110600 818.193600 896.185500
29.127200 818.126400 894.936000
29.143310 749.784000 915.033000
29.160400 649.639200 836.797500
29.176510 646.262400 826.717500
29.192630 646.632000 892.710000
29.209720 629.865600 892.363500
29.225340 631.444800 895.786500
29.241940 630.823200 900.018000
29.260500 625.816800 914.214000
29.274660 626.808000 916.303500
29.291260 652.344000 920.262000
29.307860 644.179200 891.135000
29.324460 642.650400 887.491500
29.340580 630.621600 904.071000
29.357180 639.391200 871.920000
29.373290 639.021600 870.817500
29.389890 628.370400 866.491500
29.406490 623.296800 868.192500
29.423100 623.666400 869.284500
29.439700 630.940800 902.737500
29.455810 647.052000 879.952500
29.472410 646.732800 878.902500
29.488040 631.696800 879.007500
29.505130 642.280800 888.016500
29.521240 644.464800 893.571000
29.537350 628.790400 902.317500
29.554440 632.217600 892.741500
29.570560 631.848000 891.597000
29.588130 629.143200 901.687500
29.603760 581.918400 881.863500
29.620360 578.054400 875.395500
29.636470 545.580000 890.610000
29.653080 525.151200 888.268500
29.669190 520.195200 881.160000
29.685790 539.095200 835.180500
29.701900 524.529600 853.839000
29.734620 535.399200 866.701500
29.751220 520.060800 878.661000
29.784910 530.325600 869.043000
29.802000 554.181600 862.008000
29.834230 525.991200 867.363000
29.851320 554.030400 927.024000
30.097900 512.282400 912.733500
30.114010 521.270400 940.222500
30.129640 522.278400 882.850500
30.145750 532.207200 885.507000
30.161870 537.196800 892.899000
30.178470 523.874400 906.234000
30.195070 628.454400 897.750000
30.211180 628.874400 898.863000
30.227780 742.308000 893.560500
30.244380 733.924800 910.738500
30.260990 733.941600 910.623000
30.277100 760.905600 873.421500
30.293700 719.023200 892.521000
30.310300 719.661600 896.017500
30.326420 734.848800 866.743500
30.343020 729.573600 889.276500
30.359130 729.019200 885.759000
30.375240 754.051200 896.983500
30.392330 722.937600 887.607000
30.408940 723.072000 888.657000
30.424560 726.684000 894.264000
30.441160 731.892000 876.907500
30.458250 731.925600 877.117500
30.473880 745.332000 874.639500
30.490480 757.596000 914.823000
30.507080 757.344000 913.794000
30.523190 746.138400 877.716000
30.540280 744.256800 877.369500
30.556400 743.601600 872.476500
30.573000 756.470400 884.299500
30.589110 748.003200 894.736500
30.605710 748.188000 894.820500
30.621830 713.210400 889.822500
30.638920 738.074400 859.813500
30.655030 738.528000 863.520000
30.671140 745.096800 894.295500
30.687740 742.879200 898.359000
30.704350 742.761600 897.330000
30.721920 737.704800 867.090000
30.738040 732.110400 927.160500
30.755620 732.228000 928.095000
30.770750 721.442400 893.361000
30.787840 742.190400 870.240000
30.803960 741.888000 867.972000
30.819580 740.208000 908.218500
30.836180 721.812000 900.795000
30.868900 732.580800 902.254500
30.885010 731.304000 873.337500
30.904050 732.009600 876.939000
30.918210 789.751200 912.019500
30.934810 898.850400 887.218500
30.950930 897.741600 890.694000
30.967040 955.281600 866.701500
30.984130 952.392000 875.679000
31.000240 953.316000 873.421500
31.016360 957.936000 908.691000
31.033450 950.779200 889.329000
31.065670 975.105600 897.088500
31.082760 944.865600 880.393500
31.114990 977.222400 890.400000
31.131590 941.337600 924.126000
31.165280 953.685600 892.290000
31.181880 950.241600 905.635500
31.214110 938.851200 911.158500
31.231690 804.854400 868.035000
31.247310 804.820800 873.715500
31.261960 569.486400 929.008500
31.278560 584.925600 933.922500
31.295650 584.707200 933.796500
31.311770 550.905600 933.681000
31.328370 554.332800 912.397500
31.344970 550.905600 907.305000
31.361570 542.337600 914.224500
31.377690 540.405600 936.978000
31.394290 543.530400 941.104500
31.410400 579.297600 935.025000
31.427000 561.540000 934.846500
31.443600 561.002400 933.922500
31.459720 552.720000 923.601000
31.476320 576.391200 906.916500
31.492920 575.685600 905.824500
31.509030 538.356000 903.189000
31.525630 579.700800 930.247500
31.542240 577.634400 927.223500
31.558350 557.944800 891.723000
31.574950 560.851200 908.701500
31.591550 556.987200 902.832000
31.607670 527.503200 902.044500
31.624270 545.781600 874.471500
31.640870 545.025600 873.190500
31.656490 550.956000 891.481500
31.673580 530.661600 898.884000
31.689700 534.072000 903.724500
31.705810 547.780800 890.116500
31.722900 553.207200 929.344500
31.755130 552.871200 909.247500
31.772220 541.161600 922.225500
31.788330 541.396800 921.910500
34.270750 634.888800 654.286500
34.286870 649.672800 650.076000
34.301510 652.260000 660.691500
34.318120 635.376000 703.426500
34.334720 642.650400 731.493000
34.351320 646.329600 744.576000
34.367430 649.034400 744.786000
34.384030 644.901600 726.316500
34.400630 643.490400 721.455000
34.416260 647.589600 752.367000
34.433350 642.700800 724.269000
34.449950 640.970400 717.958500
34.466550 639.844800 710.241000
34.483640 657.132000 725.256000
34.503170 656.325600 722.032500
34.515870 627.765600 702.051000
34.531980 620.961600 621.348000
34.548100 619.348800 615.300000
34.564700 624.288000 583.285500
34.581300 629.445600 552.793500
34.597410 628.504800 548.142000
34.613530 592.704000 547.228500
34.630620 596.635200 555.859500
34.646730 598.348800 562.579500
34.663330 633.796800 590.047500
34.681880 628.303200 599.088000
34.698490 627.916800 597.187500
34.714600 635.964000 571.158000
34.728760 626.472000 570.139500
34.745360 626.371200 569.761500
