0.000000 708.355200 410.686500
0.015290 712.941600 397.225500
0.047730 705.348000 341.554500
0.062440 708.926400 410.886000
0.095370 692.176800 353.325000
0.112180 718.099200 366.828000
0.144470 708.019200 385.549500
0.160890 699.232800 367.447500
0.193940 680.836800 350.374500
0.210360 692.899200 372.351000
0.226720 691.404000 359.572500
0.243230 725.558400 300.951000
0.259610 735.470400 311.650500
0.276400 733.924800 293.842500
0.292600 708.842400 312.931500
0.309140 695.100000 307.177500
0.341400 713.731200 290.976000
0.358150 699.501600 337.197000
0.390810 710.186400 301.203000
0.407440 702.828000 271.960500
0.424070 704.222400 284.970000
0.441160 736.243200 342.153000
0.457490 700.812000 326.655000
0.474240 704.272800 356.002500
0.490300 758.251200 404.502000
0.507050 710.371200 373.044000
0.523500 712.269600 389.203500
0.539790 530.275200 285.747000
0.558690 531.686400 185.241000
0.785520 529.838400 218.326500
0.802190 492.626400 182.332500
0.834840 508.838400 192.307500
0.851620 483.840000 210.756000
0.883820 498.540000 235.767000
0.900910 526.310400 271.089000
0.933560 468.703200 197.557500
0.950010 496.675200 197.799000
0.984010 526.075200 154.329000
0.999080 418.723200 377.622000
1.033970 526.176000 584.377500
1.050780 484.344000 550.840500
1.083440 459.681600 570.444000
1.099580 467.964000 576.744000
1.132870 446.678400 650.338500
1.149810 457.346400 646.569000
1.163540 447.854400 622.513500
1.179750 461.059200 585.249000
1.196410 420.050400 574.770000
1.212590 410.323200 550.767000
1.229000 520.514400 532.948500
1.245700 545.815200 575.631000
1.278780 476.364000 597.009000
1.294830 455.985600 615.258000
1.312990 451.029600 604.873500
1.327450 483.655200 628.089000
1.344270 474.835200 616.917000
1.360570 470.299200 606.427500
1.377080 523.992000 587.464500
1.393650 471.962400 612.811500
1.410060 475.104000 619.836000
1.426090 482.277600 638.158500
1.442960 503.697600 615.279000
1.459110 506.503200 622.146000
1.475710 537.499200 672.976500
1.491940 489.132000 653.782500
1.511260 492.156000 660.492000
1.527370 550.804800 585.952500
1.542970 534.828000 523.687500
1.576750 522.328800 419.149500
1.590760 559.120800 353.934000
1.608670 557.676000 348.526500
1.839940 503.546400 8.001000
1.888280 426.736800 11.277000
1.935180 407.584800 10.552500
2.067440 423.511200 63.031500
2.084350 451.752000 55.093500
2.100680 456.472800 76.555500
2.116850 451.533600 101.776500
2.133330 451.785600 98.280000
2.166110 422.116800 89.838000
2.182430 458.001600 125.926500
2.214510 398.462400 44.887500
2.230990 403.670400 89.428500
2.264100 456.304800 43.428000
2.280580 451.533600 49.056000
2.296940 446.745600 27.142500
2.313930 418.420800 23.677500
2.330570 410.827200 6.898500
2.365480 441.184800 25.221000
2.380220 596.282400 1.638000
2.478090 760.149600 18.039000
2.494420 759.931200 40.288500
2.510890 745.970400 61.530000
2.527280 733.672800 85.176000
2.559970 783.770400 102.375000
2.576810 838.336800 91.780500
2.609250 820.881600 52.689000
2.626250 823.485600 27.069000
2.641910 822.376800 46.924500
2.658140 984.446400 97.219500
2.674710 966.520800 105.892500
2.691350 963.211200 125.517000
2.707890 1053.208800 127.837500
2.724490 1036.392000 148.480500
2.757230 1038.408000 126.745500
2.773680 1030.831200 189.126000
2.806400 1053.931200 154.707000
2.822850 1044.355200 167.181000
2.855530 1000.927200 144.364500
2.872250 925.528800 131.155500
2.905090 962.556000 94.269000
2.921390 923.580000 116.718000
2.954190 921.261600 82.099500
2.970460 945.957600 118.072500
3.003480 918.523200 132.804000
3.020290 921.614400 139.933500
3.052920 944.109600 145.152000
3.069310 937.372800 147.913500
3.085850 939.993600 116.592000
3.102200 950.476800 56.259000
3.118740 941.556000 22.690500
3.217100 928.653600 15.403500
3.545410 466.149600 130.347000
3.562230 482.479200 181.765500
3.578640 486.712800 201.169500
3.594850 463.780800 97.051500
3.611480 380.419200 163.453500
3.644070 410.894400 134.967000
3.693020 610.495200 19.309500
3.709990 435.691200 72.880500
3.726380 430.886400 52.395000
3.742710 454.154400 26.901000
3.759460 440.664000 44.677500
3.808750 497.784000 61.425000
3.825200 497.784000 61.425000
3.841160 416.035200 20.202000
3.857640 423.444000 16.107000
3.874150 428.366400 37.149000
3.890560 454.927200 97.870500
3.907320 452.558400 90.478500
3.939820 446.023200 93.082500
3.956150 449.232000 28.192500
3.975130 444.645600 6.993000
4.087650 477.876000 38.178000
4.104550 407.769600 46.399500
4.120640 412.927200 66.958500
4.188840 553.341600 23.604000
4.252230 604.548000 20.653500
4.268490 608.328000 43.564500
4.284940 577.382400 62.023500
4.301420 575.433600 43.690500
4.334080 546.571200 26.785500
4.350950 539.750400 27.415500
4.367250 536.340000 10.531500
4.432950 569.553600 4.924500
4.449280 549.578400 2.929500
4.466030 554.265600 26.103000
4.482330 632.352000 50.988000
4.498380 626.102400 80.503500
4.531130 646.430400 52.384500
4.547700 631.495200 73.311000
4.580320 604.060800 66.937500
4.597170 665.397600 84.210000
4.629970 600.734400 131.082000
4.646390 467.594400 206.965500
4.662720 462.638400 185.944500
4.680270 509.006400 171.024000
4.699650 462.537600 140.490000
4.716670 458.152800 121.138500
4.729190 478.766400 100.558500
4.744900 489.770400 97.041000
4.761290 493.970400 113.872500
4.778530 500.623200 113.032500
4.794460 553.593600 162.109500
4.811040 551.342400 150.570000
4.827180 521.371200 52.846500
4.843510 508.636800 41.233500
4.925870 503.563200 39.816000
4.942380 487.384800 63.934500
4.958950 497.364000 102.900000
4.975070 547.629600 152.838000
4.991670 550.855200 187.362000
5.008000 552.165600 192.696000
5.024140 568.528800 150.339000
5.040620 571.435200 133.434000
5.057280 567.218400 112.864500
5.073580 532.896000 132.898500
5.090300 489.787200 117.358500
5.122710 503.781600 78.855000
5.142120 504.604800 77.185500
5.158230 508.233600 92.442000
5.174380 487.216800 126.630000
5.191250 506.973600 133.728000
5.204930 508.502400 139.356000
5.221280 429.861600 109.798500
5.238040 486.813600 126.661500
5.254460 485.116800 121.159500
5.270780 490.072800 170.509500
5.287510 494.440800 133.686000
5.303740 500.035200 154.707000
5.320160 623.330400 152.134500
5.336670 612.729600 162.004500
5.352940 610.176000 146.485500
5.369020 587.244000 140.385000
5.386110 621.885600 113.967000
5.402400 618.475200 93.072000
5.418400 615.115200 103.561500
5.435610 596.232000 114.985500
5.467930 617.282400 55.177500
5.484530 620.743200 45.832500
5.517240 598.449600 58.978500
5.533540 587.680800 46.462500
5.566310 589.596000 53.823000
5.583250 630.084000 90.930000
5.615810 592.838400 84.399000
5.632320 614.342400 95.518500
5.648900 614.006400 93.093000
5.665100 725.625600 71.116500
5.681490 700.341600 71.568000
5.697750 701.484000 82.572000
5.714420 723.105600 109.021500
5.730870 739.737600 104.527500
5.747470 739.149600 96.253500
5.763700 714.722400 83.034000
5.779880 724.382400 111.699000
5.813050 680.484000 105.672000
5.829470 726.415200 68.565000
5.861970 717.864000 43.029000
5.878510 718.821600 34.765500
5.895230 720.115200 50.578500
5.911190 818.664000 162.141000
5.927730 807.088800 170.982000
5.944520 807.559200 186.585000
5.960780 807.962400 160.251000
5.977450 811.171200 108.391500
5.993740 810.868800 91.906500
6.010100 832.725600 101.923500
6.026310 837.463200 106.144500
6.042940 837.530400 111.951000
6.059450 829.634400 125.181000
6.076050 820.008000 127.648500
6.093380 819.873600 122.052000
6.108250 725.575200 124.656000
6.125310 606.261600 224.574000
6.141570 605.556000 220.426500
6.157680 569.234400 329.206500
6.174290 559.876800 322.581000
6.190730 557.642400 313.719000
6.207790 550.620000 296.593500
6.224850 560.901600 293.086500
6.258090 594.484800 279.552000
6.272610 598.550400 323.011500
6.305570 586.908000 291.732000
6.321960 577.500000 297.990000
6.354550 579.112800 276.339000
6.371520 575.265600 251.674500
6.387850 572.980800 241.374000
6.404140 562.178400 323.137500
6.420840 553.492800 394.831500
6.437190 551.073600 386.022000
6.453370 565.941600 394.684500
6.469670 539.078400 394.947000
6.485960 543.782400 411.327000
6.502870 565.689600 415.002000
6.519320 587.210400 414.466500
6.535800 593.056800 438.312000
6.551700 577.668000 501.396000
6.570530 557.121600 469.350000
6.585690 554.887200 461.611500
6.601380 571.838400 459.784500
6.617740 564.513600 450.166500
6.634340 560.548800 435.865500
6.650270 599.793600 409.951500
6.667110 603.019200 409.206000
6.699650 601.003200 470.652000
6.716310 640.231200 488.880000
6.732480 641.726400 496.083000
6.749240 543.530400 406.108500
6.765590 579.331200 418.761000
6.782140 577.819200 409.930500
6.798310 469.627200 405.415500
6.814580 465.544800 394.726500
6.830930 463.461600 387.397500
6.847560 555.055200 374.787000
