0.000000 894.146400 726.820500
0.017490 893.256000 729.792000
0.032680 984.110400 666.141000
0.048920 1074.040800 642.957000
0.065580 1071.957600 646.600500
0.082060 1112.512800 697.189500
0.098660 1098.165600 683.130000
0.115810 1100.450400 679.759500
0.131900 1123.248000 656.827500
0.148470 1099.795200 630.619500
0.165160 1102.012800 626.934000
0.181300 1102.752000 649.519500
0.197880 1102.180800 638.106000
0.214870 1101.105600 639.838500
0.230500 733.723200 261.702000
0.247160 669.480000 202.797000
0.263670 669.748800 206.346000
0.279820 592.636800 172.095000
0.296510 621.919200 182.542500
0.312930 622.641600 189.420000
0.329500 637.341600 210.651000
0.345460 613.569600 204.897000
0.377530 603.338400 194.848500
0.393950 569.503200 182.353500
0.431460 385.140000 152.806500
0.444760 391.893600 189.546000
0.460720 392.750400 192.853500
0.476720 391.137600 200.361000
0.493770 411.381600 196.497000
0.510040 413.128800 202.744500
0.526610 398.580000 214.305000
0.545680 404.611200 216.762000
0.561430 406.476000 223.093500
0.577300 379.965600 227.902500
0.594360 375.664800 229.320000
0.610630 377.731200 235.693500
0.626950 356.916000 254.163000
0.640660 343.476000 227.104500
0.657750 341.224800 220.668000
0.673400 346.332000 214.147500
0.690310 353.808000 227.745000
0.708740 352.816800 224.469000
0.724880 354.799200 229.362000
0.742160 365.164800 223.282500
0.755890 364.140000 219.796500
0.771940 331.144800 218.935500
0.788970 337.092000 205.569000
0.805210 333.748800 196.045500
0.822300 366.492000 172.851000
0.838260 356.630400 183.928500
0.854190 358.831200 190.858500
0.870940 341.644800 203.637000
0.887540 337.058400 221.644500
0.905850 338.150400 224.269500
0.921810 337.394400 234.475500
0.938930 353.287200 208.477500
0.952610 352.144800 205.212000
0.969880 355.252800 188.107500
0.985380 336.907200 182.700000
1.001950 334.756800 175.329000
1.018280 366.643200 159.232500
1.034360 344.450400 144.837000
1.051300 342.048000 137.823000
1.067540 341.846400 155.032500
1.083920 327.784800 185.671500
1.100650 330.506400 192.507000
1.116790 351.842400 188.716500
1.133360 325.298400 163.863000
1.151950 320.796000 150.717000
1.168550 317.335200 165.385500
1.185390 329.498400 185.146500
1.201050 334.420800 199.594500
1.217440 334.504800 206.230500
1.231780 335.277600 203.847000
1.248380 334.152000 200.235000
1.264530 334.387200 193.053000
1.281920 351.489600 177.187500
1.297940 350.380800 173.995500
1.313960 365.954400 189.042000
1.330320 340.485600 205.852500
1.347140 346.852800 224.301000
1.363190 341.611200 232.848000
1.379580 364.056000 229.855500
1.412690 381.964800 214.273500
1.429500 366.525600 203.196000
1.445620 362.695200 191.163000
1.461880 331.447200 204.477000
1.480320 333.732000 191.940000
1.511080 326.810400 229.057500
1.527440 325.113600 217.497000
1.560520 329.246400 207.123000
1.579250 331.833600 205.558500
1.611150 332.824800 212.562000
1.626370 327.012000 221.613000
1.645320 329.229600 227.745000
1.660430 342.804000 245.437500
1.675260 339.393600 253.165500
1.708560 349.759200 240.261000
1.724640 340.216800 230.191500
1.741210 341.275200 233.320500
1.757600 353.236800 229.246500
1.774260 363.216000 229.309500
1.790500 365.416800 234.874500
1.807100 356.227200 237.342000
1.823430 343.106400 236.512500
1.839600 337.579200 221.224500
1.856350 337.192800 210.441000
1.872530 349.070400 165.364500
1.889070 349.255200 165.942000
1.904910 350.616000 174.300000
1.921540 345.072000 172.956000
1.938350 347.155200 179.424000
1.954770 342.703200 223.786500
1.970890 341.258400 229.120500
1.987980 344.534400 238.539000
2.003970 356.277600 256.221000
2.020720 357.638400 264.432000
2.037170 359.755200 270.385500
2.053190 355.538400 239.683500
2.070310 363.854400 236.607000
2.086120 360.712800 226.926000
2.102450 359.536800 248.398500
2.118930 361.334400 217.045500
2.135280 359.335200 210.934500
2.151980 378.823200 203.679000
2.168240 344.332800 226.275000
2.184810 346.516800 232.501500
2.201140 346.567200 233.961000
2.217500 345.122400 239.179500
2.234190 346.130400 242.392500
2.250210 387.727200 236.197500
2.266850 390.700800 229.960500
2.285100 392.616000 236.145000
2.299960 367.231200 257.638500
2.315860 366.895200 242.403000
2.349060 372.052800 251.779500
2.365750 368.709600 262.857000
2.399050 358.058400 265.744500
2.416560 358.360800 269.703000
2.433410 355.152000 260.473500
2.450130 597.744000 236.806500
2.464080 697.048800 215.890500
2.480500 696.444000 203.553000
2.496830 715.663200 200.665500
2.513000 706.372800 198.124500
2.529360 706.087200 191.121000
2.545750 697.351200 211.134000
2.562320 693.386400 188.296500
2.595460 683.071200 192.433500
2.611660 689.942400 179.823000
2.628170 689.824800 176.253000
2.644380 707.246400 189.829500
2.661620 729.254400 165.301500
2.678160 728.952000 155.127000
2.694150 736.512000 153.762000
2.711060 738.998400 167.611500
2.727050 739.166400 177.775500
2.743590 743.080800 202.471500
2.760280 745.214400 196.392000
2.792820 750.876000 170.404500
2.809510 740.476800 188.821500
2.843480 749.515200 194.323500
2.858610 747.062400 190.165500
2.875400 747.012000 183.309000
2.891200 752.102400 162.792000
2.908050 731.992800 165.396000
2.940310 726.600000 165.973500
2.956480 737.032800 165.585000
2.973420 737.251200 176.064000
2.989530 752.892000 223.335000
3.006040 743.181600 214.158000
3.022640 743.198400 217.350000
3.038970 719.846400 206.157000
3.056300 713.580000 196.129500
3.071990 713.361600 189.409500
3.088100 729.237600 201.453000
3.104800 729.338400 188.926500
3.137510 720.535200 172.903500
3.154170 730.716000 179.833500
3.170290 730.800000 183.246000
3.186890 718.569600 194.019000
3.203460 710.169600 205.222500
3.219730 710.018400 201.600000
3.236180 715.276800 180.883500
3.252960 741.384000 165.931500
3.269260 741.367200 162.634500
3.285520 737.452800 207.774000
3.302090 741.367200 227.503500
3.318180 741.451200 234.003000
3.334720 722.299200 214.987500
3.351230 711.379200 186.963000
3.367770 711.228000 183.424500
3.384580 718.452000 179.959500
3.400670 723.576000 164.073000
3.416990 723.744000 170.572500
3.433040 728.179200 187.614000
3.449800 729.960000 209.160000
3.466030 729.960000 209.160000
3.482450 730.900800 210.735000
3.498900 731.724000 196.014000
3.515410 731.640000 193.284000
3.531890 733.152000 197.767500
3.548430 740.863200 212.289000
3.581020 697.989600 206.808000
3.597500 710.186400 184.527000
3.614440 709.783200 174.027000
3.630250 716.620800 171.738000
3.646700 712.101600 162.655500
3.663330 712.236000 166.351500
3.679660 727.389600 217.024500
3.696200 723.559200 218.137500
3.712710 723.794400 228.028500
3.729220 716.301600 220.804500
3.745640 737.133600 203.605500
3.762120 737.100000 200.413500
3.778080 726.314400 217.906500
3.794950 741.384000 213.097500
3.811100 741.451200 216.321000
3.827760 731.808000 195.552000
3.844180 722.601600 193.504500
3.860690 722.433600 186.774000
3.876800 718.200000 194.334000
3.893460 710.572800 195.951000
3.909670 710.656800 199.384500
3.925870 736.344000 197.610000
3.942840 713.496000 223.513500
3.959170 713.412000 220.006500
3.975160 723.172800 201.033000
3.991520 709.245600 181.650000
4.008210 709.161600 178.405500
4.024780 715.663200 177.219000
4.041530 714.151200 196.780500
4.057890 714.436800 207.018000
4.074190 711.496800 223.933500
4.090450 728.985600 206.451000
4.107060 728.733600 196.350000
4.123380 725.037600 206.388000
4.139710 717.108000 180.442500
4.156460 717.024000 176.778000
4.172640 721.459200 184.275000
4.189180 727.372800 161.332500
4.205200 727.389600 161.511000
4.221740 725.760000 150.801000
4.238130 733.135200 175.056000
4.254940 733.336800 185.377500
4.271210 726.969600 217.035000
4.287810 730.699200 219.786000
4.303770 730.648800 216.268500
4.320400 719.308800 185.503500
4.337130 723.072000 170.866500
4.353580 722.904000 164.115000
4.369750 723.626400 152.071500
4.386380 729.220800 148.438500
4.402560 729.456000 159.169500
4.419130 721.492800 173.554500
4.435520 722.517600 197.389500
4.451870 722.500800 197.211000
4.470400 720.115200 219.030000
4.484590 715.646400 166.782000
4.501280 715.428000 159.705000
4.517400 714.218400 180.904500
4.533840 710.808000 188.160000
4.550450 711.043200 195.037500
4.566620 723.408000 204.393000
4.583560 719.292000 218.484000
4.599700 719.392800 221.812500
4.616060 725.760000 202.744500
4.632600 746.020800 208.330500
4.649110 746.004000 205.033500
4.665560 733.689600 212.100000
4.682100 734.042400 219.502500
4.698060 734.160000 226.096500
4.714810 739.536000 217.203000
4.730960 745.785600 234.433500
4.747890 745.735200 231.084000
4.764010 712.740000 193.000500
4.780400 733.740000 197.767500
4.813140 732.916800 226.852500
4.829830 730.027200 208.992000
4.862520 742.039200 215.407500
4.878970 732.496800 198.859500
4.895450 732.429600 195.342000
4.911650 718.771200 195.783000
4.928440 725.457600 193.284000
4.944640 725.608800 199.594500
4.960660 734.479200 211.638000
4.977570 734.176800 205.747500
5.009890 725.474400 198.754500
5.026670 718.989600 195.793500
5.043270 718.620000 182.784000
5.059880 722.366400 163.201500
5.076350 725.004000 150.139500
5.092530 725.088000 153.573000
5.109010 726.314400 184.947000
5.125370 722.836800 203.731500
5.142120 723.206400 219.880500
5.158050 730.833600 217.759500
5.174620 721.610400 209.601000
5.191410 721.560000 206.377500
5.207150 720.232800 225.582000
5.224150 733.353600 225.624000
5.240110 733.370400 226.170000
5.256470 734.613600 209.160000
5.273040 730.413600 194.208000
5.289760 730.279200 187.183500
5.306850 728.632800 208.341000
5.323090 725.928000 213.927000
5.340000 725.709600 203.805000
5.356200 721.408800 180.873000
5.372410 725.810400 170.793000
5.391420 725.709600 167.622000
5.407710 724.113600 183.172500
5.424260 721.072800 179.518500
5.438480 721.173600 182.815500
5.454500 708.607200 179.329500
5.472690 705.146400 201.117000
5.487460 704.894400 194.628000
5.503880 720.182400 166.320000
5.520230 737.184000 168.346500
5.536740 737.352000 178.678500
5.553280 749.868000 205.716000
5.569550 736.814400 234.349500
5.586030 736.982400 244.062000
5.602450 744.273600 178.636500
5.618350 747.398400 202.786500
5.651210 942.513600 217.350000
5.667600 1018.869600 204.466500
5.684170 1017.424800 211.008000
5.700620 1022.128800 251.926500
5.717250 1019.692800 243.358500
5.751040 1152.211200 225.403500
5.767730 1152.496800 217.108500
5.790710 1149.624000 226.044000
5.800750 1131.648000 240.376500
5.816010 1004.757600 217.864500
5.832730 1001.968800 231.042000
5.848820 1000.608000 267.267000
5.865510 987.772800 227.944500
5.881620 989.016000 221.697000
5.899870 1001.985600 230.580000
5.914460 1006.252800 255.790500
5.931090 1006.840800 252.703500
5.947300 1114.915200 246.928500
5.964110 1122.492000 248.661000
5.980680 1123.533600 245.815500
5.997340 1130.892000 244.618500
6.013950 1123.113600 258.804000
6.031490 1121.215200 264.589500
6.045140 1129.699200 260.778000
6.064330 1142.635200 273.262500
6.080840 1141.778400 275.919000
6.097200 1111.992000 260.578500
6.111360 1097.090400 253.459500
6.127810 1093.579200 264.946500
6.144260 1095.427200 300.027000
6.161040 1099.744800 299.691000
6.177340 1098.552000 302.998500
6.193390 1103.844000 292.803000
6.210270 1115.049600 296.047500
6.226810 1121.097600 278.218500
6.242920 1127.246400 238.854000
6.259430 1122.626400 236.974500
6.275670 1121.786400 239.715000
6.292110 1107.439200 262.710000
6.308900 1116.276000 255.853500
6.325070 1113.033600 265.387500
6.342900 1100.114400 271.677000
6.357790 1113.739200 270.711000
6.374570 1118.292000 256.483500
6.391450 1138.065600 236.449500
6.407500 1131.916800 227.997000
6.423650 1133.815200 222.054000
6.442780 1124.104800 228.165000
6.456330 1113.840000 218.127000
6.472900 1110.463200 230.034000
6.489110 1104.835200 247.999500
6.505950 1098.199200 263.046000
6.522220 1092.789600 280.497000
6.538240 1093.495200 291.217500
6.554870 1095.225600 287.448000
6.571590 1097.930400 278.586000
6.587770 1119.316800 292.614000
6.604490 1129.497600 258.856500
6.620820 1134.739200 243.327000
6.637080 1123.869600 241.972500
6.653690 1132.992000 231.798000
6.669830 1131.244800 237.174000
6.686340 1120.408800 272.517000
6.703160 1092.453600 269.556000
6.720310 1091.848800 270.585000
6.735440 1101.290400 264.841500
6.752080 1100.618400 242.518500
6.770110 1103.222400 234.381000
6.784760 1117.519200 246.414000
6.801150 1129.867200 254.940000
6.817720 1129.296000 256.756500
6.833980 1121.181600 245.248500
6.850800 1109.052000 227.209500
6.866940 1108.161600 229.887000
6.883730 1133.731200 253.522500
6.900240 1115.856000 265.765500
6.917180 1115.385600 267.193500
6.933110 1115.805600 244.692000
6.949920 1111.336800 244.566000
6.982600 1114.764000 234.654000
7.001740 1084.507200 224.311500
7.015720 1082.760000 230.538000
7.031770 1084.944000 258.951000
7.049770 1085.952000 258.751500
7.065060 1083.415200 267.592500
7.080690 1084.977600 285.316500
7.099490 1093.428000 293.737500
7.113130 1092.504000 296.257500
7.129520 1098.921600 286.398000
7.145870 1099.224000 270.637500
7.162510 1100.148000 268.033500
7.179050 1086.220800 293.748000
7.195590 1075.351200 271.593000
7.211610 1076.308800 268.107000
7.227840 1111.790400 255.717000
7.244810 1121.988000 241.080000
7.261020 1124.894400 232.197000
7.277220 1106.834400 251.506500
7.293880 1091.227200 253.680000
7.310330 1087.800000 265.167000
7.326660 1108.178400 259.161000
7.343570 1115.738400 267.015000
7.359710 1116.578400 264.232500
7.376280 1109.455200 272.412000
7.392790 1118.392800 275.488500
7.408910 1123.449600 260.316000
7.426510 1117.082400 243.978000
7.441620 1106.817600 215.050500
7.458370 1105.944000 217.717500
7.474730 1095.460800 228.879000
7.491120 1098.182400 250.845000
7.507450 1095.192000 261.114000
7.524110 1110.278400 260.200500
7.540190 1110.043200 277.336500
7.556950 1106.296800 288.760500
7.572850 1102.348800 275.509500
7.589260 1103.172000 286.429500
7.622440 1106.515200 295.186500
7.639100 1087.766400 282.555000
7.671660 1101.861600 289.138500
7.688260 1101.928800 298.210500
7.704650 1102.785600 295.554000
7.721650 1105.826400 272.065500
7.738620 1102.987200 273.105000
7.761750 1104.684000 267.750000
7.774750 1102.920000 267.298500
7.787080 1098.854400 267.214500
7.803410 1098.048000 270.007500
7.819400 1114.898400 266.710500
7.836120 1109.539200 265.650000
7.852810 1109.774400 264.894000
7.869900 1100.584800 257.271000
7.885680 1099.257600 247.747500
7.902190 1101.156000 241.489500
7.918370 1102.920000 249.784500
7.935210 1105.675200 250.341000
7.951420 1108.581600 240.681000
7.967500 1092.520800 240.996000
7.984010 1122.542400 230.401500
8.000820 1125.028800 221.980500
8.016690 1121.988000 221.560500
8.033870 1116.796800 239.274000
8.049650 1115.637600 243.075000
8.066380 1108.984800 234.066000
8.085080 1096.368000 226.537500
8.099430 1093.898400 235.263000
8.115600 1132.891200 244.723500
8.131810 1126.440000 238.570500
8.148070 1122.676800 250.236000
8.164790 1102.483200 281.494500
8.181460 1114.848000 273.693000
8.199620 1112.815200 279.856500
8.213870 1114.159200 279.762000
8.230650 1115.385600 273.871500
8.263430 1111.975200 282.702000
8.280210 1102.298400 272.706000
8.296390 1105.053600 263.739000
8.312840 1088.220000 273.724500
8.329440 916.557600 339.717000
8.345700 919.648800 320.260500
8.362120 496.608000 466.357500
8.378600 392.985600 467.040000
8.394810 389.944800 460.162500
8.413540 398.932800 496.965000
8.431460 384.837600 493.258500
8.444180 385.929600 495.684000
8.460600 363.552000 478.863000
8.477480 383.460000 489.867000
8.493650 385.744800 494.539500
8.510250 360.628800 504.903000
8.526790 353.203200 496.639500
8.542880 349.507200 489.363000
8.559540 332.724000 513.660000
8.575870 344.937600 485.709000
8.592410 343.694400 483.504000
8.608730 362.863200 464.205000
8.625490 348.264000 482.055000
8.642970 352.111200 489.037500
8.657620 355.656000 525.892500
8.673550 350.784000 494.350500
8.690310 351.792000 496.450500
8.706820 345.172800 510.982500
8.723630 348.180000 524.643000
8.742950 350.750400 529.158000
8.756380 353.824800 515.980500
8.773100 346.819200 501.669000
8.789730 344.484000 497.385000
8.805730 356.546400 513.061500
8.822570 331.212000 504.451500
8.838960 329.935200 502.005000
8.855260 319.956000 497.374500
8.871550 307.238400 502.519500
8.888150 305.793600 500.409000
8.904240 305.407200 495.001500
8.921080 323.853600 495.463500
8.937350 326.491200 500.104500
8.953580 324.643200 505.995000
8.971710 326.239200 510.961500
9.002040 315.520800 519.424500
9.018920 314.244000 511.203000
9.052830 344.685600 487.777500
9.073270 319.502400 508.263000
9.103580 319.754400 486.832500
9.119600 325.332000 498.246000
9.134430 326.508000 500.493000
9.150540 333.076800 509.932500
9.167020 335.899200 498.361500
9.186160 338.251200 502.614000
9.199100 336.672000 506.541000
9.216130 344.652000 502.446000
9.248990 354.396000 502.099500
9.265630 338.452800 516.096000
9.282620 336.050400 511.570500
9.299350 339.813600 479.955000
9.314850 334.034400 506.047500
9.330930 332.707200 503.989500
9.347690 332.556000 473.770500
9.364380 339.696000 504.861000
9.381010 342.300000 509.523000
9.398010 328.641600 512.935500
9.413510 337.663200 513.418500
9.430180 336.319200 511.434000
9.446140 338.452800 484.669500
9.462800 345.475200 478.905000
9.479460 345.391200 478.264500
9.495640 334.454400 500.871000
9.512150 332.001600 495.316500
9.528530 328.305600 488.964000
9.545070 301.459200 496.576500
9.561490 305.877600 510.709500
9.578980 308.649600 515.235000
9.594360 311.203200 510.772500
9.610750 332.992800 509.733000
9.643100 333.564000 503.832000
9.659420 334.891200 495.106500
9.675930 333.715200 492.660000
9.692380 328.305600 489.814500
9.708890 320.846400 502.089000
9.725430 318.192000 497.532000
9.741670 320.040000 504.472500
9.758450 319.888800 467.071500
9.774660 321.081600 469.602000
9.790890 338.066400 441.241500
9.807460 337.596000 455.521500
9.824160 340.132800 460.446000
9.840390 345.676800 460.320000
9.856930 339.628800 469.948500
9.889590 328.389600 515.077500
9.906070 325.096800 510.709500
9.940730 335.143200 499.359000
9.956700 358.629600 481.110000
9.988740 350.767200 477.624000
10.005980 345.660000 498.823500
10.021820 343.056000 494.046000
10.037960 339.662400 484.711500
10.056700 343.795200 491.631000
10.071290 341.241600 486.895500
10.087430 324.979200 486.654000
10.104100 323.013600 486.087000
10.120850 325.668000 490.822500
10.136750 328.994400 466.987500
10.153630 321.098400 517.503000
10.170140 325.130400 523.855500
10.185460 367.785600 509.292000
10.201900 356.428800 503.937000
10.217900 353.690400 499.180500
10.234250 351.859200 508.872000
10.251040 340.183200 517.062000
10.268590 341.577600 519.298500
10.285130 308.498400 512.284500
10.301090 320.107200 488.355000
10.316990 321.703200 490.780500
10.333830 329.985600 470.757000
10.350680 340.720800 476.889000
10.367280 336.856800 469.623000
10.383670 340.905600 460.582500
10.399780 328.927200 465.507000
10.416600 328.003200 463.302000
10.432400 311.152800 465.696000
10.449430 339.796800 455.889000
10.465730 341.006400 458.545500
10.481990 544.437600 430.857000
10.498380 694.696800 452.214000
10.516420 694.680000 452.088000
10.532410 706.372800 448.045500
10.546720 706.020000 442.512000
10.579770 708.792000 428.893500
10.597500 714.688800 449.053500
10.612670 714.940800 454.156500
10.628850 692.445600 453.222000
10.645690 703.180800 465.559500
10.679350 706.490400 445.714500
10.695740 713.008800 452.098500
10.727540 713.059200 460.740000
10.744110 713.025600 455.490000
10.760990 712.756800 450.397500
10.776820 713.126400 446.848500
10.793760 717.259200 424.273500
10.810120 717.024000 419.065500
10.826420 725.424000 446.428500
10.842990 722.064000 428.799000
10.859160 722.013600 426.321000
10.875760 716.083200 423.423000
10.892760 706.171200 405.594000
10.908260 706.272000 408.292500
10.926970 699.367200 453.064500
10.940920 700.190400 447.520500
10.957280 700.845600 457.495500
10.973940 718.720800 473.991000
10.989960 700.660800 475.503000
11.006740 700.543200 473.109000
11.023010 719.661600 483.273000
11.040680 727.104000 465.664500
11.056060 726.952800 460.582500
11.072270 733.118400 478.117500
11.089080 732.916800 462.703500
11.105070 733.017600 464.698500
11.121280 704.793600 474.169500
11.138120 706.977600 474.558000
11.154880 706.910400 472.752000
11.172420 690.698400 477.760500
11.187870 699.770400 483.798000
11.204280 699.871200 486.349500
11.221280 714.352800 488.229000
11.237400 705.717600 489.688500
11.256470 706.171200 496.555500
11.269780 723.962400 486.381000
11.286040 733.152000 499.149000
11.302580 733.000800 494.004000
11.318910 738.595200 478.884000
11.337620 709.682400 454.828500
11.351780 709.228800 448.161000
11.368290 733.572000 431.403000
11.384670 723.912000 445.315500
11.401180 724.096800 450.261000
11.417480 740.325600 472.888500
11.433690 715.612800 459.259500
11.450380 715.411200 456.456000
11.466920 718.250400 431.707500
11.483400 725.944800 451.437000
11.500340 726.230400 458.556000
11.516050 730.144800 473.140500
11.532990 728.128800 463.197000
11.549500 728.162400 463.837500
11.565830 717.763200 464.131500
11.582670 730.548000 466.704000
11.599150 730.380000 461.706000
11.615080 738.259200 454.660500
11.631710 736.898400 449.809500
11.647920 736.730400 442.207500
11.664580 732.715200 440.191500
11.680850 711.496800 431.718000
11.697600 711.244800 426.814500
11.713070 719.241600 447.625500
11.729830 721.576800 448.360500
11.762420 729.657600 425.061000
11.779080 723.072000 420.304500
11.795440 723.156000 422.887500
11.811980 735.000000 437.451000
11.828800 733.908000 433.083000
11.844790 734.176800 443.047500
11.861180 714.722400 443.236500
11.877750 709.917600 456.235500
11.894200 710.203200 461.275500
11.910130 709.480800 480.910500
11.926730 720.384000 473.119500
11.959470 716.251200 478.684500
11.976350 724.449600 466.725000
11.992770 724.248000 461.727000
12.008880 733.135200 488.470500
12.026890 716.822400 473.245500
12.041960 716.587200 468.405000
12.058170 726.852000 457.044000
12.074860 724.852800 451.416000
12.107480 701.719200 456.529500
12.124180 727.759200 465.643500
12.140140 727.927200 470.515500
12.157500 738.057600 448.108500
12.173190 730.884000 438.963000
12.205960 720.787200 465.465000
12.222320 737.620800 463.291500
12.255220 720.770400 465.465000
12.271850 712.168800 462.399000
12.288570 712.454400 467.386500
12.304350 709.783200 487.095000
12.320650 721.627200 486.087000
12.354030 727.608000 461.296500
12.370300 854.162400 487.977000
12.386960 854.784000 483.147000
12.403140 1113.991200 463.585500
12.419830 1098.400800 459.532500
12.435880 1101.542400 452.109000
12.452580 1132.252800 436.747500
12.470550 1135.680000 439.110000
12.487400 1139.107200 431.581500
12.502350 1161.048000 414.414000
12.519100 1167.196800 419.821500
12.535920 1168.524000 417.123000
12.551820 1152.832800 417.154500
12.570400 1142.265600 420.945000
12.584410 1139.812800 426.394500
12.600220 1132.269600 431.382000
12.616420 1140.132000 433.912500
12.649410 1144.668000 447.352500
12.665920 1158.276000 455.868000
12.684050 1156.092000 460.341000
12.699370 1116.847200 485.856000
12.715450 1117.536000 484.743000
12.731900 1111.219200 498.130500
12.747990 1137.141600 502.026000
12.764470 1139.174400 495.316500
12.781010 1142.484000 488.796000
12.797120 1147.406400 458.598000
12.813600 1161.938400 468.184500
12.830320 1164.206400 463.743000
12.846440 1152.631200 470.536500
12.863070 1124.911200 469.906500
12.895750 1115.335200 447.132000
12.912170 1123.449600 467.911500
12.929020 1121.198400 472.731000
12.945190 1126.792800 450.985500
12.961610 1125.751200 481.992000
12.978330 1121.349600 491.137500
12.994600 1118.124000 487.557000
13.010830 1106.868000 501.480000
13.027620 1104.835200 505.785000
13.043760 1106.632800 509.638500
13.060420 1106.196000 513.124500
13.076870 1108.245600 508.861500
13.093200 1111.202400 481.435500
13.109680 1112.126400 479.062500
13.142090 1109.841600 496.986000
13.159090 1109.102400 479.997000
13.191530 1105.557600 467.470500
13.208040 1103.407200 480.637500
13.224370 1107.573600 471.334500
13.241240 1155.974400 476.731500
13.257420 1148.078400 468.289500
13.273770 1147.087200 470.515500
13.290340 1124.407200 488.313000
13.306580 1112.479200 490.539000
13.323150 1109.169600 497.385000
13.340850 1117.603200 479.020500
13.355560 1111.320000 466.431000
13.372770 1115.503200 457.012500
13.389070 1157.956800 489.142500
13.405460 1157.704800 476.395500
13.422120 1160.174400 471.597000
13.438050 1115.100000 484.774500
13.454440 1100.164800 456.918000
13.470790 1098.081600 461.821500
13.487240 1118.023200 471.376500
13.503910 1134.907200 478.159500
13.519900 1130.421600 487.357500
13.536530 1138.519200 483.346500
13.553190 1136.352000 481.446000
13.569850 1138.788000 476.490000
13.585820 1149.472800 463.900500
13.602450 1156.394400 455.983500
13.618840 1161.031200 446.565000
13.635130 1151.757600 466.063500
13.651730 1144.332000 473.151000
13.684570 1147.591200 447.016500
13.700810 1141.072800 446.617500
13.734040 1143.088800 458.115000
13.753230 1158.763200 453.841500
13.768040 1156.327200 458.766000
13.783330 1138.737600 465.129000
13.800260 1120.644000 506.814000
13.816530 1118.342400 511.465500
13.832890 1108.094400 485.152500
13.849150 1110.144000 479.692500
13.882020 1095.477600 477.571500
13.898530 1101.945600 483.819000
13.931030 1102.298400 495.043500
13.947510 1101.290400 498.477000
13.963870 1103.474400 493.731000
13.980380 1108.665600 475.881000
13.996520 1106.599200 471.964500
14.013120 1108.749600 467.134500
14.030030 1099.022400 465.465000
14.046390 1030.646400 490.507500
14.081120 502.689600 648.637500
14.098180 350.901600 663.316500
14.112030 346.819200 657.531000
14.128660 313.488000 668.776500
14.145110 298.468800 667.075500
14.161500 296.956800 665.616000
14.177950 384.484800 652.974000
14.194580 387.979200 667.863000
14.210600 395.236800 678.258000
14.226870 349.423200 690.984000
14.243230 366.710400 706.156500
14.276460 361.267200 698.743500
14.292910 292.168800 745.468500
14.309480 287.700000 741.058500
14.325620 301.492800 718.956000
14.342100 280.627200 696.118500
14.358610 280.711200 696.202500
14.374760 294.050400 688.117500
14.391330 294.840000 690.459000
14.408360 297.830400 693.693000
14.424800 301.039200 707.553000
14.441250 301.610400 717.622500
14.456450 302.954400 719.187000
14.472690 317.805600 747.211500
14.489620 314.949600 721.518000
14.506290 314.865600 721.444500
14.522520 319.368000 750.361500
14.538760 334.790400 741.142500
14.555630 333.547200 739.630500
14.571840 286.339200 688.348500
14.588350 309.388800 727.083000
14.604800 309.472800 727.167000
14.620880 299.796000 734.884500
14.637540 287.364000 721.990500
14.653630 282.189600 717.118500
14.670350 307.120800 725.613000
14.686680 311.421600 692.338500
14.703130 312.883200 693.871500
14.719450 313.521600 709.159500
14.736180 319.048800 698.481000
14.753080 322.308000 702.145500
14.768740 295.411200 732.858000
14.785160 298.116000 731.608500
14.818180 309.472800 728.637000
14.834350 305.121600 720.268500
14.867890 310.531200 707.553000
14.883970 307.624800 697.578000
14.900120 308.918400 699.237000
14.916720 312.883200 718.620000
14.933070 323.349600 730.464000
14.949250 326.188800 733.414500
14.965820 313.958400 705.768000
14.982180 318.864000 721.423500
14.998960 317.553600 719.806500
15.014980 322.761600 715.480500
15.031920 330.775200 722.158500
15.048190 328.036800 719.176500
15.064270 289.144800 692.097000
15.081240 292.051200 702.817500
15.097350 294.621600 705.820500
15.113560 321.081600 746.151000
15.130340 329.246400 745.332000
15.146940 332.136000 747.904500
15.162960 333.345600 733.845000
15.179380 315.621600 737.457000
15.196530 310.144800 731.965500
15.212550 294.722400 704.434500
15.228820 312.093600 743.379000
15.245360 309.170400 740.502000
15.261870 300.232800 721.119000
15.278050 316.797600 703.269000
15.294620 313.975200 700.171500
15.310610 304.684800 694.911000
15.327390 311.438400 724.720500
15.360320 319.519200 714.220500
15.376740 298.737600 691.047000
15.392850 301.644000 694.207500
15.409850 321.350400 729.939000
15.425600 307.792800 726.169500
15.442110 310.732800 729.141000
15.458560 299.208000 724.689000
15.474850 303.408000 733.666500
15.491460 304.785600 735.231000
15.507970 295.377600 737.194500
15.525820 303.139200 723.261000
15.541350 303.072000 723.187500
15.557680 357.991200 715.753500
15.573820 513.962400 688.254000
15.592830 512.551200 684.820500
15.608520 656.157600 655.105500
15.625310 650.143200 669.301500
15.641270 649.269600 666.078000
15.658080 625.934400 636.300000
15.673950 641.928000 649.572000
15.689000 642.348000 651.504000
15.705290 667.060800 650.769000
15.721370 667.464000 673.018500
15.737920 667.850400 676.410000
15.754270 653.856000 655.053000
15.771150 657.787200 705.925500
15.787050 658.526400 708.813000
15.803830 752.052000 719.943000
15.820280 729.926400 684.810000
15.836850 729.388800 677.145000
15.852810 738.696000 684.904500
15.869350 741.283200 684.505500
15.886170 741.501600 689.220000
15.902400 738.225600 692.044500
15.919130 724.096800 690.270000
15.935390 723.895200 687.099000
15.951390 725.037600 673.239000
15.968200 735.571200 637.444500
15.984410 735.520800 639.229500
16.000920 750.220800 686.217000
16.017400 752.640000 699.436500
16.033630 752.690400 705.778500
16.050020 759.813600 709.296000
16.066960 755.092800 723.271500
16.099460 739.216800 733.540500
16.115970 734.025600 739.977000
16.148440 749.078400 710.335500
16.165190 738.242400 690.469500
16.181300 738.124800 687.130500
16.198150 742.795200 678.520500
16.214540 736.864800 680.893500
16.247340 727.356000 693.126000
16.263760 716.486400 694.113000
16.296660 709.867200 696.013500
16.313140 750.624000 697.473000
16.330720 750.540000 696.045000
16.346010 750.876000 676.536000
16.362430 746.356800 645.603000
16.378630 746.491200 647.377500
16.395390 704.138400 696.601500
16.411650 735.571200 656.323500
16.428250 735.386400 651.199500
16.444060 758.654400 651.052500
16.460540 760.468800 646.485000
16.477570 760.401600 653.436000
16.493740 749.817600 696.255000
16.510070 737.536800 681.040500
16.526820 737.654400 684.421500
16.542910 752.505600 683.098500
16.559540 732.732000 673.438500
16.592250 756.487200 656.271000
16.611080 745.348800 672.367500
16.625210 745.214400 665.626500
16.641910 711.866400 657.814500
16.658080 706.372800 667.254000
16.674620 706.053600 663.915000
16.691040 703.483200 674.814000
16.707310 719.325600 688.107000
16.723570 719.560800 692.916000
16.740200 750.724800 659.379000
16.756440 754.891200 681.796500
16.789430 712.185600 692.737500
16.806090 713.260800 681.124500
16.822390 712.992000 677.869500
16.838560 716.704800 685.986000
16.855070 718.082400 689.871000
16.871730 718.368000 691.834500
16.888000 705.297600 648.039000
16.904540 732.009600 651.105000
16.921020 731.640000 645.519000
16.939450 719.308800 707.395500
16.953890 701.954400 673.123500
16.969970 702.240000 674.677500
16.986510 724.953600 669.217500
17.003200 742.795200 670.330500
17.019350 742.828800 675.822000
17.035770 752.035200 691.330500
17.052220 759.057600 702.733500
17.068910 759.024000 709.023000
17.085360 751.380000 706.524000
17.101960 749.515200 715.837500
17.134490 748.036800 716.425500
17.151120 741.636000 710.514000
17.167180 741.535200 707.332500
17.183900 725.844000 706.083000
17.200440 713.512800 685.870500
17.216670 713.227200 680.830500
17.233180 721.358400 667.621500
17.249510 718.284000 667.989000
17.268280 717.780000 660.964500
17.282200 732.950400 660.534000
17.298890 732.429600 656.817000
17.331670 718.082400 661.174500
17.348210 736.512000 676.903500
17.364140 736.646400 680.536500
17.381440 735.571200 679.465500
17.397370 710.673600 675.433500
17.430110 720.770400 696.969000
17.446620 717.696000 681.324000
17.463010 717.645600 682.983000
17.479100 731.589600 677.670000
17.495820 738.796800 657.856500
17.512270 739.015200 664.639500
17.528530 732.984000 672.094500
17.545200 748.490400 661.395000
17.561370 748.540800 664.923000
17.577820 756.604800 692.916000
17.594790 737.335200 705.978000
17.611110 737.217600 702.765000
17.626860 714.184800 704.224500
17.643520 713.328000 721.360500
17.660340 712.639200 713.275500
17.677030 710.640000 684.043500
17.693420 712.168800 687.214500
17.711640 711.900000 684.159000
17.743160 720.804000 666.571500
17.759400 721.257600 673.575000
17.775480 727.171200 686.322000
17.792210 729.187200 700.339500
17.808500 729.321600 706.534500
17.826870 740.997600 697.809000
17.841190 725.440800 700.560000
17.857820 725.726400 700.066500
17.873900 729.792000 723.334500
17.890440 737.688000 711.522000
17.907290 737.368800 707.416500
17.926850 751.514400 693.136500
17.939700 915.583200 687.067500
17.956360 914.558400 690.280500
17.972500 1112.815200 718.158000
17.988980 1119.081600 716.740500
18.008090 1122.996000 711.595500
18.023900 1137.847200 704.308500
18.038180 1125.247200 696.811500
18.054990 1124.306400 698.113500
18.070830 1139.342400 712.425000
18.087860 1139.292000 729.487500
18.104060 1138.653600 730.233000
18.120300 1124.894400 700.119000
18.137120 1136.419200 679.780500
18.154080 1133.949600 683.088000
18.169400 1144.903200 708.099000
18.185940 1147.322400 702.513000
18.202120 1143.508800 707.038500
18.218840 1151.488800 719.208000
18.235500 1151.908800 715.732500
18.255280 1150.800000 717.202500
18.268130 1141.257600 712.372500
18.284580 1137.360000 722.263500
18.300570 1139.628000 719.544000
18.317690 1136.402400 727.429500
18.334380 1134.772800 698.964000
18.366640 1133.647200 707.542500
18.383540 1144.869600 730.180500
18.416020 1138.233600 695.026500
18.432860 1137.796800 708.666000
18.465210 1139.409600 705.295500
18.482120 1127.683200 709.768500
18.514470 1129.968000 711.942000
18.530910 1124.911200 714.472500
18.563660 1119.972000 724.741500
18.582280 1129.195200 707.038500
18.612880 1129.548000 701.757000
18.629300 1137.259200 699.226500
18.646000 1138.603200 697.630500
18.662230 1128.657600 709.401000
18.678530 1142.064000 702.975000
18.694920 1144.550400 699.877500
18.711670 1127.733600 707.689500
18.727970 1109.556000 711.354000
18.744170 1110.631200 709.758000
18.760560 1131.076800 692.989500
18.777340 1171.598400 696.076500
18.793730 1170.372000 697.651500
18.810090 1123.735200 688.936500
18.827120 1109.707200 698.082000
18.843230 1110.748800 696.664500
18.859160 1147.675200 688.579500
18.876130 1146.415200 683.844000
18.892610 1143.945600 687.025500
18.913480 1136.604000 691.540500
18.927460 1132.504800 701.022000
18.941860 1129.984800 704.245500
18.958160 1141.442400 737.688000
18.974760 1151.572800 737.016000
19.007480 1135.629600 695.016000
19.026950 1147.792800 694.554000
19.056700 1140.787200 704.203500
19.073580 1137.158400 710.482500
19.105930 1137.007200 695.572500
19.122960 1124.306400 722.967000
19.139650 1123.113600 724.363500
19.155400 1122.256800 703.006500
19.172000 1124.608800 713.842500
19.189760 1123.584000 715.165500
19.204740 1111.000800 734.811000
19.221560 1127.011200 725.665500
19.240810 1129.212000 722.977500
19.253910 1149.405600 708.183000
19.270720 1138.384800 713.590500
19.303380 1148.800800 697.935000
19.319790 1147.036800 726.285000
19.336300 1145.760000 727.566000
19.352540 1123.500000 724.216500
19.368680 1143.122400 728.910000
19.384890 1140.787200 731.608500
19.401610 1115.721600 741.163500
19.418000 1128.170400 723.397500
19.434630 1129.346400 721.990500
19.450930 1140.451200 731.671500
19.467040 1155.705600 730.128000
19.483950 1158.091200 727.471500
19.500340 1160.392800 749.248500
19.516540 1154.630400 734.370000
19.549160 1152.060000 747.810000
19.566830 1143.576000 751.212000
19.581940 1146.230400 748.335000
19.598570 972.199200 556.216500
19.615050 943.420800 477.456000
19.648100 931.963200 510.079500
19.664460 933.256800 504.441000
19.682160 933.828000 502.162500
19.697240 926.889600 497.353500
19.714020 949.250400 474.211500
19.730130 950.392800 469.581000
19.746770 934.012800 452.256000
19.763060 954.156000 470.925000
19.779420 953.484000 473.266500
19.795810 931.291200 501.742500
19.812130 936.398400 483.210000
19.828860 935.323200 487.798500
19.845150 890.534400 513.912000
19.861480 742.543200 560.920500
19.879430 742.627200 565.194000
19.899750 729.708000 586.855500
19.912260 731.152800 595.392000
19.943940 713.361600 574.812000
19.960240 728.884800 597.492000
19.992920 744.492000 610.102500
20.009400 720.552000 610.323000
20.026120 720.316800 606.396000
20.042330 727.137600 578.581500
20.058960 747.129600 584.734500
20.091400 738.897600 600.169500
20.107940 695.604000 537.621000
20.124450 695.973600 542.062500
