0.000000 787.533600 338.121000
0.015870 780.662400 359.100000
0.031490 780.410400 356.139000
0.047850 778.310400 342.363000
0.064940 812.968800 371.007000
0.081790 813.355200 375.270000
0.097660 767.676000 385.644000
0.113770 782.359200 384.594000
0.131350 783.048000 391.429500
0.147220 780.864000 413.784000
0.163820 801.024000 421.974000
0.180180 800.822400 418.719000
0.197020 806.164800 364.749000
0.216800 781.838400 403.861500
0.229740 781.452000 400.449000
0.245610 800.906400 353.241000
0.262450 794.337600 364.339500
0.278810 794.085600 364.245000
0.295900 821.872800 372.781500
0.311770 751.060800 319.588500
0.329100 749.095200 304.279500
0.344730 671.680800 243.589500
0.361570 668.690400 231.273000
0.377440 669.614400 235.557000
0.394530 645.254400 258.331500
0.410890 687.859200 245.322000
0.445310 692.193600 245.469000
0.459230 527.906400 212.205000
0.474120 523.454400 199.101000
0.490480 377.899200 197.179500
0.508300 353.606400 186.333000
0.525880 355.773600 190.596000
0.541260 387.307200 223.618500
0.561280 373.497600 251.412000
0.574460 382.771200 270.963000
0.591060 366.844800 271.057500
0.606690 388.281600 244.618500
0.623540 386.500800 240.502500
0.639400 393.136800 262.017000
0.656010 428.097600 256.987500
0.673580 428.551200 258.037500
0.689700 381.746400 241.321500
0.706050 401.956800 238.539000
0.721440 403.132800 241.846500
0.739260 425.661600 252.640500
0.755130 366.979200 266.017500
0.771240 365.013600 261.964500
0.788330 372.808800 232.354500
0.804440 367.718400 226.747500
0.821040 365.870400 223.461000
0.837890 377.714400 237.552000
0.853030 394.262400 262.521000
0.870120 392.632800 258.394500
0.885740 401.335200 227.199000
0.902590 384.266400 230.748000
0.916990 388.231200 239.242500
0.933590 400.411200 232.480500
0.950200 386.148000 237.583500
0.966800 389.642400 245.049000
0.983150 398.462400 279.195000
0.999270 401.268000 267.592500
1.016110 404.745600 275.026500
1.032230 380.486400 267.687000
1.048830 361.149600 293.989500
1.064700 354.933600 282.481500
1.081300 421.276800 271.047000
1.097900 413.548800 243.411000
1.114260 406.593600 227.671500
1.131100 336.100800 213.696000
1.148680 367.231200 224.773500
1.166750 373.044000 236.302500
1.181400 390.784800 239.242500
1.202150 413.800800 242.812500
1.220210 420.940800 258.961500
1.230220 422.419200 292.603500
1.246090 430.516800 269.125500
1.262210 425.208000 257.260500
1.278810 355.521600 264.537000
1.295410 364.845600 234.307500
1.312010 359.520000 222.715500
1.327880 380.604000 263.203500
1.344240 402.477600 247.369500
1.360600 409.584000 263.025000
1.376950 431.373600 281.400000
1.393550 426.720000 294.577500
1.409910 430.012800 301.833000
1.426270 393.607200 301.581000
1.443360 383.224800 316.869000
1.459720 379.596000 309.771000
1.476070 415.783200 274.932000
1.493650 394.279200 261.061500
1.527100 398.647200 260.358000
1.542480 399.235200 272.275500
1.575200 389.659200 289.957500
1.592040 389.172000 270.753000
1.625240 420.537600 278.985000
1.645020 431.239200 277.914000
1.657710 429.290400 273.672000
1.673580 443.385600 236.397000
1.689940 401.402400 225.340500
1.706790 394.296000 209.349000
1.722660 408.912000 230.926500
1.739500 370.927200 230.790000
1.756350 373.027200 234.853500
1.771480 395.841600 249.049500
1.788330 396.144000 267.718500
1.805180 397.723200 271.960500
1.822020 402.326400 250.015500
1.838130 382.468800 242.287500
1.857420 381.981600 241.248000
1.870610 373.245600 237.510000
1.887450 381.746400 235.189500
1.903810 385.240800 242.602500
1.919920 418.773600 252.934500
1.936520 417.110400 241.930500
1.969240 362.023200 242.928000
1.985350 388.432800 225.687000
2.001710 390.768000 230.118000
2.018070 414.136800 248.955000
2.034420 383.947200 265.891500
2.051030 384.468000 266.952000
2.067380 370.003200 263.014500
2.083500 354.110400 276.853500
2.101560 350.347200 269.640000
2.117920 397.605600 243.022500
2.132810 376.941600 269.976000
2.149900 378.252000 272.905500
2.166990 384.434400 268.537500
2.189210 363.266400 264.285000
2.205080 361.267200 260.379000
2.216310 343.392000 260.925000
2.231690 333.060000 291.175500
2.248050 337.478400 299.155500
2.264650 601.742400 259.087500
2.281250 766.432800 239.946000
2.298340 765.878400 235.399500
2.313960 781.704000 231.094500
2.330080 759.108000 191.635500
2.346680 757.915200 178.836000
2.362550 757.125600 181.849500
2.379390 776.176800 179.151000
2.396000 778.192800 200.676000
2.412350 762.115200 243.852000
2.428470 764.400000 260.704500
2.445310 764.769600 264.820500
2.461430 816.900000 274.134000
2.478270 824.124000 256.861500
2.494380 823.334400 241.038000
2.511230 823.636800 242.802000
2.527100 820.058400 250.540500
2.543460 820.478400 258.342000
2.559810 794.841600 290.965500
2.576420 844.737600 284.088000
2.611080 825.988800 271.299000
2.630130 813.590400 261.450000
2.643550 812.582400 244.797000
2.659180 811.423200 219.765000
2.675780 805.039200 207.490500
2.692140 804.451200 198.450000
2.708500 809.877600 202.461000
2.724610 804.451200 198.450000
2.742680 805.039200 207.490500
2.757570 804.904800 207.700500
2.774410 791.196000 218.788500
2.790530 791.884800 227.860500
2.807130 818.865600 206.461500
2.823490 823.989600 215.817000
2.842290 823.552800 206.587500
2.856200 803.107200 191.551500
2.872800 794.220000 179.802000
2.905270 816.967200 183.928500
2.923340 797.596800 182.815500
2.939940 798.268800 192.223500
2.956050 815.220000 207.081000
2.972410 808.533600 195.069000
3.004150 821.436000 241.804500
3.020260 825.636000 222.957000
3.052980 802.939200 210.252000
3.069580 800.150400 244.534500
3.102290 820.881600 219.240000
3.118900 854.212800 204.865500
3.135740 853.843200 191.110500
3.151610 801.612000 181.597500
3.170410 819.756000 162.550500
3.184330 818.899200 144.112500
3.200680 803.527200 139.744500
3.217290 807.340800 134.263500
3.233640 808.063200 147.997500
3.250490 770.767200 184.044000
3.267090 801.158400 203.196000
3.283450 802.334400 221.371500
3.299560 835.850400 236.943000
3.315670 806.164800 237.688500
3.332280 805.896000 233.131500
3.348630 800.755200 213.570000
3.365480 799.008000 211.018500
3.382080 799.276800 214.462500
3.400150 855.456000 216.153000
3.414790 826.711200 235.200000
3.431150 827.148000 244.356000
3.447270 806.702400 221.644500
3.464110 838.840800 250.666500
3.480710 838.555200 242.791500
3.498290 834.036000 245.479500
3.513430 806.736000 235.515000
3.530030 807.072000 239.442000
3.545900 841.192800 229.908000
3.562500 851.944800 216.657000
3.578860 851.995200 220.846500
3.594970 840.806400 259.906500
3.612060 845.829600 249.879000
3.628170 845.611200 241.972500
3.644040 822.796800 296.110500
3.661130 812.935200 287.101500
3.677250 812.700000 282.849000
3.695310 834.170400 273.031500
3.711670 835.816800 255.717000
3.728760 835.480800 247.033500
3.745850 805.140000 225.088500
3.760010 808.483200 214.105500
3.792720 830.004000 175.182000
3.809330 860.916000 190.638000
3.842290 826.240800 185.062500
3.858640 821.150400 200.287500
3.874760 821.436000 204.750000
3.891360 818.311200 209.076000
3.907960 826.392000 207.259500
3.924320 826.812000 216.436500
3.940430 816.093600 244.398000
3.957030 813.439200 230.107500
3.973140 813.103200 225.487500
3.989260 816.648000 254.908500
4.005860 817.387200 249.322500
4.022710 817.471200 248.577000
4.038820 840.907200 250.446000
4.055660 834.674400 268.905000
4.072270 835.346400 285.432000
4.088620 836.505600 309.277500
4.104980 828.676800 285.684000
4.137700 827.517600 249.994500
4.154540 833.380800 259.308000
4.170650 833.179200 255.307500
4.186770 817.017600 270.679500
4.204350 840.218400 256.861500
4.221680 839.647200 240.030000
4.236820 854.112000 231.976500
4.253420 814.144800 214.105500
4.270750 813.876000 209.580000
4.286620 824.964000 194.922000
4.301760 820.276800 209.401500
4.318120 820.696800 217.297500
4.334470 835.010400 225.372000
4.351070 829.348800 213.276000
4.367430 828.962400 204.141000
4.383790 835.816800 226.401000
4.400390 849.475200 211.638000
4.416990 849.290400 203.931000
4.432860 861.722400 212.257500
4.449220 870.643200 176.725500
4.466310 870.760800 190.396500
4.482180 865.872000 208.204500
4.499020 807.592800 234.570000
4.515140 808.449600 247.285500
4.531490 847.509600 261.324000
4.548100 850.399200 276.612000
4.564700 850.365600 275.499000
4.580810 864.679200 259.014000
4.598140 836.640000 241.374000
4.613770 835.766400 224.112000
4.629880 813.943200 206.430000
4.646970 823.082400 210.252000
4.662840 822.712800 202.503000
4.679200 836.455200 186.826500
4.695800 845.224800 196.045500
4.728760 851.138400 192.633000
4.746580 867.098400 182.763000
4.763670 867.316800 195.058500
4.779790 1162.476000 255.349500
4.798580 1191.086400 281.799000
4.821780 1185.962400 299.848500
4.833250 1216.236000 305.581500
4.843990 1219.024800 300.394500
4.860350 1221.460800 292.551000
4.876710 1245.132000 296.824500
4.893550 1241.217600 294.115500
4.926270 1242.393600 308.154000
4.943120 1247.433600 305.424000
4.975340 1239.268800 277.273500
4.992190 1252.994400 280.843500
5.008540 1256.068800 271.761000
5.025150 1257.547200 211.039500
5.040530 1280.832000 214.567500
5.073730 1278.681600 261.030000
5.090330 1271.844000 301.024500
5.106690 1268.635200 309.855000
5.123050 1281.033600 251.548500
5.139650 1261.428000 269.136000
5.156010 1257.043200 281.011500
5.171880 1225.324800 312.123000
5.188960 1247.316000 333.805500
5.205080 1246.022400 337.890000
5.221680 1231.339200 322.465500
5.238040 1244.577600 281.106000
5.254390 1249.886400 264.873000
5.270750 1263.813600 243.831000
5.287350 1252.036800 244.114500
5.303470 1248.038400 256.231500
5.320560 1238.781600 256.263000
5.337400 1239.974400 281.001000
5.353760 1234.598400 297.622500
5.369380 1234.968000 316.942500
5.386230 1223.308800 324.639000
5.402340 1227.408000 312.711000
5.418700 1230.919200 296.782500
5.435300 1234.632000 268.957500
5.451900 1239.840000 252.588000
5.468020 1253.212800 260.043000
5.484860 1265.560800 268.821000
5.500980 1268.736000 259.623000
5.517330 1274.918400 278.922000
5.813720 1260.604800 225.015000
5.829830 1247.416800 215.019000
5.845700 1243.082400 228.343500
5.862060 1265.224800 266.742000
5.878660 1255.178400 289.033500
5.895020 1250.844000 302.232000
5.911380 1272.549600 283.248000
5.928220 1274.044800 288.393000
5.944340 1276.917600 280.392000
5.960940 1298.623200 249.480000
5.978760 1277.085600 255.517500
5.995850 1280.344800 246.172500
6.010990 1279.084800 237.772500
6.028080 1302.520800 219.765000
6.043460 1305.880800 210.304500
6.059570 1279.723200 183.634500
6.076170 1280.059200 205.138500
6.093020 1276.900800 214.620000
6.108640 1292.508000 252.063000
6.128910 1248.088800 252.682500
6.147220 1245.064800 261.922500
6.157960 1250.558400 245.941500
6.174560 1251.969600 235.399500
6.207030 1259.580000 236.596500
6.223880 1325.133600 262.815000
6.241700 1327.032000 257.397000
6.256350 1282.730400 216.678000
6.273190 1272.986400 225.760500
6.290040 1270.197600 234.118500
6.306150 1252.221600 229.593000
6.322510 1242.225600 229.162500
6.339600 1240.663200 234.948000
6.354980 1229.491200 249.847500
6.372070 1231.624800 250.698000
6.388180 1234.178400 242.424000
6.404300 1230.499200 254.793000
6.420900 1240.428000 251.727000
6.453370 1267.879200 246.204000
6.470210 1235.236800 239.001000
6.503170 1274.078400 243.075000
6.519780 1287.703200 257.481000
6.535890 1286.157600 261.166500
6.552490 1256.203200 264.316500
6.570310 1259.126400 251.842500
6.585210 1256.337600 260.200500
6.602780 1251.566400 301.329000
6.618160 1274.750400 312.742500
6.650880 1274.212800 325.237500
6.667480 1270.533600 293.454000
6.684570 1273.843200 284.182500
6.700200 1235.220000 285.831000
6.716310 1252.440000 261.481500
6.734380 1258.706400 243.946500
6.750490 1257.480000 253.291500
6.767090 1265.208000 210.378000
6.784420 1264.569600 210.598500
6.800290 1271.020800 214.305000
6.815190 1262.654400 267.246000
6.831540 1255.161600 289.737000
6.847900 1246.341600 271.477500
6.864500 1245.988800 259.738500
6.880620 1248.643200 251.506500
6.896970 1218.016800 244.261500
6.913330 1205.568000 273.388500
6.946530 1253.851200 280.182000
6.963130 1253.229600 298.200000
6.979490 1254.859200 293.895000
6.996340 1250.827200 275.698500
7.012700 1249.080000 262.899000
7.028560 1250.424000 258.069000
7.045410 1255.766400 266.605500
7.061770 1260.940800 274.501500
7.078370 1257.866400 283.531500
7.094480 1256.421600 274.617000
7.111820 1257.144000 296.058000
7.127440 1255.548000 299.764500
7.143550 1256.236800 304.458000
7.160160 1253.649600 317.215500
7.177000 1250.894400 325.017000
7.192630 1238.983200 333.238500
7.209470 1244.812800 349.881000
7.242190 1275.758400 286.965000
7.258790 1238.983200 276.486000
7.291750 1259.092800 312.952500
7.308350 1234.060800 315.210000
7.340580 1263.544800 311.293500
7.357180 1234.884000 318.843000
7.373780 1236.379200 315.136500
7.389890 1231.188000 293.601000
7.406250 1225.845600 276.811500
7.424320 1228.365600 268.758000
7.440190 1237.622400 272.412000
7.455810 1250.138400 271.572000
7.471680 1248.609600 275.478000
7.488530 1266.837600 266.322000
7.505130 1263.427200 273.105000
7.521480 1260.604800 281.284500
7.539060 1251.650400 295.249500
7.556400 1252.356000 304.185000
7.571040 1255.531200 295.039500
7.587650 1240.176000 294.042000
7.604000 1240.932000 277.410000
7.620610 1242.360000 273.546000
7.636720 1243.905600 279.814500
7.655030 1260.084000 289.012500
7.673580 1258.185600 293.979000
7.686040 1265.443200 290.503500
7.702390 1173.060000 321.930000
7.720950 1172.102400 326.046000
7.737060 765.828000 383.365500
7.753660 526.814400 431.151000
7.786380 438.900000 464.121000
7.803960 476.011200 466.431000
7.819820 474.180000 463.060500
7.836430 437.875200 434.227500
7.852780 429.340800 427.875000
7.873540 420.840000 411.474000
7.887700 406.526400 427.213500
7.899410 408.525600 403.032000
7.932370 386.198400 424.063500
7.948490 381.444000 440.433000
7.965330 386.920800 449.557500
7.981450 396.933600 484.155000
7.997800 388.936800 486.475500
8.030520 376.168800 498.802500
8.047120 359.066400 461.118000
8.063960 351.237600 449.032500
8.080080 357.168000 465.328500
8.097410 370.776000 471.691500
8.113280 366.844800 465.538500
8.129150 332.808000 433.062000
8.146000 331.581600 426.751500
8.178960 320.073600 427.297500
8.195310 325.147200 438.564000
8.228030 325.617600 436.705500
8.244630 333.160800 440.580000
8.260990 339.343200 450.187500
8.277100 376.051200 440.181000
8.293460 359.889600 444.276000
8.311770 366.223200 454.198500
8.326420 402.242400 471.586500
8.343260 398.008800 441.031500
8.359380 394.144800 434.364000
8.375730 366.626400 440.443500
8.392330 372.556800 451.479000
8.425050 355.908000 449.347500
8.441890 367.567200 443.992500
8.458010 365.568000 440.622000
8.474370 384.703200 449.106000
8.490720 383.392800 442.963500
8.506840 387.307200 449.505000
8.523440 396.900000 447.247500
8.540280 396.043200 456.792000
8.572270 388.248000 438.952500
8.589360 368.340000 440.706000
8.622310 346.584000 458.209500
8.641600 366.525600 475.188000
8.655270 368.575200 478.401000
8.671390 374.320800 471.355500
8.688480 357.957600 474.096000
8.704830 355.773600 470.935500
8.721190 366.441600 455.773500
8.739500 395.472000 483.021000
8.755860 397.387200 486.339000
8.772220 379.377600 486.244500
8.789550 368.390400 452.634000
8.803470 366.374400 449.400000
8.819340 356.815200 456.991500
8.836180 410.407200 468.961500
8.855710 417.580800 481.204500
8.868650 398.059200 491.767500
8.885250 369.348000 506.394000
8.901610 370.893600 508.756500
8.918210 407.131200 478.569000
8.934570 404.611200 472.332000
8.951420 393.237600 453.253500
8.967530 361.754400 462.630000
8.984130 381.897600 486.874500
9.000240 383.997600 489.930000
9.016600 385.492800 485.457000
9.032960 389.155200 505.512000
9.049560 398.815200 520.474500
9.065670 393.069600 510.751500
9.084470 364.509600 491.830500
9.098390 358.629600 482.958000
9.114990 385.912800 471.607500
9.131100 413.313600 444.927000
9.147950 415.144800 448.339500
9.164310 418.168800 484.113000
9.183350 410.776800 468.352500
9.197270 406.896000 461.716500
9.213130 412.876800 463.459500
9.229740 413.330400 441.546000
9.246340 411.969600 439.120500
9.262700 408.693600 430.888500
9.279050 414.086400 442.480500
9.295900 417.866400 449.232000
9.312260 405.199200 475.251000
9.328370 384.165600 479.304000
9.361330 363.585600 480.637500
9.378170 396.127200 482.695500
9.395750 399.621600 488.365500
9.411620 389.306400 482.538000
9.428220 412.960800 462.189000
9.443850 414.388800 464.751000
9.460450 420.369600 490.045500
9.477290 401.217600 490.780500
9.493410 393.724800 478.621500
9.509770 368.340000 466.011000
9.528810 355.941600 478.222500
9.558350 370.104000 471.639000
9.575200 403.939200 492.313500
9.591550 407.349600 497.868000
9.607670 382.771200 476.017500
9.624020 383.392800 475.051500
9.640630 385.476000 478.338000
9.657230 395.068800 477.351000
9.673580 409.449600 500.041500
9.689940 405.972000 494.382000
9.706540 390.919200 474.684000
9.722410 367.315200 467.061000
9.739010 363.669600 461.391000
9.755860 387.996000 450.996000
9.772220 393.204000 463.932000
9.789310 397.202400 470.526000
9.804930 377.613600 463.029000
9.821530 379.192800 473.455500
9.839840 375.076800 466.924500
9.854490 382.754400 473.077500
9.870850 376.975200 465.622500
9.886720 372.926400 459.175500
9.903560 367.348800 450.082500
9.919920 381.981600 450.324000
9.952640 380.402400 452.928000
9.969240 373.044000 470.221500
9.985840 370.944000 467.019000
10.001950 359.251200 426.541500
10.018550 356.042400 439.687500
10.035160 351.960000 433.240500
10.052250 354.698400 416.304000
10.069580 366.223200 418.183500
10.100590 343.526400 412.524000
10.118160 352.128000 406.570500
10.133790 358.260000 416.556000
10.150150 381.410400 456.004500
10.167240 400.814400 459.816000
10.183110 409.970400 475.314000
10.199710 375.295200 472.006500
10.216800 392.347200 478.327500
10.232670 393.993600 480.805500
10.249020 390.936000 456.781500
10.265630 394.917600 507.213000
10.282230 399.016800 513.607500
10.297610 404.409600 488.554500
10.314450 382.956000 478.968000
10.332030 376.941600 469.675500
10.348390 378.453600 490.686000
10.364990 401.016000 448.497000
10.381350 399.117600 445.221000
10.397460 404.157600 479.955000
10.413570 377.126400 472.689000
10.429690 384.988800 485.110500
10.445800 406.156800 519.151500
10.462400 391.608000 507.433500
10.479000 383.796000 495.306000
10.497310 400.226400 481.257000
10.511720 356.563200 463.197000
10.528320 346.348800 447.762000
10.544190 385.896000 446.250000
10.561280 423.981600 422.551500
10.593750 783.938400 433.734000
10.610350 760.586400 449.998500
10.625980 762.031200 460.162500
10.642820 745.029600 454.104000
10.659420 739.485600 456.403500
10.675780 737.570400 445.021500
10.692140 755.664000 455.049000
10.708740 749.952000 402.738000
10.724850 747.986400 388.836000
10.741700 827.400000 424.021500
10.758060 824.073600 415.054500
10.774170 825.283200 433.156500
10.791020 813.993600 443.950500
10.807370 852.986400 439.929000
10.825440 853.204800 447.037500
10.840090 824.796000 476.290500
10.856200 845.577600 427.150500
10.890380 817.437600 460.330500
10.907230 830.155200 443.719500
10.923340 830.575200 450.870000
10.942380 817.622400 458.944500
10.955080 824.157600 464.184000
10.971680 823.888800 460.876500
10.988280 817.908000 438.196500
11.004640 858.765600 449.326500
11.021240 858.866400 451.825500
11.037350 838.689600 525.105000
11.053710 731.203200 751.674000
11.384520 829.332000 511.087500
11.400150 823.603200 516.904500
11.414550 822.696000 504.210000
11.430910 848.248800 475.629000
11.447510 842.637600 479.346000
11.464110 842.385600 473.424000
11.481200 830.004000 464.782500
11.496830 816.984000 475.986000
11.513430 817.504800 482.832000
11.530520 816.362400 476.332500
11.547610 822.477600 471.156000
11.563480 822.225600 467.838000
11.580320 840.504000 434.469000
11.596440 872.827200 441.336000
11.612060 872.726400 427.129500
11.628420 853.876800 439.446000
11.645020 853.036800 415.537500
11.661130 853.188000 418.897500
11.677980 831.919200 444.244500
11.696780 825.048000 432.684000
11.715580 825.098400 436.296000
11.729980 902.193600 446.869500
11.746090 890.920800 432.043500
11.759770 891.021600 425.029500
11.776610 872.188800 412.881000
11.793700 829.046400 409.878000
11.814450 829.449600 417.049500
11.827390 860.832000 411.768000
11.842770 846.266400 413.353500
11.859380 846.316800 409.552500
11.875490 847.929600 431.193000
11.892330 835.632000 399.220500
11.924800 834.792000 434.910000
11.940670 837.412800 451.521000
11.957280 837.009600 448.297500
11.973390 853.389600 399.955500
11.990480 813.036000 427.507500
12.006840 812.532000 420.567000
12.022710 809.474400 406.654500
12.039310 859.286400 401.667000
12.055660 859.454400 408.775500
12.071530 865.972800 464.404500
12.088130 843.981600 433.986000
12.104980 844.620000 444.192000
12.121580 858.900000 457.978500
12.138670 864.847200 465.202500
12.154050 864.511200 461.790000
12.170410 838.706400 429.796500
12.186770 856.548000 456.351000
12.203610 856.212000 442.795500
12.219480 835.396800 416.304000
12.236570 887.829600 399.084000
12.253660 887.964000 402.496500
12.269040 825.501600 402.255000
12.285640 845.930400 445.231500
12.303220 846.014400 448.738500
12.319340 851.524800 407.116500
12.336430 820.528800 411.484500
12.353270 820.797600 414.981000
12.369630 853.406400 430.080000
12.386720 849.861600 482.737500
12.400630 850.382400 496.230000
12.417480 849.206400 488.176500
12.433840 816.614400 443.194500
12.467040 844.334400 443.005500
12.483150 848.853600 452.392500
12.499270 848.534400 448.969500
12.515870 851.894400 475.891500
12.532470 845.124000 452.802000
12.548830 844.838400 445.798500
12.564940 842.822400 435.204000
12.581300 862.915200 448.350000
12.598140 862.780800 441.388500
12.614500 841.848000 407.158500
12.632080 848.702400 397.341000
12.648680 848.467200 390.159000
12.664790 859.706400 393.823500
12.681880 842.200800 417.711000
12.714840 841.898400 421.407000
12.729000 841.075200 386.022000
12.762210 833.616000 425.775000
12.778560 847.005600 437.251500
12.795170 847.291200 447.394500
12.811280 843.528000 440.685000
12.827640 852.667200 479.052000
12.844480 853.356000 498.550500
12.860600 858.597600 473.707500
12.876950 840.806400 483.094500
12.893800 840.688800 479.787000
12.909910 874.776000 467.586000
12.926510 886.082400 476.416500
12.942870 886.132800 466.872000
12.959470 807.374400 453.862500
12.975830 851.575200 495.180000
13.008540 864.796800 455.290500
13.025390 978.969600 449.127000
13.041750 979.406400 445.882500
13.058840 1229.457600 478.023000
13.076420 1227.609600 477.120000
13.092040 1229.071200 473.350500
13.107910 1246.795200 468.930000
13.129150 1270.567200 498.739500
13.143070 1267.408800 505.522500
13.156490 1244.124000 497.437500
13.173340 1199.553600 506.289000
13.206050 1240.999200 464.352000
13.222900 1266.182400 488.166000
13.254880 1243.418400 508.987500
13.271970 1265.325600 509.071500
13.288330 1262.083200 515.949000
13.304690 1227.088800 495.253500
13.321290 1232.565600 538.618500
13.337890 1234.010400 535.384500
13.354250 1212.573600 515.592000
13.370120 1238.563200 511.024500
13.386720 1244.460000 497.490000
13.403560 1276.480800 476.290500
13.420900 1303.176000 455.962500
13.437010 1304.788800 452.382000
13.457760 1256.270400 453.841500
13.471920 1259.596800 536.161500
13.485350 1256.539200 542.545500
13.501710 1268.652000 479.703000
13.518070 1268.265600 512.022000
13.534910 1269.962400 508.872000
13.551270 1255.749600 502.446000
13.567870 1278.732000 438.784500
13.583740 1281.873600 431.571000
13.600340 1305.746400 477.099000
13.616940 1261.428000 450.040500
13.633060 1258.471200 457.054500
13.649660 1249.130400 514.752000
13.667970 1256.001600 469.675500
13.682620 1251.516000 480.060000
13.698730 1258.992000 498.372000
13.715330 1242.528000 481.803000
13.731690 1239.537600 488.911500
13.748050 1287.165600 521.860500
13.764400 1247.265600 550.599000
13.796880 1265.896800 501.931500
13.813480 1242.024000 481.435500
13.830080 1245.064800 474.243000
13.845950 1272.667200 511.959000
13.862550 1241.234400 518.941500
13.895260 1265.560800 543.060000
13.912110 1254.388800 513.156000
13.928710 1251.264000 520.012500
13.944820 1224.266400 497.910000
13.961430 1249.029600 532.696500
13.994140 1284.393600 550.893000
14.010250 1297.396800 500.472000
14.027100 1300.891200 493.405500
14.043460 1276.161600 510.562500
14.059570 1240.596000 503.601000
14.076420 1239.655200 506.394000
14.092770 1269.693600 509.229000
14.109620 1260.168000 535.962000
14.125730 1258.740000 539.175000
14.141850 1246.996800 509.712000
14.158450 1253.229600 553.182000
14.174800 1259.378400 540.550500
14.191160 1227.609600 542.755500
14.207520 1240.831200 465.339000
14.224370 1245.132000 454.681500
14.240480 1255.867200 459.060000
14.257080 1227.189600 469.339500
14.273440 1224.014400 477.277500
14.290770 1244.241600 531.405000
14.306640 1275.170400 480.553500
14.325200 1278.278400 473.749500
14.341060 1267.560000 471.922500
14.357180 1226.013600 462.283500
14.372310 1224.602400 465.601500
14.388920 1268.652000 452.917500
14.405030 1245.904800 493.384500
14.421880 1241.570400 503.653500
14.437990 1251.264000 482.548500
14.454350 1241.721600 432.579000
14.470700 1241.805600 431.991000
14.486820 1270.113600 456.876000
14.503660 1269.021600 459.700500
14.520260 1264.519200 470.263500
14.536380 1229.104800 480.721500
14.554440 1266.300000 497.248500
14.569340 1265.896800 498.130500
14.585690 1287.232800 525.399000
14.602540 1278.849600 481.225500
14.635250 1267.912800 514.636500
14.653560 1258.790400 508.074000
14.668460 1263.595200 497.637000
14.684330 1233.321600 492.712500
14.701900 1323.722400 502.656000
14.719480 1325.352000 499.138500
14.734620 1277.976000 452.529000
14.751220 1265.258400 507.769500
14.770020 1262.083200 514.584000
14.788090 1260.554400 502.509000
14.799070 1232.246400 507.612000
14.831540 1243.116000 475.009500
14.848140 1229.256000 525.063000
14.881100 1224.249600 488.061000
14.897220 1246.156800 526.932000
14.914060 1249.164000 520.348500
14.930420 1284.662400 467.691000
14.948970 1221.645600 455.637000
14.986570 1282.394400 487.662000
14.998540 1238.899200 516.978000
15.013180 1235.992800 523.624500
15.029300 1248.290400 517.849500
15.045650 1224.518400 541.086000
15.078370 1245.753600 509.953500
15.095700 1285.956000 501.585000
15.111570 1283.049600 507.591000
15.128170 1268.484000 540.603000
15.144530 1267.492800 525.913500
15.161130 1269.240000 522.511500
15.177250 1238.512800 478.936500
15.193850 1285.132800 496.293000
15.209960 1288.392000 489.478500
15.226560 1246.677600 481.740000
15.243410 1271.340000 466.998000
15.259520 1266.266400 477.739500
15.277340 1269.542400 510.048000
15.293700 1245.753600 521.881500
15.313480 1245.384000 522.721500
15.329100 1278.732000 513.250500
15.341800 1257.698400 532.087500
15.374270 1236.631200 540.225000
15.391110 1296.573600 512.043000
15.407230 1294.843200 515.067000
15.423580 1250.995200 520.527000
15.440430 1282.411200 516.274500
15.457030 1281.084000 519.435000
15.473140 1249.953600 514.395000
15.489500 1232.246400 545.643000
15.506100 1239.420000 529.767000
15.522220 1081.046400 459.070500
15.538570 930.417600 473.697000
15.555180 931.257600 460.330500
15.571290 579.768000 574.612500
15.587890 539.884800 628.372500
15.604740 542.539200 633.381000
15.620850 523.924800 583.275000
15.638430 547.260000 624.960000
15.655760 551.191200 632.667000
15.670170 501.547200 633.738000
15.687010 418.219200 693.241500
15.703610 420.117600 695.509500
15.718990 438.547200 683.686500
15.736330 421.780800 714.136500
15.752440 417.967200 709.653000
15.768800 428.618400 688.506000
15.785160 448.492800 702.555000
15.802000 444.964800 698.029500
15.817870 434.431200 644.070000
15.834720 382.351200 623.395500
15.851070 384.518400 625.999500
15.868160 416.136000 657.142500
15.883060 410.407200 706.366500
15.899660 418.185600 715.417500
15.916500 437.572800 698.880000
15.933350 438.228000 733.120500
15.949710 434.481600 728.710500
15.968260 427.778400 703.416000
15.982910 375.748800 656.376000
15.998290 373.464000 653.856000
16.014400 395.018400 734.832000
16.031740 390.264000 653.667000
16.047850 386.248800 648.742500
16.063960 385.543200 650.685000
16.080810 417.816000 623.605500
16.096920 414.170400 618.586500
16.113530 421.965600 677.754000
16.129880 414.405600 701.358000
16.146480 418.084800 705.726000
16.162350 389.894400 688.852500
16.181150 402.343200 699.846000
16.213870 389.659200 711.186000
16.229000 438.076800 815.986500
16.245360 434.498400 812.469000
16.656250 395.337600 727.251000
16.672850 376.605600 769.471500
16.704590 434.700000 706.450500
16.720950 368.155200 724.332000
16.737790 372.220800 728.490000
16.754150 401.268000 743.106000
16.770750 448.240800 762.121500
16.787350 451.768800 766.132500
16.803710 407.080800 747.148500
16.819820 391.608000 669.868500
16.836670 387.592800 665.091000
16.852290 375.933600 734.454000
16.869140 392.834400 695.383500
16.901610 368.911200 691.005000
16.918460 372.859200 745.290000
16.935550 370.356000 743.001000
16.951660 406.425600 730.915500
16.968020 363.736800 661.930500
16.984860 357.302400 654.885000
17.000730 384.736800 731.451000
17.017580 366.038400 696.160500
17.033940 370.675200 701.148000
17.050050 392.414400 711.007500
17.066410 426.333600 736.995000
17.083010 429.928800 741.069000
17.099850 432.381600 719.586000
17.116460 367.483200 729.078000
17.150880 402.477600 708.193500
17.165770 403.317600 709.275000
17.182130 399.504000 704.928000
17.198000 307.893600 722.211000
17.214360 363.820800 702.271500
17.246830 395.875200 713.013000
17.264650 346.936800 715.228500
17.281740 351.187200 719.481000
17.297120 378.453600 718.819500
17.312740 421.075200 737.908500
17.329350 422.889600 740.050500
17.345950 436.682400 740.806500
17.362300 445.922400 746.308500
17.378910 452.608800 754.120500
17.396970 438.648000 780.696000
17.411620 428.416800 767.980500
17.427730 426.384000 765.765000
17.444340 410.911200 697.683000
17.461910 385.072800 690.784500
17.479490 373.514400 677.701500
17.494870 386.601600 652.659000
17.511230 402.544800 677.407500
17.526370 406.308000 681.964500
17.542720 395.270400 720.972000
17.559810 370.440000 739.011000
17.576170 380.436000 748.954500
17.592290 407.030400 726.778500
17.608890 469.324800 743.389500
17.625240 472.869600 747.799500
17.641360 478.682400 759.507000
17.657960 410.541600 719.292000
17.674800 412.204800 721.360500
17.690670 436.917600 740.712000
17.707520 457.548000 770.637000
17.724120 464.167200 778.186500
17.739990 472.869600 757.491000
17.756590 432.112800 760.168500
17.774170 420.252000 747.537000
17.790530 419.983200 724.563000
17.808590 410.373600 713.716500
17.823490 401.587200 703.815000
17.839600 421.428000 718.557000
17.855470 428.920800 748.419000
17.871580 430.768800 750.382500
17.888180 387.038400 732.879000
17.904300 435.724800 748.629000
17.920650 437.287200 750.235500
17.937740 403.586400 722.137500
17.953610 427.442400 722.116500
17.969970 431.289600 726.631500
17.986080 426.888000 751.201500
18.002200 399.504000 742.518000
18.035160 396.597600 723.586500
18.052000 478.548000 764.946000
18.068360 480.076800 767.025000
18.084720 652.192800 713.013000
18.101810 761.997600 737.761500
18.118410 759.645600 727.230000
18.134280 771.892800 703.185000
18.153810 757.260000 732.942000
18.167240 758.251200 737.362500
18.183590 750.926400 739.399500
18.200680 762.535200 705.411000
18.232670 757.831200 730.170000
18.249510 771.540000 732.186000
18.267330 771.187200 729.823500
18.282230 840.604800 712.383000
18.298580 831.768000 715.249500
18.315190 831.549600 713.128500
18.332520 781.989600 694.921500
18.349120 831.045600 708.750000
18.381840 823.788000 753.784500
18.397220 786.223200 706.114500
18.413570 785.736000 703.563000
18.430180 791.515200 704.949000
18.446530 822.830400 710.692500
18.463870 822.376800 706.135500
18.479740 799.932000 695.268000
18.495850 832.440000 699.457500
18.512450 832.792800 704.046000
18.528320 822.578400 726.054000
18.544190 793.380000 724.878000
18.577390 832.944000 716.131500
18.594730 831.919200 724.111500
18.611080 831.549600 719.670000
18.627200 855.674400 702.681000
18.643550 850.533600 696.192000
18.660400 850.718400 698.533500
18.676510 801.175200 710.860500
18.692870 830.340000 737.131500
18.711430 830.474400 739.221000
18.725590 834.640800 709.422000
18.742920 821.772000 692.086500
18.758790 821.301600 687.372000
18.774900 806.181600 719.565000
18.792970 810.012000 700.266000
18.824950 835.329600 712.866000
18.841060 787.752000 709.254000
18.856930 788.155200 711.585000
18.873540 836.824800 683.665500
18.890140 843.796800 698.502000
18.906490 844.082400 703.227000
18.922850 843.679200 693.388500
18.939450 832.272000 711.690000
18.956050 832.272000 711.690000
18.972410 803.023200 677.376000
18.989260 808.903200 680.316000
19.005370 808.567200 677.680500
19.022220 872.625600 662.697000
19.039790 884.419200 675.045000
19.070070 804.686400 680.547000
19.086910 819.134400 683.371500
19.103520 819.621600 688.222500
19.119630 886.300800 699.394500
19.136470 801.612000 692.737500
19.168700 802.552800 710.587500
19.185790 786.525600 711.259500
19.201900 786.156000 709.075500
19.218750 811.020000 676.137000
19.235110 797.076000 682.899000
19.253420 797.966400 689.503500
19.267820 892.953600 705.442500
19.284180 837.009600 707.080500
19.300780 837.312000 711.312000
19.317140 871.080000 686.794500
19.334960 843.024000 720.373500
19.351070 842.469600 711.511500
19.367680 816.765600 687.214500
19.382570 788.121600 701.064000
19.399660 786.760800 692.380500
19.415770 842.940000 684.337500
19.432130 874.927200 683.256000
19.467530 855.388800 689.136000
19.481450 826.156800 685.104000
19.497560 826.358400 687.508500
19.514160 870.693600 688.327500
19.530760 828.374400 703.699500
19.547120 828.609600 705.799500
19.563480 817.152000 692.244000
19.579830 833.683200 699.699000
19.596440 833.330400 695.047500
19.612790 867.115200 705.715500
19.628910 868.257600 719.554500
19.645750 868.324800 724.006500
19.662110 846.484800 737.037000
19.678710 872.743200 701.484000
19.694820 872.776800 706.198500
19.711430 846.619200 701.022000
19.729000 807.374400 705.232500
19.744380 807.038400 703.069500
19.760740 803.409600 675.927000
19.777100 831.297600 693.976500
19.809570 814.027200 714.157500
19.826170 824.224800 691.960500
19.843020 824.056800 689.356500
19.859130 875.011200 698.145000
19.875730 791.565600 735.735000
19.892090 791.834400 738.097500
19.910890 821.536800 724.962000
19.924800 806.282400 737.415000
19.941160 806.887200 741.888000
19.957520 841.663200 734.370000
19.974120 823.720800 738.192000
19.991940 823.065600 731.472000
20.008300 834.422400 689.692500
20.025390 847.190400 701.190000
20.040280 846.988800 698.911500
20.056400 883.478400 714.304500
20.073000 803.796000 704.151000
20.089110 804.787200 710.955000
20.105470 882.050400 768.379500
20.122310 890.013600 696.475500
20.138180 889.912800 699.037500
20.154540 818.496000 744.030000
20.172360 905.100000 718.588500
20.205080 889.308000 724.846500
20.222170 858.900000 712.540500
20.239010 858.732000 707.836500
20.253660 819.453600 728.710500
20.270020 810.196800 736.690500
20.302980 832.322400 759.276000
20.319580 872.760000 719.460000
20.335940 872.944800 721.644000
20.353520 880.924800 698.712000
20.368900 897.187200 719.113500
20.385990 897.086400 719.124000
20.401370 1137.998400 796.036500
20.417720 1213.228800 767.466000
20.434080 1211.044800 771.435000
20.450680 1199.990400 784.675500
20.467040 1253.884800 809.739000
20.483150 1256.656800 806.190000
20.500980 1253.313600 813.582000
20.517330 1257.446400 808.626000
20.533940 1257.799200 808.573500
20.550050 1186.298400 901.162500
20.649170 1223.191200 1003.884000
20.668210 1193.606400 923.338500
20.697510 1159.670400 940.863000
20.715330 1249.836000 950.869500
20.763180 1221.830400 851.991000
20.781010 1224.955200 848.820000
20.795650 1200.091200 831.411000
20.811770 1255.917600 815.955000
20.828130 1260.336000 810.516000
20.844240 1249.886400 837.007500
20.860840 1236.799200 774.091500
20.877200 1235.203200 776.349000
20.893800 1213.296000 776.632500
20.910400 1220.436000 794.314500
20.927000 1223.308800 790.146000
20.943120 1240.814400 760.945500
20.959720 1274.380800 798.168000
20.996830 1245.568800 819.693000
21.010990 1238.059200 803.628000
21.042720 1264.435200 834.225000
21.058840 1251.969600 829.815000
21.075440 1250.138400 831.894000
21.093020 1263.007200 793.590000
21.111820 1241.620800 772.201500
21.124270 1240.209600 774.144000
21.140630 1264.250400 770.521500
21.156490 1296.674400 789.232500
21.173100 1295.296800 791.007000
21.189940 1223.779200 814.884000
21.206790 1236.396000 771.288000
21.223140 1236.009600 771.855000
21.239500 1251.734400 752.314500
21.255620 1281.336000 742.938000
21.272220 1288.778400 732.658500
21.288570 1305.477600 734.674500
21.305660 1303.528800 749.773500
21.325930 1305.376800 747.159000
21.337890 1291.970400 765.250500
21.354490 1294.372800 720.478500
21.371340 1287.333600 730.338000
21.387450 1294.574400 759.265500
21.404790 1281.772800 734.895000
21.421630 1281.907200 734.863500
21.440670 1259.143200 729.687000
21.456300 1286.443200 739.830000
21.469730 1289.282400 735.682500
21.485600 1290.508800 746.592000
21.502200 1295.817600 738.286500
21.518550 1292.625600 742.392000
21.534670 1277.640000 728.521500
21.552000 1293.566400 754.666500
21.583980 1300.656000 723.240000
21.600590 1291.500000 759.202500
21.616940 1293.196800 757.102500
21.633540 1315.221600 723.649500
21.653080 1290.088800 715.344000
21.666260 1294.860000 708.687000
21.682860 1306.519200 710.262000
21.698970 1298.623200 723.702000
21.715330 1300.135200 721.476000
21.731930 1298.220000 734.674500
21.748780 1261.965600 722.295000
21.766110 1258.840800 727.020000
21.781250 1285.216800 738.181500
21.798100 1278.144000 711.480000
21.814210 1273.692000 718.168500
21.830810 1291.903200 755.643000
21.847410 1309.929600 732.154500
21.879640 1287.837600 718.819500
21.896240 1277.018400 741.720000
21.913090 1278.228000 739.914000
21.929440 1254.724800 739.956000
21.945800 1251.314400 754.162500
21.983150 1257.597600 733.855500
21.996580 1331.517600 714.651000
22.012450 1335.297600 709.716000
22.027830 1295.666400 717.108000
22.044430 1279.051200 761.764500
22.060790 1275.724800 766.195500
22.077390 1284.360000 741.321000
22.095700 1302.252000 763.308000
22.125980 1332.240000 805.140000
22.143070 1292.592000 744.250500
22.159670 1291.096800 746.434500
22.175780 1263.964800 803.365500
22.192870 1230.600000 768.967500
22.208980 1229.323200 770.815500
22.225340 1276.800000 795.175500
22.241210 1257.076800 798.577500
22.257810 1263.074400 790.734000
22.273930 1290.004800 785.347500
22.290530 1295.599200 767.928000
22.323240 1297.598400 803.586000
22.355960 1295.800800 795.028500
22.372310 1267.240800 780.906000
22.389160 1242.360000 830.392500
22.405760 1245.400800 826.560000
22.421880 1263.040800 786.250500
22.438230 1283.688000 806.694000
22.454830 1280.815200 810.138000
22.472410 1279.521600 769.786500
22.488770 1263.780000 791.248500
22.505860 1258.706400 797.517000
22.521480 1283.335200 804.279000
22.538330 1206.223200 793.915500
22.555660 1205.887200 794.440500
22.569580 1258.572000 833.878500
22.586430 1268.685600 797.065500
22.603030 1273.809600 790.545000
22.619140 1241.536800 771.876000
22.638670 1262.368800 815.755500
22.651860 1263.880800 813.729000
22.668210 1288.106400 809.098500
22.684810 1230.146400 816.721500
22.701420 1224.216000 824.680500
22.717530 1218.890400 820.155000
22.734380 1259.798400 777.262500
22.750980 1261.562400 775.026000
22.767090 1279.689600 791.700000
22.783690 1268.870400 771.508500
22.800050 1273.574400 764.967000
22.816410 1255.564800 782.386500
22.832760 1252.994400 771.981000
22.849370 1249.903200 776.296500
22.865720 1262.721600 800.037000
22.882320 1280.563200 784.507500
22.898440 1277.136000 788.844000
22.914790 1273.876800 792.214500
22.931150 1229.575200 830.634000
22.947750 1231.204800 828.450000
22.967040 1271.676000 767.833500
22.980470 1251.885600 768.033000
22.997070 1252.036800 767.644500
23.013180 1294.272000 803.922000
23.030270 1248.139200 796.855500
23.046630 1250.860800 793.201500
23.062990 1275.405600 783.279000
23.079590 1275.019200 762.741000
23.095460 1273.255200 765.093000
23.112060 1280.378400 792.204000
23.128660 1280.076000 766.626000
23.146000 1278.530400 768.768000
23.162110 1250.608800 796.194000
23.179200 1305.460800 777.861000
23.195560 1309.946400 773.052000
23.212400 1231.826400 700.896000
23.226810 1049.109600 759.654000
23.243900 1050.336000 755.895000
23.259280 628.538400 625.873500
23.276120 555.996000 577.458000
23.297120 559.910400 585.879000
23.309080 547.041600 654.150000
23.325930 530.829600 585.837000
23.342040 533.719200 591.507000
23.358640 559.053600 648.847500
23.375980 541.027200 662.980500
23.393070 539.464800 660.492000
23.408940 540.506400 625.842000
23.425780 565.790400 607.981500
23.440670 564.597600 605.314500
23.457030 533.433600 613.735500
23.473630 547.915200 638.116500
23.489750 550.670400 643.335000
23.506590 465.259200 508.273500
23.522710 447.770400 488.428500
23.555420 441.588000 491.032500
23.572510 452.373600 421.176000
23.588620 450.357600 417.543000
23.604740 408.576000 445.095000
23.625000 441.554400 430.269000
23.637940 439.975200 426.730500
23.653560 421.176000 437.241000
23.670650 401.318400 407.064000
23.687260 405.232800 414.130500
23.703370 437.085600 322.371000
23.720460 438.547200 321.111000
