0.000000 785.836800 513.271500
0.031520 833.834400 578.791500
0.048340 809.474400 471.618000
0.080540 863.906400 515.697000
0.097050 864.595200 487.441500
0.113100 862.377600 478.684500
0.130310 855.254400 558.117000
0.146420 838.236000 513.639000
0.162630 838.152000 509.722500
0.179470 853.574400 424.788000
0.195800 858.345600 440.674500
0.212160 860.613600 454.230000
0.230710 840.235200 402.633000
0.246580 884.032800 475.198500
0.262120 882.151200 465.937500
0.278840 852.331200 440.149500
0.297640 887.812800 405.436500
0.312840 886.048800 391.482000
0.329680 852.297600 384.846000
0.425380 887.493600 221.928000
0.441830 816.060000 225.267000
0.457610 818.462400 241.206000
0.473600 787.298400 482.832000
0.491490 822.477600 468.625500
0.507690 771.338400 461.307000
0.525670 698.124000 432.495000
0.541630 748.776000 448.917000
0.557920 741.165600 426.615000
0.574250 686.817600 402.790500
0.591000 648.832800 383.785500
0.607640 651.000000 384.814500
0.624300 678.468000 399.462000
0.640080 697.821600 560.353500
0.656680 709.027200 586.740000
0.672150 704.239200 456.361500
0.689790 867.132000 678.940500
1.198670 997.516800 561.960000
1.246250 844.720800 169.407000
1.311550 1572.211200 486.832500
1.459290 1172.152800 276.055500
1.478700 1150.262400 212.866500
1.492950 1146.516000 241.584000
1.509430 1061.054400 247.495500
1.526030 1210.322400 317.415000
1.542080 1204.744800 346.699500
1.558440 1163.097600 396.648000
1.574490 1207.836000 280.150500
1.591090 1212.892800 252.388500
1.626310 1116.712800 1028.139000
1.641480 1118.829600 1023.372000
1.657440 1058.736000 367.783500
1.672120 1091.428800 245.416500
1.690370 1090.622400 254.530500
1.706390 1047.211200 427.045500
1.723080 1147.389600 340.305000
1.739620 1144.852800 358.134000
1.756260 1182.451200 476.962500
1.772490 1189.927200 496.408500
1.805110 1258.168800 360.475500
2.281310 624.976800 167.706000
2.298100 672.907200 258.573000
2.312870 1075.586400 314.233500
2.463990 1175.143200 604.999500
2.493840 1044.120000 388.846500
2.510440 1009.713600 418.309500
2.527950 1009.545600 425.470500
2.544370 1025.892000 340.210500
2.561130 1020.885600 366.177000
2.577090 1021.238400 355.015500
2.593170 1059.475200 320.869500
2.610050 1088.572800 332.220000
2.625850 1090.924800 306.505500
2.642580 1177.058400 250.929000
2.659030 1075.401600 530.722500
2.675660 1071.756000 568.344000
2.922360 1073.973600 545.454000
2.939150 1093.276800 472.174500
2.954160 1229.440800 530.817000
2.970760 1270.701600 637.528500
2.986970 1040.088000 360.874500
3.005100 1069.857600 312.480000
3.021390 1070.445600 304.290000
3.038020 949.082400 175.927500
3.054500 987.420000 311.997000
3.071690 986.479200 307.524000
3.087460 847.408800 353.125500
3.103820 853.641600 125.370000
3.119930 851.373600 106.543500
3.136380 915.096000 296.457000
3.153200 929.796000 167.590500
3.169280 930.333600 172.210500
3.185150 905.284800 196.108500
3.202090 909.132000 254.520000
3.220310 909.753600 263.424000
3.236820 897.254400 301.444500
3.253940 879.480000 309.655500
3.269440 880.303200 317.142000
3.286130 1045.800000 115.783500
3.303040 1061.726400 163.506000
3.317870 1061.104800 172.620000
3.333650 1098.451200 154.444500
3.349640 1068.832800 99.697500
3.366490 1068.194400 108.234000
3.383180 1053.578400 109.504500
3.399230 1112.697600 169.575000
3.416200 1112.580000 173.544000
3.432530 1140.064800 166.708500
3.448790 1080.525600 122.503500
3.465850 1080.861600 109.567500
3.482210 1090.101600 139.230000
3.498170 1104.297600 53.046000
3.514400 1106.263200 37.212000
3.530610 1098.333600 99.067500
3.547420 1084.188000 144.910500
3.564180 1082.608800 163.590000
3.579900 1098.232800 141.403500
3.597080 1073.016000 190.470000
3.613310 1072.226400 195.562500
3.629180 1050.688800 316.869000
3.646420 1355.356800 39.291000
3.660370 1358.280000 27.100500
3.677640 888.014400 530.302500
3.694150 878.169600 427.224000
3.726780 852.852000 614.407500
3.743470 862.982400 487.557000
3.776340 876.288000 487.725000
3.792820 918.254400 552.583500
3.809230 914.491200 351.466500
3.827420 795.211200 576.702000
3.843410 768.835200 386.547000
3.876010 822.544800 533.620500
3.892850 816.597600 426.373500
3.908750 816.496800 422.803500
3.925540 768.230400 240.051000
3.941800 773.707200 471.933000
3.958070 772.699200 469.161000
3.975190 765.475200 312.921000
3.990570 753.261600 283.689000
4.007200 752.757600 279.447000
4.023320 753.446400 194.533500
4.040280 757.495200 249.186000
4.057280 757.999200 253.333500
4.073790 767.726400 348.547500
4.090150 762.972000 315.210000
4.105990 762.518400 311.230500
4.122280 786.122400 352.054500
4.139130 829.735200 350.175000
4.156430 830.037600 354.763500
4.172120 823.737600 365.232000
4.188390 770.901600 480.763500
4.220580 780.460800 353.797500
4.237430 752.640000 276.601500
4.254210 755.848800 287.553000
4.270050 802.888800 460.467000
4.286500 801.595200 408.471000
4.303530 800.284800 405.562500
4.319240 834.909600 526.344000
4.336210 890.971200 503.580000
4.352630 890.803200 499.474500
4.369510 858.396000 429.124500
4.385470 828.408000 379.407000
4.402190 828.357600 383.796000
4.418460 844.821600 403.420500
4.434910 854.028000 422.562000
4.451540 853.876800 418.393500
4.467530 836.169600 314.139000
4.484250 810.734400 406.675500
4.500060 812.280000 413.700000
4.516420 833.901600 454.818000
4.533840 863.469600 470.526000
4.550380 861.369600 461.527500
4.565520 913.399200 347.571000
4.582760 878.925600 363.216000
4.600490 879.110400 358.921500
4.615330 945.873600 310.327500
4.632290 912.979200 360.066000
4.648620 914.323200 374.892000
4.664430 906.192000 397.414500
4.681670 916.305600 350.710500
4.697660 916.977600 358.470000
4.713590 969.847200 486.759000
4.730560 936.969600 371.658000
4.747250 935.457600 360.223500
4.763150 899.505600 458.629500
4.780330 888.115200 392.038500
4.797240 886.334400 377.664000
4.812320 925.125600 358.974000
4.828770 911.097600 303.996000
4.861690 914.424000 392.007000
4.878690 951.652800 453.411000
4.894840 952.576800 462.861000
4.911100 942.765600 382.767000
4.929230 934.130400 455.206500
4.943970 935.104800 468.856500
4.960970 915.616800 523.824000
4.976990 927.780000 535.300500
4.993260 927.208800 529.000500
5.010310 817.605600 458.440500
5.025940 898.581600 553.665000
5.042300 897.808800 547.795500
5.057460 786.979200 425.638500
5.076350 806.332800 533.820000
5.093510 803.964000 528.496500
5.107790 784.560000 447.247500
5.123750 792.304800 427.087500
5.139920 790.255200 415.968000
5.157040 734.344800 411.505500
5.173160 678.636000 400.743000
5.190030 680.131200 403.546500
5.206150 755.798400 371.479500
5.222720 749.095200 487.557000
5.241210 749.868000 490.980000
5.257570 715.780800 434.763000
5.274630 765.256800 604.842000
5.289460 765.508800 605.545500
5.305480 739.586400 482.517000
5.322270 754.303200 469.434000
5.338320 756.218400 475.618500
5.354460 731.908800 501.511500
5.371580 785.584800 550.200000
5.387790 787.264800 555.807000
5.404630 647.488800 417.154500
5.420750 711.597600 447.835500
5.453160 768.364800 533.137500
5.471040 723.139200 424.326000
5.486270 722.332800 420.588000
5.502290 703.987200 433.881000
5.519530 780.830400 551.197500
5.535740 779.906400 549.202500
5.551700 774.580800 558.264000
5.568850 796.286400 564.070500
5.584440 796.269600 564.039000
5.600980 793.447200 548.457000
5.618230 780.729600 507.066000
5.634640 782.493600 513.124500
5.650630 788.978400 540.739500
5.667760 735.000000 509.334000
5.683620 730.464000 496.545000
5.699430 793.934400 543.186000
5.716580 782.913600 434.731500
5.733460 782.476800 431.035500
5.748930 814.447200 370.093500
5.765720 846.266400 415.086000
5.782010 847.744800 426.993000
5.799350 857.841600 410.728500
5.820650 874.809600 537.621000
5.831450 873.835200 531.720000
5.847990 878.673600 418.698000
5.864750 828.744000 445.599000
5.898410 896.263200 446.995500
5.915950 931.476000 482.013000
5.947140 960.204000 495.138000
5.962830 922.891200 427.528500
5.995760 926.721600 399.136500
6.012120 897.052800 355.414500
6.044770 901.908000 375.196500
6.061370 917.868000 492.397500
6.093600 920.421600 462.063000
6.112520 912.676800 497.815500
6.146000 796.656000 527.667000
6.159520 756.369600 499.432500
6.193880 810.667200 624.561000
6.210750 797.748000 518.679000
6.243590 841.394400 678.100500
6.260590 777.470400 696.202500
6.276460 776.311200 692.790000
6.292510 791.078400 632.268000
6.309360 725.558400 519.540000
6.326050 726.432000 522.795000
6.342070 610.948800 535.416000
6.359130 665.582400 557.329500
6.373600 665.952000 558.085500
6.390260 680.954400 512.368500
6.405980 772.816800 635.806500
6.438170 699.787200 446.796000
6.455200 694.848000 596.494500
6.487520 686.347200 545.139000
6.504760 706.927200 593.019000
6.520840 710.640000 600.652500
6.536590 715.142400 695.719500
6.552980 725.625600 522.417000
6.569850 730.212000 534.618000
6.586270 789.280800 770.899500
6.603420 812.666400 813.561000
6.619660 811.120800 809.697000
6.635860 732.026400 641.770500
6.652310 761.140800 739.767000
6.669100 755.092800 727.282500
6.684660 725.659200 549.843000
6.701660 740.056800 555.082500
6.718480 737.016000 545.926500
6.734190 738.242400 590.793000
6.750610 796.588800 565.666500
6.766750 800.116800 577.857000
6.783290 801.528000 676.063500
6.800660 849.912000 657.006000
6.817020 850.550400 658.339500
6.835360 728.918400 588.640500
6.851170 819.789600 623.647500
6.867610 821.184000 628.719000
6.884120 717.024000 758.604000
7.274990 686.952000 980.364000
7.325100 914.642400 543.690000
7.345030 902.378400 587.475000
7.357390 514.214400 903.882000
7.375090 871.348800 426.583500
7.391780 773.035200 486.927000
7.408140 771.220800 480.721500
7.424070 787.281600 478.674000
7.441250 786.525600 403.662000
7.457150 785.870400 398.443500
7.473360 837.412800 490.906500
7.490080 769.490400 421.428000
7.506410 847.509600 254.520000
7.520940 949.284000 307.440000
7.538270 892.130400 481.183500
7.554350 893.760000 496.660500
7.571080 927.729600 462.892500
7.587250 814.783200 485.835000
7.619960 903.420000 503.874000
7.636410 827.248800 470.526000
7.669280 878.824800 542.661000
