0.000000 194.190715 185.103526
0.018550 83.020842 77.818684
0.034910 -46.641125 -35.243649
0.067380 -23.739769 0.679683
0.083980 -9.965206 -18.376092
0.116700 -12.449451 -88.785463
0.133300 -6.653134 -125.204854
0.166020 6.893155 -87.095457
0.182620 5.799017 -32.293129
0.214840 9.632719 11.268928
0.380130 3.947497 4.198312
0.399170 -5.533288 -7.038711
0.413820 11.080084 4.097421
0.429930 3.959481 4.525157
0.462650 -7.206515 8.982303
0.477290 -3.422881 12.757664
0.494630 1.530754 5.925180
0.510740 15.601798 -1.470606
0.526610 -7.260651 -16.340539
0.559570 -28.866329 -39.889790
0.575440 -38.176704 -47.936790
0.608400 -27.793177 -27.650976
0.625000 -6.585766 -14.485707
0.657230 -3.372185 -6.818689
0.673830 0.349089 -5.839647
0.709230 -0.090958 1.398163
0.725100 3.974717 5.421552
0.742190 -3.316688 -1.208879
0.758300 -14.176240 -1.930927
0.774410 -7.934817 -1.426138
0.790770 -4.739354 1.326948
0.989260 2.008833 4.554196
1.004640 4.905014 1.469638
1.020750 -4.084237 -2.735128
1.037840 -6.188365 -26.898342
1.054200 -2.314560 38.923619
1.184810 12.575601 88.652023
1.200680 18.191891 82.444843
1.218260 1.058307 33.979957
1.234130 -4.684877 -15.402505
1.250240 -3.623738 10.628270
1.266850 -5.218981 8.053641
1.283200 4.402968 2.232845
1.299800 10.307446 -4.619858
1.316650 7.806660 -1.019123
1.333250 1.470304 6.195151
1.348390 -8.208860 16.213167
1.365480 -6.515715 5.887848
1.398190 -6.488760 -9.382862
1.414550 -5.257050 -4.587133
1.447510 2.829499 3.885455
1.464110 0.492596 9.588729
1.479980 2.387296 6.802764
1.496830 2.717332 2.763836
1.513430 14.388014 2.370076
1.529300 19.133243 2.816645
1.546630 8.762731 3.028328
1.563230 12.614539 2.369816
1.579590 9.578545 1.230239
1.596190 11.086283 -0.949255
1.613040 3.070957 -0.878654
1.629390 -4.436198 -1.774368
1.645020 -0.549531 -3.836333
1.662350 1.269107 -1.330469
1.678220 3.033153 -4.758388
1.694580 2.927715 -10.318395
1.710940 2.513791 1.474694
1.728030 -3.105360 1.587848
1.744380 -4.087639 -4.210504
1.760010 -6.252406 -0.351419
1.776860 -3.340127 4.663168
1.793460 5.359009 12.929127
1.809810 -14.315885 -3.065140
1.843020 -28.326787 -9.725178
1.858640 -33.373983 -12.441247
1.874760 -17.823203 -12.747291
1.891110 4.595545 -5.599990
1.907710 3.590810 5.762762
1.941160 9.511556 6.829534
1.958010 -0.789553 -3.391891
1.990230 -9.011483 4.064460
2.006840 -13.036995 -6.665203
2.039060 -13.328082 0.547957
2.056400 3.282928 -45.191288
2.072750 10.351110 -80.276755
2.088380 12.802839 -73.424295
2.105470 2.212487 -35.760907
2.121830 -5.013399 14.166175
2.137940 -0.790498 4.611730
2.154540 2.223186 -6.046698
2.171390 3.438570 -3.214941
2.187010 -1.534496 2.805351
2.204100 -0.344893 2.620745
2.236820 1.644168 -1.451728
2.253420 -1.534761 -5.678718
2.269530 -4.657280 3.317487
2.352050 -6.173130 9.120194
2.368650 -1.334320 10.631767
2.384280 2.774795 3.512441
2.400630 -5.653582 -8.767173
2.417240 2.786439 -14.007826
2.433590 10.298638 -9.921500
2.532470 10.530868 -3.002810
2.548580 10.810655 4.568774
2.565670 10.710437 1.097024
2.827880 9.048531 0.398510
2.877690 -7.490994 -1.667593
3.139650 -16.694718 -2.333902
3.173340 11.878954 4.678786
3.221920 36.021375 4.306717
3.565670 22.806087 2.341935
3.584470 -2.037262 -0.062638
3.731200 -14.135110 1.935133
3.747800 0.696062 4.854719
3.764400 8.759064 0.039601
3.780520 0.983038 -7.338902
3.797360 -3.894457 -4.954098
3.813480 -3.976683 2.031676
3.978760 1.731081 4.181135
3.994870 -8.306093 -2.424114
4.011960 -0.125739 -3.139332
4.092040 15.648447 6.965181
4.126220 21.042465 7.444518
4.142090 10.298297 1.049532
4.159420 -11.277420 -3.645490
4.175290 2.881782 2.191756
4.191160 7.193435 5.361159
4.207760 4.514983 2.129898
4.224120 0.203314 2.015420
4.240720 -5.320184 5.706126
4.257080 -0.072812 7.694145
4.274170 -1.738491 -0.456682
4.306150 -0.610472 -8.117601
4.322510 0.331208 -13.420573
4.339110 -5.150101 -3.712995
4.355470 -6.952772 3.097699
4.371830 -7.171093 -2.934832
4.388430 2.845566 -7.003718
4.454830 11.455589 -3.164448
4.470700 9.035640 0.173926
4.488040 -0.704076 1.866304
4.503170 -7.368961 0.193891
4.519780 -7.026037 3.744136
4.536130 -3.516751 1.369148
4.552980 -1.491701 -9.319729
4.568600 2.420905 -1.946238
4.585690 4.475780 2.306470
4.601810 -0.041056 3.725447
4.667720 3.829131 0.808219
4.684080 8.121495 -1.418412
4.716800 4.898587 -0.528062
4.733640 -3.945796 1.434597
4.815430 -6.085310 6.009106
4.832030 3.761120 12.947060
4.848880 10.862030 9.965589
4.865230 5.250661 3.918156
4.898440 1.421460 0.544838
4.914310 -10.342604 -2.311148
4.931150 -8.953718 -4.632664
4.947020 -0.362510 -10.901238
4.963620 3.747737 -6.786437
4.980220 5.374244 2.564251
5.062010 -7.795130 9.188926
5.077640 -6.271649 2.162221
5.094240 1.983126 -5.288716
5.111820 10.530452 2.080232
5.143550 10.372733 11.947247
5.161130 4.681361 -0.873834
5.176510 29.887004 -17.625217
5.505370 44.950224 -16.893192
5.637700 28.667810 -2.818228
5.669680 2.068451 9.214019
5.686280 -9.330626 2.197474
5.702640 8.219635 -2.701908
5.719240 3.138250 -4.818450
5.751950 5.128741 -5.809569
5.817380 16.280437 -0.916081
5.850590 19.802529 6.341219
5.948730 16.130322 11.552835
5.966060 -27.946604 10.785133
5.981450 -39.144118 0.072018
5.999020 -64.706087 -8.585713
6.015140 -65.169428 -11.459554
6.048340 -40.638996 -4.394849
6.064210 -20.678813 7.367704
6.097410 15.767565 10.625411
6.112550 8.120247 0.500299
6.129150 9.412094 -9.746703
6.145510 -14.182780 -9.075159
6.178710 -32.577223 -0.415475
6.196040 -27.251815 10.364161
6.211910 -9.216797 14.890414
6.228030 6.452052 19.181776
6.245360 1.288085 3.153627
6.261230 4.445952 -10.895331
6.278080 7.870814 -13.895195
6.294680 -4.291331 -7.531610
6.311040 -4.664803 -0.678714
6.327640 2.260537 -4.458361
6.343510 6.899657 4.902897
6.360110 16.508804 5.272177
6.377200 14.270370 2.586485
6.392820 18.266815 0.865777
6.409670 5.330656 4.046432
6.426270 -8.222621 8.627888
6.442630 -7.114386 -5.609748
6.458980 -2.029928 -12.951478
6.475100 -2.138465 -14.489275
6.491460 9.153135 -3.786454
6.508300 39.409694 6.600817
6.524660 47.351820 5.297813
6.540280 48.044255 5.875136
6.558590 27.686281 -5.329829
6.573730 15.788621 -7.096930
6.590090 12.060072 -4.623662
6.721680 -8.118206 3.754060
6.738530 -4.772206 4.712527
6.967530 -12.511600 -3.854006
6.984860 19.403982 -2.359562
7.003420 41.710567 -0.057983
7.020020 31.783138 2.406936
7.033940 11.863039 -3.666401
7.050540 -8.258309 -5.458482
7.083740 2.940833 0.530661
7.099610 -1.354583 2.702593
7.116210 -2.617641 5.261497
7.132570 -0.007183 2.505654
7.148440 0.279188 -1.559377
7.164550 -1.065566 1.312157
7.181150 1.385130 6.981768
7.215820 4.233792 10.034510
7.231200 0.380430 5.972884
7.247310 -7.690412 -2.155038
7.264400 5.465807 -6.926857
7.280520 -29.921098 -4.901597
7.296630 -89.250351 -2.190598
7.313960 -109.027499 1.205122
7.331540 -69.205097 7.666028
7.345700 2.463133 4.873433
7.362790 15.845212 0.793948
7.379640 -0.073984 -3.434398
7.395510 -7.320231 1.524266
7.411870 -10.829670 10.591505
7.428710 2.010232 2.377023
7.444820 5.848578 -7.677842
7.461670 -0.571533 -16.228146
7.478030 -14.675508 -13.435930
7.493650 -17.384051 -5.018224
7.510990 -11.061975 0.195451
7.559330 -8.220164 3.193345
7.576170 3.433996 -0.223474
7.608890 1.239695 -1.333611
7.625000 6.672717 0.854979
7.659910 -17.046586 14.229613
7.707030 45.830013 14.816060
7.756590 42.041060 0.828279
8.002200 -5.208547 -9.902432
8.118650 -34.577348 -11.162132
8.134770 -26.844223 5.511645
8.150880 44.478449 8.261517
8.167720 15.340352 4.771549
8.183840 2.294334 0.562488
8.199710 6.146213 -8.079159
8.216550 1.008292 -6.749932
8.233400 -7.956932 0.741730
8.317140 -6.804390 8.669969
8.332030 -1.557822 13.961398
8.348880 1.490529 11.055147
8.364990 -7.433985 7.125709
8.382320 -7.874897 4.528583
8.399170 -2.694195 -0.243676
8.415040 -1.083259 -8.020751
8.432620 2.754418 -12.302059
8.447020 2.285791 -15.787718
8.463620 -6.296146 -13.803900
8.479980 -9.481389 -4.619858
8.545170 -4.124385 5.711230
8.561770 0.047936 15.160093
8.578610 11.973010 10.788913
8.594970 12.950008 1.291175
8.611080 12.468844 -4.346885
8.628660 7.350021 -2.230411
8.644780 -0.568584 3.757037
8.662110 5.807938 -0.055644
8.677250 4.064200 -7.394427
8.692870 1.003793 -14.982678
8.709720 -5.764539 -10.034959
8.726070 -13.315796 2.743091
8.808110 -0.229815 6.748255
8.824460 11.661394 6.185133
8.839840 14.599259 2.449065
8.856930 11.831927 -0.628717
8.873540 0.193523 -2.243525
8.889650 0.832877 -8.841742
8.906980 -16.170922 -1.124007
8.923340 -25.148253 9.333267
8.990230 -15.594654 14.865771
9.005130 -5.571735 10.027682
9.021000 8.081498 -4.570688
9.037600 4.586131 -11.759339
9.054690 -1.628290 -15.950720
9.072020 -10.113814 -6.534140
9.087400 -12.443893 1.873534
9.104490 -7.836526 6.957810
9.120360 6.292025 12.440609
9.136720 12.491450 15.237022
9.153080 12.901091 12.758821
9.169430 6.329603 6.221969
9.185550 -1.078193 0.460061
9.202150 -2.569667 -1.638790
9.218990 -2.895619 -4.980656
9.235600 -0.271249 -5.882319
9.252200 0.013950 -7.485465
9.268310 6.543123 -11.968323
9.284180 10.368386 -13.809500
9.301030 7.148977 -7.969621
9.317380 -0.792956 -0.492951
9.332280 -9.503466 0.376607
9.350340 8.710070 2.432194
9.366460 20.866537 4.762122
9.383300 18.407931 2.778651
9.399410 4.132854 2.187692
9.415280 -4.350079 -1.330634
9.431880 8.310554 0.843449
9.447750 0.045857 -3.273468
9.464840 -5.956888 -6.171949
9.480960 -8.042446 -0.714983
9.497070 2.421926 2.912338
9.513430 10.045426 8.678144
9.529300 3.258696 5.854792
9.546880 0.433394 2.507426
9.579590 -2.461432 -4.026774
9.595950 -3.257108 -1.692095
9.612300 -5.260755 1.283544
9.628170 -6.792973 1.722811
9.645750 -4.044542 -5.607456
9.661620 -0.064041 -11.193675
9.677730 6.064669 -5.390056
9.694580 5.588861 5.905238
9.744140 1.363846 11.032701
9.776370 -5.978059 8.823879
9.794680 2.996104 -3.819250
9.827880 17.734027 -9.877127
9.844970 16.456183 -7.908945
9.875490 7.712452 -3.605724
9.893070 -8.029366 1.879583
9.909420 -8.875992 2.790961
9.925540 -5.048142 7.458057
9.942380 -1.212589 1.645146
9.974610 2.822202 -6.852690
9.991210 -2.816758 -6.052085
10.007570 -1.032600 0.595473
10.023440 0.330868 2.982371
10.040530 -1.915115 0.959864
10.089110 0.223615 -1.808132
10.104980 0.299905 0.795649
10.123540 2.128712 -0.243888
10.140380 2.761299 4.780953
10.156980 1.769567 8.353004
10.173100 1.082200 1.824719
10.189210 -2.521201 1.792349
10.204100 1.974884 -0.750000
10.221190 11.384178 -2.195395
10.238530 4.783623 -6.311495
10.255370 -12.911487 -11.731104
10.292970 -21.914470 -0.291097
10.351560 -14.128381 6.891746
10.385990 1.228391 10.519040
10.405520 0.931737 5.468193
10.418460 -7.959617 -6.580190
10.433840 -1.787221 -3.346809
10.450680 -0.645744 3.952936
10.467040 -3.453276 6.733464
10.483400 -4.351100 3.417504
10.500240 5.898631 -1.589266
10.516600 15.831527 -0.129812
10.532960 15.569855 2.802657
10.549800 10.177098 -0.800682
10.565920 4.877227 -8.345868
10.582520 7.131512 -2.071844
10.600340 4.235569 -0.397423
10.616460 8.572991 -0.712195
10.633540 -2.592538 -7.639612
10.664550 -14.429333 -10.757914
10.681400 -1.512494 9.012806
10.698490 7.836450 16.160196
10.715580 6.397500 7.672195
10.729980 -0.111751 -5.376470
10.762700 0.724983 -11.958872
10.779790 3.961901 0.085510
10.796140 -5.563154 5.080980
10.812500 -16.918473 1.185747
10.828860 -2.192110 0.708627
10.844970 12.531371 1.314307
10.861820 15.238473 4.510035
10.878660 2.600704 0.485579
10.895020 -15.892806 5.140782
10.910890 -11.045493 1.098206
10.927730 -1.518959 -2.149864
10.960210 6.163036 -7.826791
10.976810 5.337990 -7.182321
10.993160 0.373360 4.926264
11.009280 3.445564 9.682814
11.026370 -2.097939 3.615293
11.044190 -3.639578 -6.904269
11.058350 -4.597964 -6.954313
11.074460 -8.599114 -7.926902
11.108400 7.752373 -4.273426
11.124510 19.574923 -5.952824
11.173830 24.578980 5.189739
11.189940 5.993899 7.706337
11.206050 -12.642249 -1.990138
11.222410 -4.515475 -0.959722
11.238770 4.363765 4.765217
11.255620 9.872170 12.272784
11.271480 6.917614 0.039435
11.288570 -1.221511 -9.140230
11.304690 -4.240370 -5.280848
11.320800 -4.673082 -3.232875
11.337400 -2.911610 -5.586569
11.354000 4.368150 -8.796448
11.468510 -6.520251 9.906874
11.485110 -10.003879 20.847518
11.501950 -6.981919 12.501969
11.517820 1.325927 -3.675025
11.534420 0.834805 -15.714948
11.551270 -12.963656 -12.663934
11.567630 -13.774654 -11.338298
11.600100 11.423418 0.602207
11.617190 27.266217 6.356151
11.797610 22.656243 3.257070
11.814450 -4.770391 0.698633
11.831050 -14.337773 2.249243
11.846680 2.519235 5.493357
11.863530 3.239907 0.999181
11.879640 3.863987 -1.574640
11.896240 -1.218486 -1.394973
11.912600 -3.498151 -2.938849
11.928470 -11.998830 -7.805148
11.945560 -15.707496 -3.714058
11.994870 -6.158802 8.443309
12.011960 7.256417 13.275691
12.028320 2.545131 5.439367
12.044680 -2.810445 -6.279455
12.060060 -6.262349 -5.465618
12.076420 -1.897952 -2.602599
12.093990 -0.002004 -5.883666
12.110840 15.949057 -3.216383
12.125980 25.446232 -1.845299
12.142090 25.450390 2.566330
12.158940 18.796161 1.900872
12.191890 2.960794 -1.484523
12.208500 -0.331057 0.310283
12.241460 -4.473436 -2.998131
12.257320 0.595350 1.155693
12.291020 -3.096551 3.273893
12.306640 -14.016634 0.523762
12.339360 -16.266979 1.492179
12.356930 -2.054690 2.730190
12.388920 3.105511 4.963360
12.404790 0.129859 0.538364
12.437010 -2.147274 -5.539999
12.453860 0.414303 3.561044
12.470700 -1.771192 9.189730
12.488280 -9.428576 8.984051
12.504390 -0.869851 7.409620
12.521240 1.931069 2.995225
12.537110 0.841610 2.476804
12.553710 -8.781822 -11.673264
12.570070 -6.959312 -19.944669
12.586910 1.235839 -14.441903
12.635010 1.310125 -2.443677
12.651610 -1.106546 6.394476
12.668210 -2.128598 7.261072
12.685550 2.026337 0.245589
12.701420 6.579491 0.161899
12.718260 6.313498 5.635668
12.783200 10.837647 -1.065717
13.060790 21.076109 -5.017232
13.079830 20.858523 -6.635574
13.095210 8.970579 1.747314
13.127690 -10.243482 2.246148
13.144780 -8.540404 -1.824081
13.177730 7.627014 -0.613501
13.194820 9.735622 3.050467
13.226320 1.991102 -0.836242
13.243160 -10.781508 -3.821282
13.308840 -11.603856 9.063393
13.325440 -5.612640 20.200611
13.341310 2.824811 17.999273
13.357910 9.015641 3.414739
13.374020 1.906382 -11.369699
13.391110 3.500041 -8.152263
13.407230 3.552136 -8.201715
13.423830 1.067116 -3.113459
13.440430 -1.374582 -6.498178
13.472410 0.611984 -11.233227
13.488770 9.461428 0.355129
13.506590 3.478492 10.828843
13.522710 -6.066332 19.228911
13.538820 -7.090532 4.779890
13.555660 0.345460 -13.141984
13.571780 3.334910 -17.568348
13.588130 3.777225 -11.433351
13.717770 9.421734 -5.307548
13.865970 12.740501 5.879413
13.882320 15.010482 12.814794
13.982420 2.903974 9.448546
14.003170 -4.800786 3.799875
14.015140 -5.975375 -3.824590
14.031740 -1.053317 2.321970
14.047120 2.176875 4.281010
14.063480 1.219772 -2.638703
14.080810 0.148044 -3.596769
14.097170 -0.110844 -6.474976
14.113770 -5.679743 -5.941837
14.130370 -6.938747 -4.124782
14.164550 -7.015263 2.118864
14.180180 3.922697 7.749032
14.212890 13.614594 2.548019
14.229250 11.258216 -6.077485
14.262450 8.077150 -9.007017
14.278810 -2.829763 1.250086
14.295650 -3.168683 9.588776
14.312010 -1.392993 9.219240
14.328130 -1.676491 3.004275
14.344240 -1.966227 -5.360474
14.360840 -0.908185 -5.760305
14.377200 8.576734 -3.820927
14.409910 5.645001 -4.210528
14.426510 2.562937 -3.837561
14.459230 2.655521 0.156559
14.476070 3.549527 1.359626
14.508790 4.902367 -1.099174
14.524660 1.820868 -0.852262
14.559330 7.644933 3.194031
14.573730 7.149809 7.729019
14.590820 -3.449458 2.961957
14.607180 -9.102515 0.823814
14.623540 -10.286427 -2.055753
14.640380 -1.284229 -5.447826
14.656250 3.792498 -2.691015
14.672850 12.803141 0.723111
14.689210 14.926672 5.434571
14.705810 7.286585 3.333861
14.722660 1.813685 5.304830
14.739260 -6.757134 2.071466
14.754880 18.049338 -5.895881
14.771730 -40.256719 -2.823662
14.788090 -110.270883 -0.785844
14.804440 -125.274424 -2.042687
14.820800 -66.793385 -3.430074
14.837400 8.980219 -6.116896
14.853270 1.554231 -1.580689
14.870120 -5.118874 -1.833485
14.902590 -2.760089 0.015854
14.919680 1.897876 9.536606
14.936040 0.009489 7.776440
14.952640 3.007823 0.483098
14.968750 -6.944947 -2.431296
14.985350 -13.416958 -9.973079
15.001710 -8.854104 0.569482
15.034180 1.724579 11.284333
15.050780 8.624897 20.165550
15.069090 3.050996 15.047179
15.084720 2.620363 -6.561335
15.105220 4.022010 -11.833127
15.117920 1.382559 -10.286214
15.133540 -3.990632 -3.197622
15.149660 -7.352516 -3.295607
15.167480 -4.947317 -6.782657
15.183590 4.931477 -4.190043
15.199710 4.267892 4.138274
15.219970 -2.462982 8.806300
15.248050 8.348661 5.153423
15.264400 19.367352 -0.635286
15.297360 30.326825 -4.877662
15.314940 19.794250 -3.144908
15.346920 3.482915 -4.936921
15.363280 -1.887782 0.744211
15.396480 -11.541858 4.164973
15.412350 -6.691619 2.636529
15.444820 2.964877 -0.709572
15.461180 7.694192 -1.380324
15.494870 8.505397 2.174933
15.510740 0.975893 -3.288330
15.543210 0.040640 -9.355808
15.560060 -6.168442 5.017539
15.576660 -18.820354 17.902168
15.593020 -20.710643 13.574953
15.608890 -13.673341 1.296515
15.625240 -3.842703 -9.644230
15.641850 -5.929026 -3.627745
15.658690 -3.341828 -5.707378
15.674560 2.442151 -0.014957
15.690920 5.475523 8.270141
15.707520 1.299880 7.306272
15.722900 -3.652507 -1.581847
15.740230 -2.682551 -7.911780
15.757320 -4.561332 -7.065647
15.773930 -1.319047 6.330704
15.791260 2.992286 19.453456
15.808110 3.261002 21.828089
15.824950 5.165450 14.489487
15.840580 4.655352 -0.208990
15.857670 -2.552919 -7.392749
15.873050 -10.510227 -16.603930
15.888430 -12.425407 -18.389725
15.905520 0.366593 -1.066497
15.938480 11.621964 2.707200
15.954830 0.997253 2.170207
15.988770 -6.321248 -0.030480
16.003420 -1.029576 9.483421
16.036380 6.971258 19.698625
16.053220 13.524358 4.620260
16.069340 5.037443 -2.926798
16.085210 0.751257 -2.604797
16.104250 -3.714847 -8.793849
16.118410 -9.145083 -11.327642
16.135500 -5.336364 -10.079095
16.151370 -7.110039 1.591889
16.167720 0.260626 10.903790
16.184080 2.006111 8.767504
16.200680 12.145849 1.314733
16.217040 20.309944 -4.372521
16.233150 16.220255 0.200838
16.249760 12.214349 2.240831
16.264890 -3.238130 -1.469330
16.282710 0.472787 -4.196233
16.298580 -2.182508 -0.397706
16.332280 -7.406009 0.015311
16.347900 -3.223424 -4.149639
16.364260 -0.146607 -3.135740
16.381100 8.492657 5.283518
16.396970 -3.057272 -4.135746
16.413820 -2.896904 -10.320923
16.430420 5.568862 -3.442691
16.447020 7.328170 5.505951
16.479980 4.120491 8.575009
16.496090 -3.952866 -1.258663
16.529050 -2.005506 -3.990907
16.545650 3.376117 1.825168
16.562260 1.478432 1.102246
16.578130 -3.102978 2.371329
16.596920 -1.998739 -1.911363
16.612790 5.340560 -5.897724
16.629150 12.928082 -3.584057
16.646730 9.089095 -5.748514
16.659910 -1.034453 -3.446684
16.676270 -6.415646 -3.815115
16.692630 -2.650228 -2.518814
16.709720 -1.926305 3.474045
16.726070 -2.257135 5.530902
16.742190 -3.013003 5.965749
16.759770 1.067494 3.110104
16.775390 8.119869 1.678273
16.792240 3.209323 0.640650
16.808590 -12.819888 -2.283716
16.824220 -21.507651 -6.415292
16.840820 -16.689842 -2.563306
16.857180 -2.780239 7.772494
16.874270 6.129504 14.234906
16.890870 0.555541 -0.174776
16.906980 -5.752706 -15.482010
16.922850 -9.257323 -19.443958
16.940430 -5.899652 -13.296010
16.955810 -1.040048 -1.215259
16.972900 8.214796 3.519624
16.989260 5.278863 8.499613
17.021730 -2.619985 7.523009
17.038330 -4.331063 -1.835375
17.054200 2.909569 -5.793006
17.071290 15.017854 -2.376999
17.087650 8.359133 -0.111997
17.105470 -2.994138 6.009697
17.121830 -8.180507 5.185226
17.138670 -3.953055 6.267098
17.155030 2.550991 4.596348
17.171390 4.514340 -1.739682
17.189700 1.654035 -5.797400
17.202150 -5.806048 -6.264286
17.218990 -11.512446 -5.218022
17.235840 -4.608928 -1.314095
17.252440 2.847229 -0.455737
17.268550 4.433590 -0.744518
17.286870 3.436491 3.586585
17.302000 6.779930 3.284951
17.318120 -0.057312 4.136242
17.334470 -4.304071 9.104127
17.367920 -1.027950 12.053027
17.383790 -1.275496 10.349465
17.399900 -2.950474 3.920684
17.416500 -11.075736 3.710632
17.432620 3.003438 5.379305
17.449950 9.867444 3.136827
17.465820 3.243990 0.642658
17.482670 -1.420704 1.373448
17.498290 1.064961 5.572085
17.514890 10.253991 5.066520
17.528560 0.614971 -1.876228
17.545650 -10.705484 -9.185548
17.562740 -15.527175 -12.254048
17.579590 -2.457273 -2.780849
17.595700 -5.990988 6.734858
17.612060 -3.215371 7.873243
17.628420 0.476529 8.232242
17.661130 8.680847 -3.070433
17.677980 1.600428 -7.402130
17.694340 -14.765971 -8.117577
17.712160 -12.774789 -1.897540
17.728520 -6.791612 4.496497
17.760990 3.477698 -0.561732
17.778080 3.494899 -6.218897
17.810060 5.844987 -7.314896
17.827640 5.705639 -2.886678
17.842770 3.456528 5.980682
17.859620 -6.412471 9.149468
17.875980 -8.450846 5.758320
17.909180 -9.165913 0.064221
17.925780 9.215210 -4.934345
17.941160 9.770250 -2.335296
17.958250 3.996265 1.709178
17.974370 -1.756486 1.328957
18.009520 -1.774406 11.200881
18.027100 2.077902 2.408377
18.045170 2.439807 -11.177419
18.202640 9.747794 -16.730475
18.222410 9.168219 -12.982784
18.254150 2.765571 6.065765
18.270020 -9.685909 2.478033
18.303960 -7.337319 1.557297
18.319820 4.027303 5.319409
18.336430 7.073784 12.416982
18.353030 5.261776 17.460067
18.369140 -0.493277 3.467902
18.385990 -2.322386 -14.732397
18.401860 3.837523 -22.747438
18.418460 -1.927969 -16.770995
18.435060 -6.198573 7.596515
18.450680 -7.903061 26.806678
18.468020 3.163617 13.109804
18.483890 16.942251 -6.754894
18.500000 17.785854 -18.975140
18.517330 8.150680 -12.941602
18.533450 -8.166142 -5.527996
18.550050 -6.270893 -5.020044
18.566410 4.980207 6.550230
18.599610 12.917649 11.644509
18.616210 7.402418 4.979026
18.632320 -5.507695 -0.710494
18.647710 -11.601021 -1.786324
18.665280 0.071451 3.549182
18.681640 11.899368 6.379897
18.698000 13.804897 3.292890
18.713870 4.120227 3.892732
18.730220 -7.000368 5.532792
18.746580 -4.833109 9.695384
18.762940 -7.292936 1.866021
18.779540 8.717290 -4.858523
18.795650 20.196463 -6.185299
18.812500 18.346654 -8.962928
18.829100 2.868400 -4.027388
18.845460 -13.379457 -0.749811
18.862060 -5.019562 -2.137837
18.878910 2.793849 -6.546970
18.894780 6.205907 -7.854081
18.911380 3.956155 1.877906
18.927490 0.356802 11.197857
18.943850 -0.383983 11.330572
18.960690 -0.740218 9.396944
18.976810 5.018427 1.631135
18.993900 9.346655 -10.243968
19.009770 6.474583 -13.656396
19.027340 -4.696975 -15.660724
19.043210 -17.581078 -12.887590
19.058840 0.493542 4.128539
19.075680 35.584118 16.102664
19.092290 48.694284 20.714928
19.108150 31.365550 9.527982
19.144530 2.110452 -3.035700
19.160160 -2.683912 -5.091234
19.174320 3.922735 -18.044305
19.191410 2.718239 -20.115510
19.207280 2.316072 -9.473710
19.223630 1.232625 12.871547
19.239990 0.496112 18.075209
19.258060 -10.935673 5.715624
19.289550 -17.435576 -5.667778
19.307130 -17.874426 -8.219932
19.323970 -8.422304 2.924436
19.339840 -0.335253 8.325761
19.357670 4.740526 2.360932
19.373780 6.228816 -7.157299
19.387450 1.284909 -17.014327
19.404050 -6.337693 -8.255705
19.421140 -6.644401 5.386276
19.436770 0.071754 10.566035
19.453370 6.332098 11.473920
19.469970 7.480673 1.391783
19.486080 1.510982 -1.169940
19.503170 -1.740419 -2.319229
19.519530 -4.425424 -1.938251
19.535640 -1.286081 -5.974255
19.552490 -0.522084 -11.128439
19.569340 -1.315115 -5.638598
19.585690 -1.677890 3.965388
19.601560 -6.664211 10.957306
19.617680 -9.957796 12.632179
19.633540 -8.073332 13.387802
19.650390 -3.220702 8.084262
19.666260 2.373687 -2.082500
19.682370 0.281835 -9.985483
19.699950 -1.146014 -8.621697
19.715820 -3.896083 -2.012278
19.732910 -1.017516 4.195855
19.748780 3.795976 10.383725
19.781740 3.562872 3.990269
19.797610 -4.885469 -7.178682
19.830080 -11.031052 -9.872591
19.847900 -5.930576 7.304453
19.880370 0.591343 4.187396
19.896480 3.426322 21.942438
19.912840 2.650417 10.035739
20.157960 5.533704 -4.535884
20.174800 7.961620 -13.629957
20.193360 0.567450 -21.453146
20.208740 -3.655116 3.146231
20.225340 -6.729764 -7.826838
20.241700 4.733078 -9.692619
20.258540 17.814093 -6.842128
20.275390 17.837341 -1.792420
20.290530 10.819312 -4.283845
20.307130 -5.502288 -2.355923
20.323240 -11.149643 3.469580
20.340090 -0.894688 10.239975
20.356690 5.733010 15.278771
20.372560 5.536124 11.583125
20.390140 0.808040 10.612510
20.405760 -5.735278 0.999653
20.422360 -3.406814 -8.124878
20.438960 -8.279139 -6.254268
20.454590 -4.083065 4.939094
20.471440 26.213799 11.085886
20.488280 35.797247 6.034553
20.521000 23.923178 -0.550296
20.537600 5.987245 -8.733456
20.554690 -7.261143 -13.224065
20.569820 -1.219734 -13.814792
20.586910 -6.458290 -6.462524
20.603520 -3.990859 7.182392
20.619380 4.062839 12.109307
20.635740 0.745359 12.243652
20.652100 0.740558 7.591199
20.668210 1.793459 0.657118
20.686040 -2.654009 -7.613503
20.701420 7.535830 -9.645837
20.718750 17.015399 -8.109473
20.735110 16.828729 -4.953838
20.750730 8.128451 -0.774337
20.767330 -4.386825 -2.702144
20.783450 5.063528 -1.242738
20.800780 7.052992 -4.455124
20.817380 4.502205 -1.816095
20.833740 -2.877813 2.096913
20.849120 -8.565242 0.237249
20.865230 -6.330851 1.083958
20.881590 -3.152805 4.883451
20.899170 4.808801 13.243369
20.915040 5.265140 15.933850
20.931400 6.186891 10.973727
20.947750 4.305243 5.641622
20.964360 3.268374 -2.194142
20.980710 3.863760 -10.270596
20.997560 -2.314522 -13.022950
21.013920 -5.879540 -8.501574
21.029790 -3.624305 -5.576598
21.046880 -5.633584 -0.093212
21.063230 -12.420115 6.963268
21.079590 0.066914 15.163519
21.095700 16.234658 12.445689
21.113040 23.383270 1.801091
21.128660 6.768249 -7.672856
21.145020 -11.926965 -12.654649
21.161620 -10.938961 -11.188311
21.177980 -1.514876 -7.037837
21.194580 8.404309 4.736414
21.211430 10.760035 10.326334
21.227050 8.481921 6.135680
21.244380 -37.942417 -0.317915
21.259770 -49.778743 -2.311644
21.276120 -90.284953 -5.757446
21.292480 -87.941390 -7.756002
21.309080 -52.139657 -5.536643
21.325680 -23.937164 1.604861
21.342530 21.623664 7.341832
21.358890 4.951551 4.569649
21.375000 6.460596 6.950461
21.391360 2.982797 8.216648
21.407710 -3.065287 1.461840
21.424320 -7.601269 -4.081874
21.457030 -8.606864 -6.830078
21.473390 -8.139754 -7.222748
21.490230 -6.330095 -6.457775
21.506350 -2.000176 -4.344191
21.522950 4.564318 2.517515
21.555660 7.271842 7.601690
21.572510 -1.101669 2.335012
21.604740 -8.321366 -5.164292
21.621090 -8.190903 -5.325859
21.637940 1.508903 0.850253
21.654540 2.417540 6.662462
21.671390 18.055273 5.722453
21.687500 24.593231 1.460564
21.703610 17.006667 -3.021948
21.720460 5.856971 -3.819699
21.736820 0.211064 -2.143933
21.753420 6.240800 3.313777
21.770020 -5.814781 4.207929
21.802490 -11.710614 -2.128197
21.818600 0.069599 -3.090753
21.851810 18.778659 11.397485
21.866940 14.666700 10.549921
21.899410 4.746650 2.039190
21.915040 5.259432 -11.171205
21.948000 12.660244 -6.800118
21.964840 14.396142 9.408876
21.997560 0.840363 6.918398
22.013670 3.813404 0.098103
22.030030 16.032526 -10.381244
22.046630 20.442099 -10.386749
22.062990 10.494689 2.741035
22.081540 -1.449247 11.660363
22.097170 -2.014012 12.696398
22.114260 9.083273 4.477051
22.131350 11.363197 -2.514325
22.147220 7.063161 -1.886955
22.164060 -3.881074 -3.301065
22.179690 -12.662474 -5.907081
22.196290 -8.652532 -9.252012
22.212400 1.423955 -3.431019
22.229490 9.612720 3.670205
22.244870 4.111116 5.564690
22.261960 -2.991605 -0.515327
22.295170 -4.508141 -6.775592
22.311040 -5.751723 -9.613892
22.328370 -13.703470 -13.699728
22.344480 -20.123316 -10.943885
22.360600 -4.350495 4.393432
22.393550 16.139810 17.679795
22.409670 11.070973 19.098257
22.424070 3.194503 6.078784
22.441160 -8.042143 -3.148405
22.457520 14.793567 -4.011510
22.523440 13.681015 -7.898690
22.540280 11.502769 -2.107262
22.555910 15.788696 4.716945
22.588870 13.240756 8.781350
22.605470 16.212543 4.699389
22.622800 2.443777 6.200657
22.639160 1.102501 6.870765
22.655760 -1.228164 -0.822939
22.688230 -2.463775 -7.346959
22.708250 -4.017965 -13.993838
22.723630 0.869813 -7.012177
22.739990 -0.042190 -6.760234
22.759280 3.586576 -2.354576
22.771730 7.465173 -4.040431
22.788090 4.669264 -7.148982
22.804200 7.553825 0.017296
22.821290 4.203246 11.259265
22.838130 2.657525 20.018028
22.854740 -4.555850 13.757922
22.870610 -10.698755 2.088431
22.886960 -6.376934 -8.098840
22.902830 -6.320832 -9.517704
22.918700 -2.334634 -4.637744
22.935060 -3.434299 0.100537
22.952150 -0.960355 5.449173
22.968510 13.899481 1.983783
22.985840 19.135058 -3.180823
23.001950 18.724110 1.697884
23.018310 10.792660 4.507744
23.034670 4.111267 6.422593
23.051270 2.250065 4.011250
23.067870 -6.043877 1.427816
23.083500 -8.402305 2.530368
23.100340 -1.945208 -2.497029
23.116940 3.911016 -7.468736
23.133060 3.965341 -9.945482
23.149410 -0.381639 -10.802593
23.166020 -2.860536 -5.654830
23.183350 -0.775565 1.522777
23.198730 -0.910075 0.922342
23.215090 2.211845 5.069284
23.231450 5.182991 12.105078
23.248050 -2.317131 3.132527
23.265140 -5.766467 -12.391252
23.280760 -3.068651 -13.948214
23.299070 0.073984 1.362390
23.329830 -0.490593 11.852808
23.347170 -7.748895 3.648632
23.363040 0.340168 -6.780058
23.379390 5.938780 -3.255605
23.395750 8.055564 -2.833350
23.411870 3.203501 10.703311
23.428960 -2.722549 20.983060
23.445310 -4.586888 18.791445
23.461670 -3.727625 2.094314
23.477780 -0.034780 -17.984766
23.494870 4.975330 -17.734608
23.512210 9.822609 -7.476155
23.527100 7.104406 4.797587
23.544680 9.981008 4.549778
23.560060 0.378124 2.736806
23.576900 -5.565838 -2.867469
23.593990 -5.342488 -7.414629
23.609620 -3.901262 -12.187891
23.627690 6.254826 -10.894032
23.642820 3.958234 1.335691
23.675780 3.934681 11.138954
23.692140 1.916854 10.665341
23.708250 -5.673543 7.442840
23.725100 -4.086467 7.802832
23.743650 -9.523049 5.919580
23.757570 -0.613912 2.382316
23.774170 7.988915 1.064701
23.791020 12.181952 -4.601972
23.806640 5.376437 -4.317728
23.823240 -9.210560 -3.555420
23.839110 -2.430961 -1.465314
23.856200 5.930539 1.252520
23.872800 9.559038 -6.364752
23.888670 9.901544 -12.712748
23.905520 14.003554 -10.925574
23.922360 5.736072 -4.427999
23.937740 -2.100585 4.693837
23.970210 -5.231381 2.311195
23.987060 -1.681292 -8.014442
24.020260 25.058100 -10.221050
24.036870 -46.451725 -1.352939
24.053710 -116.679689 12.249535
24.069090 -122.652823 15.837949
24.086430 -68.574931 14.913073
24.102540 8.463472 4.310167
24.118900 -0.434339 -1.537474
24.135250 -2.496968 -9.408616
24.151610 1.464936 -12.458259
24.167970 0.421712 -6.476275
24.184330 -0.834465 -3.039291
24.200930 0.130464 -0.623425
24.217040 -2.960530 4.687954
24.234130 -7.720769 10.263508
24.266360 -7.816867 14.913640
24.283690 -4.120529 7.284912
24.315920 1.229601 0.924091
24.333010 -2.342158 -0.798177
24.365480 -7.887562 -2.051666
24.381590 -4.068056 0.915561
24.397710 8.817509 -0.845504
24.414550 16.384168 5.150824
24.431400 12.759932 3.336649
24.447510 -2.974253 1.223670
24.463870 -21.024434 -2.758402
24.480470 3.285688 -11.437959
24.496340 22.955703 -13.072804
24.512940 23.495689 -13.281550
24.529050 1.989590 -2.602599
24.545650 -4.583183 8.178017
24.562990 15.942025 13.701075
24.579590 17.487857 10.985092
24.594970 6.727495 7.134522
24.612790 -6.107086 6.729376
24.629150 -5.118345 4.407207
24.644780 -10.859535 -10.862347
24.661130 -14.361400 -23.473784
24.678220 -4.536570 -15.719460
24.693850 7.760993 6.105342
24.709960 11.132555 25.512978
24.726560 6.416932 17.846764
24.743160 -0.259946 -3.822368
24.759770 -0.572705 -26.217900
24.775630 -2.267871 -12.205730
24.792480 2.072269 9.615995
24.809330 7.297738 16.229068
24.825440 6.840569 5.982784
24.858890 1.758868 -7.745134
24.874270 2.725233 -0.963526
24.907960 5.327745 2.414261
24.924070 2.464872 3.084704
24.941650 -6.015637 4.313097
24.957030 -15.002090 4.036154
24.972660 -3.245010 2.659401
24.990230 3.105700 1.387294
25.005620 -1.085035 -2.610066
25.021730 -1.083939 -3.027005
25.038330 -3.259490 0.959982
25.055420 -2.711094 2.468392
25.071530 -3.176130 -4.305749
25.088620 3.280396 -6.731314
25.398930 11.278705 -0.844914
25.417720 7.642022 2.926137
25.433590 2.783982 0.927871
25.449710 3.755752 -7.100970
25.465580 0.107063 -3.440163
25.482420 -4.571047 -3.583325
25.498780 -4.792847 -8.678711
25.515140 0.592704 -6.312085
25.531490 -0.572289 3.054578
25.548340 -8.275509 14.695279
25.565190 2.375728 10.078835
25.581300 21.815922 4.875441
25.597170 32.995901 0.628623
25.614010 13.728610 -1.929462
25.630620 -9.193775 -4.159846
25.646970 -13.056199 -8.473268
25.663330 4.079738 0.867124
25.679930 11.552934 4.529836
25.695800 -2.291650 7.785017
25.809810 -12.913074 8.645112
25.842040 -8.237025 -1.921948
25.858890 -3.473918 -8.612459
25.891850 -14.369641 -10.631956
25.908200 -12.652154 -3.079199
25.925290 8.782503 14.861235
25.940670 23.033157 12.449469
25.957280 9.752331 -1.789915
25.973630 -8.273922 -12.758207
25.992190 -12.242853 -14.807058
26.008300 -7.520216 -0.029110
26.025880 -8.385520 -0.434684
26.040770 -11.224646 -2.601678
26.057130 -4.208614 -1.095394
26.073240 9.851340 0.522179
26.089840 17.825812 3.144105
26.106200 4.306604 6.586617
26.123780 -5.783403 13.231130
26.139400 -6.136195 2.380685
26.156010 -1.426526 1.548437
26.188480 3.725017 2.679934
26.205320 -2.505209 0.475844
26.219730 -15.507971 -2.544663
26.236570 -12.701941 -13.055343
26.252690 0.449386 -1.776801
26.285890 12.592348 6.502904
26.302250 3.336536 5.628839
26.318360 -12.893341 3.977061
26.334720 -9.303482 -3.044938
26.351320 9.410808 -9.211372
26.367680 13.301922 -13.064109
26.385740 1.064129 -10.426680
26.402100 -11.903262 0.219032
26.418700 -6.830739 12.470994
26.435060 13.717420 19.363321
26.452150 1.381387 3.099897
26.468510 -2.086030 -11.340330
26.484860 -1.705790 -16.304957
26.499020 2.753284 -7.862422
26.515870 5.051091 0.978884
26.531740 -5.245293 -7.980229
26.548830 6.880566 -1.872566
26.565430 21.085106 -9.337615
26.581050 15.698687 -11.076365
26.598140 16.890877 5.557152
26.630860 11.733674 22.868213
26.647220 15.462834 22.715780
26.665770 8.371003 -1.190851
26.681880 -6.996739 -14.476422
26.697750 -3.627783 -4.321721
26.715090 -6.003426 6.449245
26.731450 -5.900068 7.811173
26.746830 -7.103650 2.228285
26.780520 -1.306571 -7.574258
26.796390 5.217998 -15.838563
26.829830 3.159383 -7.754726
26.846190 -1.455447 6.085542
26.879150 -8.094691 10.684857
26.895750 2.355276 16.490900
26.928710 13.960004 8.191957
26.942630 20.077614 4.800281
26.975590 8.864538 -1.767161
26.992190 -14.180776 -6.730888
27.025390 -5.425885 2.156645
27.041750 -2.387637 2.605009
27.073970 18.044008 2.363650
27.092290 31.152976 3.900860
27.124270 6.199669 -0.270210
27.140380 -10.300074 -7.128449
27.155760 -17.962543 -4.037973
27.174320 6.003085 5.531469
27.191160 10.641407 10.382874
27.207280 -2.674537 -3.001156
27.223390 -0.991620 -17.857750
27.239750 6.735737 -12.665257
27.257080 8.024980 5.061487
27.272710 -2.395651 -1.068647
27.289790 -7.059910 -1.812669
27.322020 -9.816863 0.634955
27.338870 -8.412815 6.611332
27.354740 -2.637715 3.843539
27.371340 3.224104 -12.967781
27.387700 -3.511723 -17.052696
27.404300 -4.556455 -5.540447
27.420410 -0.654250 12.230917
27.437010 -6.439198 11.627758
27.452150 2.436858 16.391006
27.469240 7.087432 16.554480
27.485110 15.480602 15.253797
27.501460 18.529390 -3.880611
27.518550 7.926235 -11.247167
27.535890 9.698384 3.194385
27.569340 4.006132 -2.568575
27.583740 0.495129 -21.474291
27.616210 -2.193623 -24.133973
27.637450 -5.773574 -0.174209
27.668700 -7.777778 15.722201
27.690190 -0.859303 10.003653
27.700440 7.945100 3.503013
27.717040 9.916287 3.589940
27.732910 1.154899 2.895680
27.750000 -0.814882 5.453686
27.766110 3.342471 5.105742
27.782710 10.314742 2.344440
27.799800 6.435229 0.605231
27.816410 -4.077508 -6.462004
27.832760 -3.096702 -3.090800
27.848390 -1.576535 -3.300356
27.865480 2.734117 -2.338675
27.881350 -2.282539 -4.300361
27.899900 -0.461559 -1.970764
27.915530 2.099829 7.052226
27.930910 5.618084 6.470439
27.947020 10.703859 1.413049
27.964110 10.224088 -7.948356
27.979980 9.060364 -5.668605
27.996830 -1.732442 1.464061
28.012700 -9.274978 2.519618
28.029540 -1.165257 1.796365
28.046390 5.093470 -4.783505
28.062010 7.460523 -8.065809
28.078860 3.082299 -6.217834
28.111080 1.408607 -3.926520
28.128170 -3.196809 3.654185
28.144780 -9.478818 9.289084
28.160890 -9.460332 13.255560
28.177000 0.679881 6.815334
28.193120 11.032224 -4.047850
28.208740 11.459786 -9.381373
28.225100 -5.223820 -8.320657
28.242430 -2.887113 0.541861
28.258790 9.324312 2.414993
28.275630 15.186607 -2.141334
28.309570 8.136163 -9.032181
28.326420 0.004385 -8.507505
28.343260 6.464716 -3.660541
28.357180 7.421660 -0.142831
28.373780 2.979621 4.300338
28.406490 -0.414038 9.365873
28.423340 -3.280509 11.882248
28.440430 -6.098958 5.410045
28.456050 -11.845120 0.158638
28.473140 -22.155189 -6.953864
28.505130 -22.193708 -11.631774
28.521970 -12.863174 -5.921565
28.537840 -0.794921 0.160032
28.554440 -6.978215 3.369870
28.572270 -1.770663 5.507770
28.586910 3.735375 5.469966
28.603760 3.856955 8.957683
28.620120 -0.248415 0.274628
28.636470 11.970402 -7.450637
28.652830 29.024252 -7.384574
28.669680 12.738119 -1.355420
28.685550 -5.082468 7.647102
28.702150 -9.502672 6.818028
28.718510 1.550828 -5.752696
28.751220 5.490871 -19.368732
28.768070 1.746468 -9.754335
28.784420 0.101317 9.434630
28.800780 -6.320530 22.118639
28.817380 -3.548053 10.100336
28.834230 7.538665 -4.169297
28.850590 18.109292 -3.495216
28.866940 11.052222 3.727219
28.900880 1.673505 8.368929
28.916260 -4.909777 -3.116153
28.933110 1.345586 -16.833724
28.948490 10.382033 -22.974812
28.965090 4.801920 -9.286437
28.982670 -6.671583 9.943922
28.997800 0.485073 20.447008
29.015140 -41.800286 12.600731
29.031740 -78.752068 1.558243
29.047610 -74.167749 8.490588
29.064450 -38.547692 11.875798
29.080810 15.228606 9.756059
29.094480 -1.733161 0.507860
29.111330 -1.040464 -0.363139
29.144530 3.437399 -0.664065
29.160890 -21.196772 -9.505205
29.193600 -26.285996 -10.118459
29.209960 -26.577546 -4.325312
29.227540 -12.486007 2.951584
29.242680 0.484166 3.650168
29.260740 -0.604347 5.203632
29.276860 -0.935971 2.293002
29.293460 -4.740185 -7.548362
29.309810 -10.205451 -13.598863
29.326660 -10.786082 -9.815294
29.343510 -8.030991 -3.339933
29.359620 -1.953638 -4.252633
29.375490 5.620579 -1.201247
29.393070 8.990539 6.021109
29.409670 -0.547262 11.405873
29.426270 -7.675025 -0.252371
29.441650 -4.406181 -17.189660
29.458740 -5.421576 -12.640591
29.474610 -0.078180 1.417680
29.491460 1.866649 13.970542
29.507570 1.686887 9.055596
29.524170 2.691473 -0.620542
29.539790 -1.693390 -5.659272
29.556880 1.250961 -2.246124
29.589840 3.277749 7.556797
29.605710 -3.538715 8.651705
29.622800 2.267266 8.680270
29.638430 5.855610 6.552120
29.655030 4.583825 5.905899
29.671880 1.102501 -1.343960
29.688480 -10.190480 -13.609070
29.704350 6.781329 -8.202590
29.721440 27.712589 -5.476723
29.737790 29.095314 -8.027508
29.753660 24.389032 -8.073984
29.770260 2.057790 -5.971018
29.786620 -12.402423 10.103243
29.803710 -7.725834 13.892596
29.833980 5.123600 12.576135
29.851070 16.633780 9.361526
29.866940 1.537634 -6.428901
29.883790 -13.303207 -13.041143
29.899900 -11.981251 -5.300790
29.916500 4.511656 4.931415
29.932620 1.628668 9.205655
29.950930 -4.785740 1.528826
29.983400 -6.903021 -3.327552
30.002200 -17.243954 2.465557
30.017090 27.761577 11.831615
30.032960 43.917672 7.248667
30.196040 38.466510 1.440126
30.228760 8.770254 -9.044703
30.244870 -11.244379 -6.148675
30.278080 0.606124 5.106616
30.294190 -2.487328 2.406109
30.326900 -3.366439 2.790252
30.342770 -2.381399 -6.414205
30.359860 -6.050870 -5.817366
30.376220 24.956266 -8.153586
30.392330 57.503920 -5.525987
30.441890 55.245090 -12.796767
30.458740 25.708338 1.336919
30.474370 -10.989883 24.108930
30.490970 20.338220 21.422669
30.507570 21.293544 14.445092
30.524170 6.229383 -18.109184
30.540280 -6.947064 -15.619259
30.572750 1.771041 -8.422611
30.589360 -24.136752 -4.714606
30.606200 -65.201990 10.074299
30.623540 -66.918035 7.978174
30.641110 -29.196841 5.611804
30.656740 9.504714 -9.319091
30.673340 -9.957872 -19.983794
30.690430 -2.261331 -13.323772
30.706540 5.436206 -0.409331
30.722900 6.899543 6.708111
30.739010 -0.134774 3.683176
30.756100 -4.061970 6.354285
30.771970 3.669973 11.703625
30.788330 -7.093934 4.694877
30.805180 -12.171555 -7.443266
30.821780 -10.711193 -16.941013
30.837400 -0.479705 -3.835128
30.854250 5.381541 4.692372
30.870120 -2.076050 0.651707
30.887210 -6.257737 0.194978
30.903080 1.120118 -3.868230
30.919430 8.463435 5.966363
30.936520 5.622545 6.575701
30.968990 -1.567840 4.577540
30.985600 -6.717742 -5.464366
31.001950 0.829966 -18.112161
31.018550 2.242126 -17.501461
31.035640 1.477940 -7.516441
31.051760 -5.180874 14.951821
31.067140 -10.641218 29.671823
31.084720 -3.844782 12.535496
31.101070 13.680070 -8.117483
31.117190 21.461874 -14.128844
31.134030 21.243192 1.580500
31.147710 3.312492 13.473758
31.164790 -3.374302 10.554481
31.180660 -7.326545 9.374899
31.213870 2.153436 -6.061087
31.230220 17.468842 -6.009815
31.263180 12.745756 -0.450869
31.279540 3.691635 7.949064
31.312260 -8.281861 6.580875
31.328370 -7.488347 -13.279873
31.345210 -13.247333 -13.086555
31.361330 2.180315 -4.885294
31.377930 16.882182 4.434662
31.410400 23.232444 10.022177
31.427250 11.586844 2.915410
31.443850 -7.001200 1.615257
31.460210 0.082603 -2.641491
31.476810 -7.916444 -3.954685
31.509520 -11.085716 4.004871
31.525630 -1.466939 7.738093
31.558590 13.952935 3.681286
31.575200 9.720765 -5.171687
31.607910 -8.187199 -3.429341
31.624510 -12.786848 11.318357
31.657470 -7.013146 5.572463
31.674070 6.184396 -7.504107
31.706540 7.937955 -16.719347
31.722900 5.731611 -13.563635
31.741700 8.369642 -1.712486
31.757570 13.437296 -3.471305
31.773930 7.377580 -1.381363
31.805910 -10.458133 2.137341
31.823490 -11.572290 2.554374
31.838870 2.572956 -1.073491
31.855470 7.399847 -3.295749
31.872800 -0.766606 0.214117
31.905030 2.233507 10.286049
31.921630 8.731051 12.321551
31.955080 -1.162762 -0.090826
31.970950 -7.727838 -11.961778
32.003910 -0.109936 -10.937223
32.020750 -1.110969 4.174117
32.053220 -3.320809 8.990171
32.070070 -10.112150 2.111303
32.103030 1.059404 -4.285783
32.119140 4.390190 -1.824530
32.152340 -6.639298 1.873747
32.169190 -4.813111 2.639766
32.184570 -8.642513 4.573335
32.200440 -8.385444 6.166278
32.218510 10.570335 1.709438
32.233890 31.103801 -0.107980
32.250240 34.734844 -2.108916
32.266600 15.310563 -4.688875
32.283450 -9.789152 -3.135859
32.300050 0.105702 -5.006056
32.316160 1.868955 -3.705079
32.349370 1.540507 -5.339611
32.366210 5.465089 3.191006
32.381100 -0.125436 6.359932
32.397220 -2.063385 2.044837
32.415280 -5.717775 -3.159321
32.431400 -1.863398 -4.204905
32.447510 6.503731 -0.309621
32.463380 4.286567 6.718011
32.479980 2.968582 5.616033
32.496340 1.888122 -1.779637
32.512940 -1.098380 -8.057894
32.546880 -5.273079 -8.605158
32.562010 -5.457150 4.336040
32.579100 -4.261919 9.878734
32.594480 -3.046120 14.325964
32.612300 -4.765250 9.507403
32.628910 1.722991 -6.668747
32.645260 4.658490 -17.054138
32.938720 5.691122 -14.745226
32.957520 -10.714897 2.634001
32.973140 -20.242241 8.608631
32.989010 -14.828233 2.209004
33.005860 -3.678328 -2.645271
33.022460 5.789868 3.455521
33.039060 -1.439455 13.797426
33.055910 -3.346629 5.932764
33.071290 0.514674 -4.863343
33.087650 1.698002 -11.375441
33.104980 14.955327 -5.539408
33.120850 21.146080 -4.875724
33.137210 15.616731 -9.323675
33.154300 2.871500 -7.379376
33.170170 -2.909871 -3.976683
33.187500 8.593557 -1.327208
33.202640 9.545391 -3.680176
33.219970 3.294043 -6.194348
33.236570 -6.254901 -1.588037
33.252690 -6.238797 8.051302
33.269290 3.681239 18.986906
33.286130 13.811588 24.555544
33.302250 9.005737 13.554326
33.316650 -3.502536 10.252474
33.333250 -17.792205 1.423492
33.350100 -3.120897 -0.698349
33.382810 10.918510 3.839688
33.399900 19.681751 4.970141
33.431640 3.115794 1.310669
33.448240 -5.669309 -14.988986
33.464600 -3.255444 -15.057528
33.483640 -4.072555 -5.545835
33.499270 3.739496 -2.140956
33.515630 -0.262365 -7.768714
33.531740 24.832016 -13.430780
33.548830 -29.809177 -2.358144
33.564940 -94.329999 15.121061
33.581050 -102.025913 21.232173
33.598140 -62.461379 16.558992
33.612060 0.485603 -1.019855
33.628910 -3.938046 -8.928455
33.645260 2.485324 -10.832742
33.661620 13.653192 -8.709049
33.677980 -2.004561 -0.078847
33.694820 -11.063185 0.014366
33.727290 -21.380714 3.363207
33.744140 -20.287149 15.228540
33.776610 -6.468119 12.945855
33.793210 5.752177 -2.549484
33.825930 13.660639 -9.782286
33.842530 -1.768168 -8.119987
33.875240 -16.697894 -0.122440
33.894290 -6.915648 -0.830193
33.909420 -1.440703 -4.485368
33.926030 -3.119574 -1.752323
33.942870 -14.202286 -2.573442
33.958980 -3.120633 2.337281
33.975340 18.298342 11.494452
33.992190 5.915152 2.939274
34.005860 2.335920 -2.161725
34.022710 0.345838 0.641500
34.039310 4.110284 -3.810767
34.056400 10.730700 -2.875124
34.072270 1.545800 -6.545883
34.089110 18.590592 2.889750
34.105220 22.187357 3.000329
34.121830 -8.160282 -1.980475
34.138430 -8.979198 -6.371628
34.154540 -2.603313 -8.829007
34.172610 15.934956 -1.173484
34.189210 11.841642 -1.012318
34.222410 -8.725834 0.850561
34.239010 -8.366920 -5.675622
34.254880 -3.042944 -2.345338
34.271730 3.559243 0.726608
34.287600 0.179497 -2.314574
34.304200 9.769910 -2.605009
34.320560 5.940179 -1.834454
34.337650 30.720530 6.552357
34.353760 43.403902 7.531326
34.367920 24.578602 8.603481
34.384770 4.989280 6.853847
34.417480 -17.727412 9.503504
34.433590 6.970427 1.770611
34.450200 17.568414 -10.813958
34.466060 12.975412 -12.127358
34.482910 0.995325 1.039537
34.499760 -13.727627 10.944429
34.516110 -12.264250 5.493712
34.534910 -5.821850 -10.742438
34.550290 2.160052 -16.233982
34.566160 4.116409 -7.762264
34.583740 -6.074498 -6.756855
34.600590 -17.862102 -2.462627
34.616210 -17.797838 -2.290521
34.632570 -13.309331 5.451252
34.648930 -1.615777 4.063751
34.666500 12.262058 2.957680
34.861330 2.424458 5.557318
34.877690 -0.312532 4.144512
34.910400 -9.204284 3.497413
34.927000 1.640917 8.042654
34.959720 12.754488 4.164548
34.975830 1.719589 -11.374779
35.008790 3.444959 -15.756791
35.025630 -9.396670 -2.754622
35.059810 -3.007937 8.779861
35.076170 -6.617068 0.685897
35.109620 13.230397 5.369523
35.125000 21.261110 13.344092
35.156490 12.125586 10.292003
35.175290 -4.578003 -7.453000
35.207520 -9.083689 -0.422728
35.225100 13.336928 7.349889
35.255620 7.614160 -6.432020
35.271970 -2.880762 -15.835019
35.288820 -15.955067 -18.786531
35.306880 -5.370880 5.297695
35.323490 0.434831 8.094233
35.355710 -1.097549 9.778222
35.370610 -9.483355 1.859594
35.388670 1.089837 -0.094630
35.404300 13.954031 10.163564
35.421390 26.045060 13.299791
35.438230 28.404011 6.723162
35.453610 14.912647 -12.394134
35.469240 0.617390 -12.449989
35.485600 -9.808357 -9.623509
35.501460 2.618321 -3.756470
35.518310 4.425575 2.375487
35.550780 -1.216823 7.068482
35.570070 -11.071729 9.127069
35.586910 -3.816088 2.115698
35.602780 2.619380 -6.923478
35.620360 -1.681859 -6.598076
35.636470 2.793357 -0.157197
35.653080 1.776976 7.587915
35.672360 18.438135 3.365262
35.684080 33.237423 -6.578229
35.700200 32.594610 -8.448200
35.715820 12.449677 -3.982235
35.733150 -4.515059 7.239972
35.749760 6.497568 9.428179
35.769780 7.452660 -1.576176
35.784670 0.778401 -7.480928
35.799560 -8.663986 -10.644053
35.817140 0.632021 -3.339106
35.833010 3.604382 2.109672
35.849370 1.954054 6.467391
35.866210 -9.098848 0.223757
35.886230 -17.857074 -8.030131
35.898440 -15.841734 -5.180713
35.915530 -7.819703 2.056817
35.931880 8.277664 8.016970
35.948000 9.824197 1.319624
35.964600 9.591361 2.645956
35.980710 0.345574 5.094944
35.997070 -6.162772 7.824972
36.013430 -5.910427 6.439014
36.029050 -3.535804 3.354653
36.046140 1.293302 1.193143
36.063230 -0.388066 -1.825688
36.079100 0.643664 -4.047944
36.096190 2.283900 -7.724436
36.112550 2.787611 -8.317633
36.128420 -1.069724 -4.296534
36.145020 -0.588432 -1.262066
36.161620 -9.768020 -0.006876
36.177730 -21.575543 -6.160537
36.194580 -25.107693 -7.299042
36.214600 -12.142144 -4.301094
36.227050 7.806169 9.453603
36.243650 8.832366 19.959742
36.260250 5.169986 17.209814
36.276610 2.989450 8.128730
36.292970 6.057146 -3.734260
36.310300 2.015751 -1.432896
36.325440 -5.892318 -3.503604
36.340820 -8.743489 -5.246210
36.357180 -3.956306 -4.204432
36.374270 3.196885 0.721315
36.390140 3.031036 8.408009
36.406980 -7.560705 1.796578
36.439210 -5.551888 -0.592614
36.456050 3.849697 2.506386
36.488770 10.177513 -0.825468
36.505130 27.888734 -4.541720
36.537600 36.420229 -10.757819
36.553960 20.279513 -4.806022
36.570310 -5.839732 -4.790310
36.587160 -18.171024 -7.597697
36.604000 -4.988637 -3.418425
36.636230 4.963157 5.603557
36.653810 -4.548970 8.563597
36.685300 -6.323706 -1.148202
36.702640 -0.697461 -0.661749
36.719480 7.482790 -1.455650
36.735600 12.278918 2.202672
36.751950 11.313031 -2.244234
36.768070 -0.999408 -1.543262
36.784420 8.198011 4.970661
36.801270 -34.768256 10.501933
36.818360 -97.780913 4.954098
36.833980 -108.415608 -6.173792
36.850830 -76.475770 -10.544321
36.864500 -0.593308 -4.066043
36.881840 20.527039 10.046820
36.897950 4.105748 7.080887
36.914550 -2.033897 4.386060
36.930910 -7.628148 0.774620
36.947020 7.088566 5.988810
36.963620 3.013948 9.350445
36.979980 4.246079 9.816003
36.996580 -4.847097 4.743314
37.012700 -7.638771 -9.389926
37.031250 -2.965066 -20.121275
37.046880 -9.338980 -12.459535
37.063720 -2.663498 -3.657469
37.079590 -16.696571 -5.439533
37.097660 -10.176720 -3.163858
37.113770 2.920721 4.840353
37.129880 7.214568 15.639578
37.146000 5.927212 1.915332
37.162350 -4.081893 -16.524686
37.178710 -12.702357 -20.493788
37.196290 -9.089208 -7.487733
37.211670 -2.751243 8.739340
37.228270 0.403680 11.028708
37.244380 1.210698 14.979606
37.261230 5.996394 9.163456
37.276370 7.879396 2.487602
37.293700 -0.092206 -2.709185
37.310060 -2.761904 -3.855920
37.326660 -0.288904 4.759428
37.343020 4.705783 6.230995
37.359860 11.039180 9.338395
37.604250 19.194067 3.372941
37.621580 26.314686 -9.234669
37.639160 18.114622 -13.375941
37.655520 0.224825 -0.437378
37.671880 -0.880360 5.458955
37.688480 0.009111 6.368958
37.720700 -4.729298 -1.126158
37.736820 -5.016046 -3.564281
37.770750 -1.840640 -0.178722
37.787350 4.483870 1.169113
37.803220 -0.586995 9.953822
37.819340 2.137029 7.536146
37.836430 -11.165029 6.389986
37.852780 -21.222779 0.575413
37.868650 -21.766062 -6.406171
37.885500 -9.732711 -6.419119
37.901370 5.761968 -7.816820
37.918210 -5.241248 -6.238957
37.935550 -7.214152 0.128206
37.968750 -5.765257 7.947765
37.985350 3.356874 16.928987
38.001460 8.153099 14.512784
38.017580 2.959509 12.790553
38.034910 4.796023 7.776393
38.050780 3.696172 0.216456
38.069340 3.528243 -5.520860
38.083500 -4.910042 -8.641379
38.099370 -12.264968 -8.283916
38.115480 -13.490070 -13.468607
38.132080 -8.194646 -10.519843
38.148930 3.680445 -8.321886
38.165280 8.738876 -4.814883
38.180910 6.192902 -2.330618
38.198000 -4.449014 -0.519178
38.214110 -7.236192 7.406997
38.230220 -6.561420 7.781662
38.247310 5.641750 9.006875
38.262940 11.219126 2.610656
38.277830 12.265309 5.592783
38.294920 14.236838 9.347231
38.362550 12.491980 11.933378
38.379390 7.343859 1.448183
38.394780 1.413635 -8.085396
38.409420 4.544433 -2.154896
38.426270 7.978330 5.077507
38.442870 1.250167 4.346247
38.458740 -7.573483 -4.931037
38.475830 -8.335883 -7.599563
38.492190 0.299641 4.455762
38.508060 9.618731 9.616208
38.525150 2.611857 4.047779
38.557130 -11.742936 -2.935541
38.573970 -0.581929 -7.011208
38.592530 17.657779 -7.665248
38.608150 20.973099 -17.295177
38.624270 4.138865 -14.909670
38.640870 -9.601228 -10.609084
38.657960 -1.017818 -2.269043
38.674560 -8.631890 0.570545
38.707030 -15.344586 5.812924
38.723390 -2.598398 7.758341
38.740480 13.135095 4.065075
38.756350 20.506400 2.716699
38.772710 0.941869 6.203256
38.790040 -12.846200 9.480042
38.805660 -6.778116 9.474182
38.822020 -1.485199 0.054652
38.838620 6.546374 -0.716519
38.854740 -8.994395 7.952207
38.870850 31.243161 -2.504709
38.887450 56.397150 -16.872614
38.904540 46.069296 -29.287033
38.920900 23.136845 -7.864335
38.937500 -6.391981 12.587429
38.953860 8.148185 10.895024
38.969970 1.739625 7.428191
38.986820 -0.431920 -4.683677
39.002690 5.342753 -11.982901
39.019530 5.795576 -10.515614
39.035640 -3.407382 -1.584281
39.051510 3.644606 4.878560
39.069340 7.337583 -4.926359
39.101810 7.128790 -12.142102
39.118410 6.123379 -4.911662
39.150630 1.459189 3.064053
39.166750 9.570569 6.903938
39.199220 4.150584 4.825303
39.216060 8.584786 0.219977
39.249270 -41.979081 1.823183
39.265630 -86.077165 2.947473
39.299320 -90.833438 7.066096
39.314940 -44.293993 8.262131
39.348390 12.243307 6.870977
39.364260 7.349719 -2.077397
39.380370 0.996194 -6.683160
39.397710 -6.803218 -1.706886
39.413090 -4.041366 5.545386
39.429930 -0.165207 5.755390
39.446780 0.860059 -7.041783
39.462650 1.138189 -5.465027
39.479000 1.058988 0.940749
39.495120 0.781123 5.806521
39.511960 3.652243 3.869152
39.544430 6.046220 1.038309
39.561770 0.955516 0.323018
39.577390 2.337961 3.980463
39.593750 3.727852 7.000056
39.610350 16.136295 1.135302
39.627200 19.034958 -7.191087
39.643070 8.757930 -12.571552
39.659420 7.874065 -5.788091
39.675780 -4.840141 1.948624
39.692140 -7.557340 2.230695
39.709230 -8.337395 -6.553538
39.725590 -2.621950 -11.049642
39.742430 3.259263 -8.141181
39.758790 6.149578 -7.330987
39.775390 4.731490 -2.575356
39.791260 1.741175 -3.045104
39.808110 0.735152 12.622374
39.824220 -3.861718 16.364827
39.840820 -2.954065 9.969794
39.856930 -9.488231 -2.059557
39.873050 19.622591 0.902589
39.890630 49.281011 18.214629
39.906490 47.142735 20.216110
39.937500 20.326728 17.508714
39.954350 -6.534806 -19.764165
39.970700 3.562003 -26.379872
39.987060 -9.304314 -24.030943
40.003170 -8.752977 -7.091070
40.035890 5.441121 10.902372
40.052730 9.229840 0.642020
40.069340 -35.202683 10.111040
40.217290 -81.595550 4.849049
40.235600 -61.151413 6.440125
40.252930 -18.367407 5.619932
40.284670 5.808127 0.436669
40.300780 -5.912203 -0.357870
40.317870 -5.939045 -5.344856
40.334230 -4.218179 -5.726092
40.349850 4.508556 -3.918203
40.365970 10.619707 -0.381687
40.383300 11.098570 3.914848
40.399170 1.109457 6.228845
40.416260 -9.609696 3.279824
40.432130 -9.364839 -7.665485
40.448970 6.475566 21.049166
40.464600 22.641425 48.492629
40.480960 23.381077 49.879096
40.497560 7.090229 23.326951
40.514400 -11.345429 -6.976995
40.530030 -8.738347 -0.847985
40.547120 -5.182575 0.758884
40.563720 5.904000 0.221843
40.580810 10.349938 -1.573175
40.596440 6.186324 0.481090
40.612790 -3.297483 -8.925667
40.628660 -11.462734 -13.786109
40.645750 6.137859 -6.621137
40.662600 19.503175 5.830928
40.678220 17.226943 9.526541
40.694580 5.730817 2.036638
40.710940 -2.958337 -5.279218
40.727290 -3.353812 -3.918723
40.743650 -4.131001 -4.348846
40.776610 -1.358818 -3.108545
40.793210 5.668440 4.645801
40.809330 3.294988 0.011743
40.826900 -0.796131 -5.699061
40.842770 -17.150544 5.462145
40.858640 -29.446388 8.084262
40.876220 -24.465163 4.737359
40.892820 -10.351601 -0.930305
40.908200 4.219767 -1.865619
40.925290 -4.909739 6.603700
40.942140 -2.523998 -1.483838
40.958010 -1.181135 -8.053901
40.974610 -3.142862 -12.535284
40.991460 -2.471488 1.727915
41.007080 -2.171809 8.558541
41.022950 13.212668 -21.229527
41.040530 8.273960 -47.811074
41.073000 10.467092 -45.170787
41.089360 14.889701 -9.127022
41.121830 14.444719 10.648944
41.138180 5.441612 -0.293507
41.169430 -16.808165 -2.029999
41.334470 -10.522702 -4.621347
41.352780 0.196925 0.221631
41.368410 8.049780 7.765997
41.384770 2.668223 3.596722
41.400880 -0.989994 -3.988993
41.417240 -6.235508 -13.733751
41.433840 1.206011 -6.318678
41.450930 42.928865 11.838419
41.465820 68.289231 17.225053
41.483400 55.960729 12.839036
41.514890 14.368470 0.718362
41.531010 -2.309834 -1.084525
41.547120 2.445100 -8.967275
41.563720 1.632260 -12.794191
41.580320 1.495368 -9.672867
41.613040 4.502167 -2.217936
41.629390 0.403755 4.585597
41.646000 -17.565579 3.398672
41.662110 -30.771293 6.721059
41.678710 -12.388435 9.036221
41.711430 5.614719 7.348589
41.728520 16.095732 5.640653
41.760740 11.451204 6.640347
41.777590 -8.620587 1.745329
41.810300 -16.128432 -3.084751
41.826420 -18.168604 -5.843900
41.859380 9.767150 -0.161994
41.878170 -13.445348 -4.027341
41.891600 -49.299942 -10.671886
41.924800 -56.810255 -10.971860
41.957760 -23.092165 -3.285731
41.974370 8.190525 14.917066
41.990970 -8.643383 5.108884
42.007080 -3.999857 -2.848708
42.024170 1.009048 -2.440393
42.056400 28.353322 1.839865
42.072510 10.428305 3.815020
42.089600 -14.666964 -9.436260
42.107180 -11.529950 -4.093428
42.124020 -3.980992 10.927204
42.157230 22.258386 12.479571
42.173340 6.167044 3.678711
42.204830 -0.439745 -3.811807
42.222410 0.848377 -1.577428
42.238770 -7.785112 -0.399171
42.255620 -11.894681 -3.478936
42.271730 3.203992 0.819230
42.288570 6.943019 6.410306
42.304690 1.436015 12.936309
42.321290 -4.712059 8.709356
42.338380 -6.421997 -0.903535
42.354250 4.211790 -6.770063
42.370120 -6.338714 -9.980568
42.386960 -2.644860 -6.354875
42.402340 9.044372 0.218464
42.420170 4.707371 1.060354
42.435550 -2.181525 11.551418
42.452390 -9.508835 8.271464
42.469240 -8.411076 0.909276
42.501710 -8.166520 -7.363357
42.518310 -5.413032 -5.177004
42.534180 11.611266 5.549639
42.550290 23.387163 2.055021
42.567870 9.116805 5.233852
42.583740 -5.305969 1.982932
42.599610 -5.446527 -1.627638
42.617190 -4.025451 -5.895031
42.633300 -8.536510 -3.924063
42.649170 -12.688407 3.186611
42.666260 -7.562104 4.540775
42.698730 -7.014658 2.342597
42.715820 2.717937 3.495051
42.731690 4.770353 -7.594743
42.747560 8.923739 -15.936757
42.764890 -0.695495 -4.599467
42.797120 -3.149742 9.863045
42.812990 2.340759 10.498082
42.847170 -7.112874 -6.745207
42.863040 -1.198601 -8.167904
42.878660 7.647806 6.860510
42.895750 18.609909 16.636181
42.912600 6.183451 14.534237
42.928710 -8.743035 2.747013
42.945310 -11.607183 0.908993
42.962160 6.997457 -1.322270
42.978520 5.163786 -3.007913
42.992430 14.811070 -0.842173
43.009030 23.556813 2.647445
43.141850 27.594013 3.233560
43.158690 14.265947 -5.217407
43.190670 -11.853323 -12.250055
43.207030 -4.211336 -11.857203
43.239500 3.337329 1.511459
43.256350 11.128964 8.102385
43.289310 4.485647 13.468441
43.305910 6.819965 11.923525
43.339360 10.883541 7.767840
43.354980 -2.172603 -2.499250
43.371580 -20.330395 -18.641961
43.387700 -26.654128 -23.550897
43.407230 -10.867512 -12.318007
43.423830 5.806502 0.446947
43.438230 3.785844 2.441811
43.455080 -2.346429 -4.294454
43.472170 -1.787108 -2.679792
43.488040 8.566300 3.526901
43.504390 18.387896 3.286180
43.537110 12.133941 11.146042
43.553960 7.302614 13.408050
43.584720 10.262610 11.890683
43.601560 1.659592 -0.133167
43.634280 -10.639554 -6.196498
43.650630 -19.716340 -2.370738
43.683110 20.080940 -3.466485
43.700200 46.851043 -2.532188
43.732910 32.509868 -4.050969
43.749020 9.793386 2.061070
43.781980 -17.646023 -0.931274
43.797850 -9.309418 -6.473747
43.831050 -5.468907 -11.029771
43.847660 -2.569099 -4.969125
43.864260 9.095635 8.859817
43.880370 4.894012 13.193728
43.896240 2.748710 1.498700
43.929440 -2.589363 -7.675054
43.947510 -0.721051 -10.281725
43.963130 -9.584972 -7.224567
43.978760 -15.703375 3.287432
43.995360 -10.170633 8.165494
44.027830 5.494198 9.386382
44.044680 5.021338 9.930785
44.061280 -7.395651 8.843349
44.077390 -2.886432 6.748727
44.093990 -0.669674 -1.788521
44.110350 3.040109 -11.306945
44.126710 -1.366265 -11.424326
44.143550 2.523620 -5.219935
44.160160 -0.827623 0.309409
44.176030 -9.801023 -5.190070
44.193120 -3.020564 -2.142704
44.208980 3.452709 5.340768
44.225340 6.890206 12.199989
44.242190 0.488740 3.503320
44.274660 -5.808052 -10.410164
44.291750 -8.199031 -4.150111
44.323490 -12.704398 1.681061
44.341060 2.068375 1.283213
44.356930 10.777539 -1.508695
44.374270 9.379393 -1.542979
44.391360 -2.705423 3.139379
44.423830 -11.342632 -10.002117
44.438960 -4.755269 1.073845
44.471680 6.903702 12.430993
44.488040 16.610154 16.168985
44.520750 16.825289 -4.801486
44.537350 24.238360 -20.898125
44.570560 -29.148005 -1.746061
44.586430 -71.937341 16.430085
44.915280 -74.835885 5.883335
44.932620 -33.141570 -12.518130
44.964840 15.009121 -16.543706
44.981200 10.545838 -12.225506
44.997560 1.801587 1.457351
45.013920 -3.157908 1.875685
45.030030 -2.861557 15.264595
45.079590 -6.907331 4.117387
45.096440 -2.019380 -6.193899
45.162350 -6.339092 -10.346016
45.178710 -2.085728 7.817765
45.194340 -2.395500 12.821197
45.210940 -7.581006 -3.348085
45.227540 -9.095748 -8.913074
45.244140 -2.703495 -10.112670
45.260250 3.974074 4.557457
45.276610 1.353071 5.430223
45.292970 10.320677 2.982820
45.309330 13.991910 8.895566
45.325930 13.811815 1.718322
45.358890 4.157805 -9.112207
45.375000 -8.162210 -14.792929
45.392580 2.055257 -10.963378
45.408200 10.818253 0.620802
45.424560 -0.332380 10.116521
45.440920 -6.108295 19.879437
45.457030 -6.005392 24.336844
45.473880 9.686060 5.063306
45.489990 -0.043438 -11.933212
45.506350 -24.321974 -12.065455
45.522950 -20.591038 -3.006377
45.540280 0.002533 2.094999
45.555910 17.028328 -0.195663
45.572270 23.138169 1.447191
45.604980 26.458590 1.581729
45.621580 17.768314 3.652578
45.637940 2.632800 -4.322643
45.654540 -7.093367 13.016075
45.670900 0.203050 5.323969
45.703370 0.424812 -8.645065
45.722170 -0.877033 -18.526309
45.737060 10.762077 -18.904308
45.769530 -5.539488 1.661639
45.801760 -27.415902 -0.499827
45.818850 -36.674780 3.080120
45.834960 -4.613842 -6.231042
45.851070 22.827066 -3.433382
45.868900 10.303023 5.439344
45.900390 -1.479982 10.506848
45.916750 -6.672452 15.843171
45.935790 4.519558 7.512093
45.951170 0.379636 10.002306
45.966310 5.955111 4.040549
45.998780 0.054212 0.104601
46.015630 -2.195815 -6.171807
46.048830 -4.766460 -12.857536
46.065430 -0.579888 -6.227025
46.082030 10.454466 -2.916686
46.097900 4.719242 9.072749
46.114750 6.615329 8.749925
46.147220 7.376144 4.476484
46.163820 -0.289018 8.218633
46.179930 -9.606294 -7.109996
46.197020 -1.469019 -7.484543
46.213380 8.572916 -10.776485
46.345210 14.078405 -6.456215
46.361820 -11.885268 1.643941
46.393800 32.514706 -5.671795
46.492680 77.040469 0.058196
46.656740 84.404388 2.937620
46.690670 38.327768 7.434547
46.707760 -17.003983 -1.728270
46.740720 -0.757646 -6.241131
46.757080 16.655933 5.990747
46.789310 31.988379 14.750164
46.805660 10.713688 14.554863
46.836910 1.797882 0.376181
46.853030 3.257750 -2.023501
46.886230 17.668175 5.345329
46.902340 11.080197 -0.511097
46.918700 -27.802325 -15.236101
46.935300 -84.290712 -16.954811
46.951660 -104.879531 -3.482410
46.984620 -66.272345 8.740143
47.001460 -24.048260 11.604083
47.017330 -1.028215 5.038426
47.034180 -3.061620 3.366231
47.050540 3.743276 0.061929
47.066890 11.266381 1.600135
47.083010 5.787335 8.217263
47.099610 1.186201 4.615723
47.115970 -3.776204 -3.086145
47.132570 -5.160837 -12.639291
47.151610 -1.230584 -7.315841
47.166990 -3.667856 -6.781145
47.183590 -12.051529 -12.425748
47.199710 -7.002447 -9.317602
47.216550 -1.213798 -0.831658
47.232670 -0.158364 11.099732
47.249020 1.446941 5.057990
47.265870 16.378989 3.079813
47.281980 25.972976 8.054302
47.298580 19.622327 3.917731
47.314940 3.870035 -1.359649
47.331300 -4.582918 -3.712451
47.347660 1.575363 0.338117
47.364990 4.006964 9.076931
47.380860 3.285272 9.332842
47.397710 4.269253 3.474542
47.414310 -5.337536 -1.430793
47.430660 -13.890749 -6.261167
47.447270 -8.406917 3.314510
47.464110 2.322008 -2.925263
47.479980 11.369699 -12.889858
47.495610 -0.218701 -8.932448
47.511720 -1.323735 1.964030
47.528080 8.777021 14.067673
47.545170 4.946334 6.057377
47.561040 -3.573458 -2.508229
47.577390 -11.498346 -7.821380
47.594730 -3.657460 -9.169882
47.611080 -2.795663 -4.477594
47.627690 -8.205874 -0.911757
47.643800 -10.439042 -1.567056
47.659910 -2.724590 -2.506386
47.676510 7.381361 2.412630
47.693120 5.381881 4.077243
47.709720 6.790515 4.687717
47.726320 8.187085 4.285381
47.742680 2.837816 6.431689
47.758790 -5.232591 7.897721
47.774900 -8.719974 3.004936
47.791750 -7.081232 -3.173427
47.808110 1.272547 -8.594762
47.825200 3.422239 -4.649369
47.840330 4.271521 0.083454
47.873290 -5.843210 -4.085324
47.890140 -13.687139 -3.740899
47.923580 14.552572 -3.640244
47.939700 38.786172 5.008726
47.971920 44.545489 1.565874
47.988530 18.045104 2.079169
48.021000 -10.277770 4.709833
48.035400 -8.793768 5.502312
48.069340 3.465261 4.368197
48.085690 7.745077 -7.489103
48.119140 -3.684792 -10.629853
48.134770 -7.265301 -6.674111
48.151120 -10.860518 9.756863
48.167480 -6.961051 5.499878
48.183840 -5.717510 0.306550
48.216800 -1.673316 -4.899541
48.234620 1.119362 -7.184400
48.266360 -9.848996 -1.338148
48.285160 -8.514962 0.582123
48.316890 -4.591500 6.726517
48.333980 -0.061395 2.680312
48.349850 6.228854 -5.856352
48.366460 7.269120 -7.160158
48.383300 4.901082 3.634763
48.399410 -0.957898 7.787545
48.416020 -4.879458 2.665568
48.432860 -6.307866 -8.012292
48.465820 -2.479086 -15.421336
48.482420 -9.713279 -2.859057
48.498780 -13.213310 9.664857
48.515380 -11.777981 21.895919
48.531980 2.935238 11.636429
48.548100 13.236635 -4.579691
48.563960 3.798736 -8.525462
48.581790 -1.935719 -0.986800
48.614010 -3.714091 7.038191
48.630620 -6.642851 -4.689159
48.646970 -2.075936 -17.247664
48.663330 1.031012 -16.540823
48.682620 4.065637 -4.448036
48.712160 1.426677 3.588145
48.728520 -2.090075 9.935605
48.744870 8.576280 2.700183
48.761230 10.569012 -1.418507
48.777100 0.942436 -14.806373
48.793700 -17.941449 -11.943915
48.810300 11.966962 15.206496
48.826660 37.252325 15.879391
48.859620 35.698034 4.561710
48.877440 16.267735 -4.177000
48.893800 2.298984 4.674887
48.909420 19.542149 16.625313
48.925780 1.333564 -0.930778
48.941890 -1.877083 -2.296192
48.958250 10.465164 8.574631
48.975340 10.368159 12.411264
48.989260 6.230442 11.985216
49.008060 -5.006973 0.711770
49.022950 3.790646 -1.237091
49.055180 3.931884 -4.830572
49.071780 -5.776561 -4.409239
49.105710 -11.848787 -1.228160
49.121090 -17.465893 -2.513073
49.153320 -13.328876 -7.571233
49.169920 -3.308560 2.291631
49.186040 -3.347726 7.571801
49.203860 1.702955 11.455679
49.220700 4.738824 -2.300374
49.252440 3.458040 -17.160032
49.268800 7.404422 -7.767320
49.285400 8.488461 1.332052
49.301760 16.149753 10.045355
49.318850 6.923133 1.344386
49.334960 -8.061613 -7.074720
49.351320 -10.196529 -3.515087
49.367920 -6.479611 -5.898126
49.400630 -0.066272 -7.034742
49.417480 1.078306 3.338067
49.434810 -7.530083 8.707820
49.449710 -13.049999 6.290820
49.466060 -6.546601 -1.038167
49.498780 3.795900 -5.303082
49.515630 8.826809 -1.695521
49.531980 4.506666 2.424633
49.550290 -2.154532 3.612104
49.564700 7.211581 6.236429
49.581540 17.912946 -1.743793
49.597410 22.119920 -7.996698
49.614260 4.897301 -0.595496
49.631840 8.372515 0.679541
49.647950 22.155907 -0.228814
49.667970 33.610099 3.698983
49.680180 19.501927 7.820270
49.695800 11.083902 8.840513
49.712650 22.189626 0.074594
49.745120 -3.756886 -9.176569
49.761470 -18.877738 -6.289615
49.793950 -36.788014 -13.709628
49.810550 -17.678873 -8.115096
49.843260 0.045366 -1.128142
49.860350 -1.760191 7.310856
49.877440 -3.391428 3.195685
49.892820 -6.048224 9.463030
49.909420 6.305106 -0.568702
49.943120 18.376744 0.520714
49.960210 15.182675 0.406520
49.995850 3.689178 -5.445865
50.009520 -2.224093 6.065931
50.024170 1.163291 0.403684
50.041260 9.064031 16.521071
50.057130 6.878827 1.818410
50.073730 0.768798 -6.295050
50.089840 1.761363 -8.707962
50.106690 -5.396473 3.857102
50.123050 -39.946437 17.593392
50.141600 -86.618856 7.559845
50.156490 -92.247611 -0.510861
50.337400 -45.603539 -9.696801
50.355710 -23.990766 -4.565136
50.370850 -17.921528 1.166278
50.387210 -21.260732 -0.584557
50.404050 0.107592 -1.184022
50.419920 12.359062 -6.792959
50.437010 -2.907679 -13.695050
50.453130 -2.884958 -12.971798
50.486570 -1.347401 -8.461880
50.502930 6.010457 7.916553
50.519040 1.470191 13.922721
50.537840 -0.071791 10.610266
50.552490 -0.165283 1.885396
50.568360 -2.638849 -3.678025
50.585450 -4.388035 0.897226
50.601560 -9.321553 -0.809164
50.618160 9.547433 -3.685374
50.635740 25.075790 -6.123701
50.650630 25.816257 1.214621
50.667480 11.618033 9.687209
50.684330 0.252838 3.611040
50.699710 5.649273 -0.137798
50.733150 3.701540 0.316615
50.750240 -5.394016 0.568962
50.766110 -11.367620 -1.177289
50.781980 -2.488538 -7.595830
50.798830 7.026755 -0.060181
50.832280 9.322762 1.895508
50.847900 10.165227 -1.464109
50.866700 12.376074 -7.273477
50.880860 13.651075 -12.777133
50.897710 0.463373 -5.166796
50.911620 1.021259 -1.882017
50.928220 4.852579 1.226813
50.944820 -5.057517 -2.893459
50.978760 25.364659 -10.073897
51.027590 59.088692 -3.495925
51.076660 74.822592 4.778472
51.093510 32.128872 4.484494
51.108400 -12.021059 2.368895
51.125490 -7.548343 1.982199
51.141600 5.582472 0.091322
51.158450 1.491626 5.396388
51.174800 -15.230005 2.008805
51.191890 -3.688951 3.640906
51.207280 9.517794 -6.456900
51.222660 17.438638 -10.607619
51.239500 -4.169638 4.098343
51.273440 -18.140328 13.126721
51.289790 -12.191176 11.726166
51.308110 -8.101988 -4.844465
51.322510 1.236973 -10.465996
51.339110 -5.716225 -9.121871
51.371830 -8.863101 -4.901077
51.388430 -7.146784 0.729609
51.421630 1.702992 1.775147
51.439700 0.567828 7.102553
51.455320 2.687617 11.136307
51.472170 11.320025 9.701881
51.488770 13.959362 5.538888
51.502690 5.418929 -0.641784
51.521000 -7.293503 -3.122391
51.536130 -4.317416 -7.370728
51.551760 -0.800063 -3.916620
51.568600 -5.983805 -0.374291
51.585690 6.624932 2.763269
51.618410 7.338982 4.648802
51.635500 -5.489095 -1.935794
51.651610 -11.765354 -3.694423
51.669680 -7.093745 3.860622
51.686040 23.542676 20.126118
51.718260 16.447186 10.651236
51.732670 2.682173 -6.606228
51.765630 -6.643758 -13.361316
51.781980 2.894258 -11.398926
51.798830 15.405411 -2.137931
51.814940 11.538569 -8.444041
51.832030 0.847886 3.011410
51.848390 -18.312442 8.123886
51.864750 -22.681948 4.557976
51.881100 -8.608036 0.145572
51.897460 8.651586 2.039568
51.913570 7.127618 6.940301
51.930660 3.325988 -0.717157
51.963870 12.968608 -10.698869
51.979740 27.176481 -9.801944
52.011960 11.787961 3.085200
52.029050 -8.000294 7.471784
52.061770 -11.747548 2.880440
52.078610 -1.327099 -5.378171
52.094970 2.571595 -6.778333
52.111080 1.349102 -2.535212
52.127440 7.040781 10.820928
52.160160 5.819393 2.014971
52.176510 0.759574 -16.090874
52.209720 -2.330551 -24.683073
52.226070 -5.682049 -5.044995
52.242430 -11.481977 18.921863
52.258540 10.471402 19.235928
52.275150 -58.583310 7.676684
52.291500 -110.792245 -2.305218
52.455810 -111.879587 1.612233
52.474610 -56.364166 -1.695072
52.506840 21.972155 -2.408236
52.522950 0.981980 0.878064
52.555910 2.453455 9.147909
52.572020 5.997679 2.029219
52.588380 -9.554389 -4.816537
52.605220 -8.046907 -8.133479
52.621340 -4.301916 -3.939776
52.654050 5.762006 -0.844465
52.670900 12.384277 2.100198
52.687010 -9.586900 6.165782
52.703610 -10.137819 2.395098
52.720460 2.652043 7.320260
52.752930 31.222524 3.665503
52.769780 47.176783 3.760156
52.802730 40.805511 -2.218456
52.819090 17.792621 -5.131307
52.851560 2.164589 2.203594
52.868160 -5.318936 1.347434
52.900630 -2.376446 5.321559
52.917240 0.425002 -1.877268
52.949460 8.223566 -8.398723
52.966800 13.916984 -0.576074
52.999510 14.293543 -0.998661
53.013920 9.107770 -0.057770
53.046880 0.644950 0.809566
53.063480 14.179869 -0.370582
53.096190 -34.140196 8.413609
53.112550 -66.733327 9.125604
53.260740 -75.225877 10.665436
53.279050 -36.262321 5.023210
53.295650 7.395273 -2.886111
53.310550 4.680227 -3.030880
53.327390 20.173706 0.391351
53.344730 20.073229 7.691404
53.361570 19.256062 9.850759
53.376460 0.326029 -4.029373
53.394040 -12.336153 -23.663449
53.410400 -8.248706 -14.234882
53.426510 -4.128771 -0.371385
53.442870 0.600756 8.896416
53.459470 3.491232 -0.200365
53.475590 -0.477361 -7.522867
53.492430 -2.717596 -5.529673
53.508790 -10.310319 -4.244529
53.524410 -3.977930 4.019355
53.542240 14.955667 9.591635
53.557370 2.146593 12.096146
53.574460 -11.774011 15.952728
53.589840 -15.160334 20.634600
53.606690 -8.571063 11.438171
53.623780 3.600110 -6.972695
53.639890 1.916060 -17.224131
53.656250 4.778255 -12.280180
53.673580 5.532419 -1.595976
53.689210 -4.228953 -2.139491
53.705570 -0.030395 -2.578262
53.737790 -6.189689 0.176974
53.755370 -0.501405 9.811915
53.788090 0.732279 8.781893
53.804200 -1.828693 -0.772163
53.837160 6.923247 -5.347266
53.853520 -2.899551 -12.671471
53.885740 13.522278 -1.457540
53.902590 16.065112 -0.175721
53.936040 12.276650 1.335832
53.952390 2.131661 1.213746
53.968990 -5.871110 3.603385
53.984860 7.363668 16.087023
54.002200 3.309354 8.640954
54.018070 -3.399972 -0.142217
54.034180 -8.801632 -3.402949
54.051270 -8.599908 -4.836408
54.068120 4.317643 -11.762363
54.083980 8.151663 -19.470915
54.100100 19.083458 -9.246554
54.116700 19.059000 2.611767
54.132570 15.638429 5.492790
54.149660 8.755435 9.860351
54.181880 -3.715981 15.466771
54.198000 -9.754637 4.992942
54.214840 -10.251987 -8.280112
54.231690 -1.326797 -12.025997
54.247070 5.693391 -4.752623
54.263920 4.178295 5.770701
54.280520 -6.151884 5.349345
54.296880 -7.434741 2.361310
54.313230 -0.623477 1.197987
54.329590 10.600351 3.136638
54.344970 6.794560 11.128274
54.362790 -2.233960 10.527168
54.379390 -7.192150 -1.306604
54.395750 -8.024338 0.789175
54.412110 -8.726930 -1.025550
54.428710 -10.623752 -4.091774
54.444340 -1.342032 -6.969671
54.461430 5.096532 -6.197254
54.478520 1.708625 1.030086
54.494140 -2.033482 -8.318578
54.510990 -0.065856 -6.386537
54.526610 9.541460 1.455744
54.542970 0.187739 2.647847
54.560300 -9.898595 -2.533582
54.575440 -10.866869 -11.040900
54.592770 -4.687297 -2.063125
54.609860 -4.506742 6.419994
54.625490 2.631969 4.312081
54.641850 11.892677 3.754037
54.674560 16.201732 4.911190
54.690920 3.913171 5.489718
54.707520 -4.357413 7.397215
54.724370 0.620679 4.474617
54.740480 12.520862 2.932611
54.757080 16.254126 -7.729965
54.773190 2.022216 -20.007160
54.788090 9.242391 -8.477970
54.804690 16.035247 7.181092
54.821290 27.463718 16.138223
54.837160 4.936845 8.943128
54.853760 -18.592596 -0.936826
54.870120 -15.258206 2.686691
54.886720 -0.529683 2.038930
54.903320 2.622820 3.414834
54.919680 -2.734949 -4.926643
54.936040 8.394744 -7.023093
54.968750 21.936395 -3.217706
54.985350 10.435148 -3.336696
55.001950 -20.621506 1.418341
55.018070 -48.856998 -7.667706
55.034910 -52.763903 -11.435643
55.133540 -39.150845 -9.285303
55.168460 -16.670978 -9.468772
55.183840 3.675757 0.422138
55.218990 6.631888 -3.996955
55.235350 3.818356 0.637436
55.267330 -3.290943 8.753847
55.283940 1.060235 6.696179
55.299800 4.766119 12.346194
55.315920 7.801179 -2.628188
55.333010 13.005013 36.663696
55.348880 12.357134 80.927162
55.365970 8.545659 87.980002
55.381350 1.676718 43.587549
55.397710 -5.368422 -22.630184
55.413820 -1.072522 -25.826694
55.431150 0.856090 -7.104467
55.447270 -3.322170 5.754988
55.464110 -4.375446 -2.473685
55.479980 -9.456362 17.274504
55.496830 -8.888430 28.473485
55.513670 -3.595951 26.959955
55.529790 -2.557607 4.250034
55.546630 8.614274 -11.652117
55.562010 1.406036 5.720303
55.578610 1.962106 7.912276
55.612550 7.150981 7.425261
55.628170 -7.568871 0.307069
55.645020 -12.247428 -0.949231
55.660640 -15.371313 2.452113
55.677730 2.991378 2.976512
55.693360 9.861623 -0.034875
55.709720 -7.000633 -8.422516
55.726070 -0.696780 5.664895
55.743410 0.584084 12.710197
55.758790 -3.808943 5.554010
55.775880 5.363092 13.962367
55.791750 1.212286 -18.537225
55.807860 -3.770534 -8.484562
55.825440 -6.517454 -96.601556
55.842530 3.305725 -154.377354
55.857910 21.956316 -125.453573
55.875240 10.117783 -62.095387
55.890870 -0.652019 27.657568
55.907230 -2.719184 9.731865
55.924070 8.472697 -0.478396
55.940670 8.780197 -3.801576
55.956050 2.724288 -3.001297
55.973390 -5.392806 -0.870526
55.989500 -11.993916 1.040553
56.005620 -7.209993 -5.606771
56.022460 -4.643784 -5.886808
56.040040 2.600704 -4.206582
56.055180 6.010268 -0.011932
56.072510 2.646297 4.971465
56.088380 -1.067418 8.312766
56.106930 -2.407409 7.955562
56.121340 6.036845 5.052957
56.137940 10.172032 -1.756954
56.154300 39.537550 5.297577
56.171140 -65.175359 -29.694596
56.187500 -154.524115 -56.650642
