0.080320 0.894053
0.425540 1.597565
0.574950 -0.561783
0.805420 1.503809
1.215330 2.056945
1.626220 0.175788
1.660640 1.276095
1.775880 1.575011
1.923100 0.080743
1.970700 0.598777
2.135740 1.584362
2.315670 0.611648
2.348390 1.677500
2.564210 5.545981
3.055420 1.296247
3.202390 0.043310
3.350590 5.456050
3.844240 0.317564
3.909420 -0.061911
3.991940 -0.516184
4.057620 0.124254
4.254880 0.022029
4.286870 0.410547
4.385010 -0.055925
4.435550 1.011222
4.533200 1.327208
4.894530 3.544485
5.273930 -0.629705
5.632570 0.204836
5.714840 -0.530860
5.780270 0.991449
5.864750 2.927444
6.145510 2.025951
6.374760 -0.544284
6.704830 0.424721
6.848390 0.008985
6.881100 -0.979120
6.947020 -1.841357
7.014160 -0.490875
7.128420 -0.327677
7.326660 0.222574
7.392090 0.006613
7.490230 0.053274
7.591060 1.567394
7.737550 2.473542
7.984380 -0.568898
8.080810 0.989962
8.279540 3.336299
8.755860 -0.321043
8.805420 5.453671
9.297360 -3.956895
9.379640 1.522784
9.576660 -0.849432
9.691890 0.675831
9.988280 -2.615899
10.447020 -2.606920
10.497800 0.112305
10.530030 0.699012
10.661380 0.887627
10.743900 3.356837
11.022710 2.268682
11.384520 0.011935
11.514160 -0.849103
11.580080 4.327272
12.008540 1.555585
12.173100 1.427054
12.321290 -0.317211
12.403810 3.000181
12.665530 0.541273
12.764400 1.061058
12.913820 3.821662
13.239990 2.951105
13.552000 -0.245580
13.849120 0.368937
13.930420 0.162805
14.045410 1.967061
14.260250 0.179782
14.292240 2.065814
14.914550 -5.973840
15.113040 1.062264
15.294680 1.844423
15.477050 1.524647
15.623050 -0.047603
15.686280 1.152918
15.869630 1.344305
16.065190 -1.844810
16.557860 -2.282547
17.298340 -0.539814
17.347900 -0.334932
17.510740 -1.129434
18.035640 0.307492
18.085690 -0.120887
18.232670 0.664964
18.350590 -0.110772
18.383540 -0.792414
18.448730 1.808877
18.645260 0.074412
19.253420 1.031254
19.366460 -0.802664
19.433350 0.544432
19.519530 5.322695
20.043460 -0.353862
20.107910 2.212638
20.354740 0.546613
20.469970 12.614185
21.588870 -0.124923
21.685300 -0.016575
21.734130 -0.067855
21.816410 -4.335801
21.997800 1.425463
22.112060 2.444685
22.391360 7.292388
23.130620 -0.534706
23.179440 1.234033
23.442380 1.223693
23.607180 1.677541
23.754640 3.671216
24.115970 0.927316
24.215580 5.269510
24.691410 4.666823
25.085450 -0.506201
25.166750 0.111163
25.231930 -1.027784
25.576900 -0.268233
25.626220 -0.842189
25.709230 2.289144
25.972410 0.274123
26.071040 0.157168
26.153560 -0.425798
26.235840 2.139744
26.466060 -0.070386
26.531980 -0.961655
26.580570 0.048436
26.613530 0.642341
26.761720 -0.648152
26.826420 3.385265
27.202880 0.041264
27.285160 -0.299466
27.350830 -0.027437
27.449460 -0.902908
27.500000 0.010573
27.564700 0.105945
27.597410 -1.409960
27.646730 -0.152784
27.745610 1.230846
27.894040 3.197621
28.238280 -0.424549
28.304440 -0.809382
28.355710 2.161151
28.600830 4.723536
29.077640 -0.471548
29.126460 -0.391912
29.175780 0.551130
29.225100 -4.071412
29.322510 -0.504780
29.437500 -1.559861
29.488770 3.659913
29.817140 0.055545
30.110600 1.477922
30.309570 3.007617
30.767820 -0.535526
30.833250 -0.300448
30.934330 2.183731
31.196290 1.251267
31.360840 0.504436
31.443120 -1.154582
31.492190 -0.266266
31.838870 -0.038946
31.983890 -0.811453
32.033940 0.706473
32.166260 0.601949
32.281250 -0.048655
32.328860 -0.405778
32.492680 1.633433
32.722660 0.068181
32.772220 0.117677
32.804440 0.578941
32.969480 0.227261
33.001950 -0.890474
33.084230 -0.459796
33.166750 -0.262967
33.215820 1.283278
33.364500 0.902192
33.494870 -0.223834
33.595210 0.320492
33.627930 0.441134
33.709470 1.075462
33.840820 0.515471
33.923830 5.282992
34.400390 1.355340
34.547610 2.581592
34.794680 0.179662
34.843990 0.357812
34.896240 1.504608
35.090580 -0.552877
35.581540 2.243330
35.829100 -0.405021
35.909670 0.604904
36.008790 1.056681
36.123780 -0.105383
36.206050 0.588952
36.323240 -0.298121
36.372070 0.155090
36.520020 -0.430001
36.583250 0.034206
36.616940 1.455642
36.765140 0.120613
36.830320 -0.082655
36.864500 0.218221
36.994380 -0.333702
37.060060 -0.362620
37.158690 -0.241751
37.225590 2.907412
37.470950 -0.347758
37.980470 0.159167
38.014650 0.030697
38.047120 0.018754
38.094480 0.075410
38.193360 3.545205
38.488770 2.256813
38.685790 0.697246
38.768550 -0.446114
38.833740 0.345732
38.932860 -0.145045
38.981930 1.309579
39.099120 3.223955
39.427980 -0.662502
39.492680 1.115812
39.624270 0.860519
39.755370 -3.920388
39.917970 0.076868
39.967290 -0.949721
40.084230 -1.571376
40.149660 1.048143
40.379390 2.996920
40.675050 -0.449305
40.725100 0.656817
40.855470 1.155601
41.002930 0.611150
41.232180 1.254305
41.346680 -1.322362
41.412600 0.806307
41.610350 0.133468
41.676270 -0.179509
41.742920 -0.288806
41.776610 0.116554
41.874020 0.383291
41.939450 0.259893
41.988530 -0.826448
42.070070 -3.056428
42.267820 0.972262
42.499510 -0.319657
42.597900 0.523997
42.713130 0.630739
42.811520 -0.391058
42.912110 0.366235
42.976070 1.635784
43.285400 -1.549592
44.271970 0.629804
44.402830 3.359197
44.731450 0.137620
44.813720 1.044027
44.947020 -0.685837
45.192140 -0.214118
45.388920 0.218285
45.487300 -0.714147
45.536870 0.083575
45.667970 0.132555
45.799320 -0.119690
45.832520 0.610081
45.883300 2.620013
46.144780 0.120944
46.276120 -0.602240
46.604980 0.799450
46.703610 0.111089
46.769290 4.268842
47.195800 -2.908577
47.428220 -0.398540
47.460940 1.087012
47.607180 0.659631
47.739010 -0.685258
47.804440 -1.213503
47.869380 -1.498939
47.936040 -0.575822
47.985350 0.643598
48.149410 -0.092178
48.198240 -0.236080
48.346440 0.102053
48.395020 -4.770678
48.575680 0.657436
48.758300 3.378709
49.087160 -0.722152
49.136470 -1.321362
49.201900 0.840793
49.349850 0.517051
49.434080 0.144771
49.481690 0.938684
49.582030 -0.563867
49.694820 -0.393729
49.728030 1.506673
49.925290 -1.506580
49.990230 -0.880998
50.385740 -0.130909
50.417970 0.731727
50.583010 2.649859
50.812260 1.751944
51.121830 1.436219
51.302490 0.477530
51.401610 0.576233
51.467040 0.827243
51.581790 0.233311
51.647460 -0.653018
51.729980 -0.113746
51.795650 0.929329
51.894040 0.374054
52.042970 -0.030378
52.124510 -0.610566
52.192380 -1.099638
52.255860 1.380068
52.403560 0.385784
52.469480 -0.170991
52.502200 -0.035528
52.551510 0.946722
52.633300 0.825977
52.732420 1.893252
52.913330 4.087330
53.274900 0.959328
53.389400 -0.479731
53.438720 -0.205831
53.470950 -0.618857
53.505860 -5.071148
53.619380 -1.145831
53.668460 0.289645
53.717770 -0.863674
53.784420 1.900211
54.000240 -1.925949
54.410890 -2.303489
54.507810 -0.244428
54.557370 -0.046699
54.623050 -0.553938
54.688480 1.228225
54.804440 2.478201
55.018070 3.187643
55.296880 0.929362
55.412350 0.480511
55.526860 4.117267
55.937500 0.132064
55.987300 0.111150
56.040770 2.821501
56.282710 4.946562
56.726560 2.172643
56.940190 1.380524
57.071780 2.438677
57.367190 1.332749
57.482420 1.579738
57.761960 1.964794
57.957520 1.083969
58.091060 0.345104
58.155760 0.338523
58.303710 -0.045550
58.353270 0.386306
58.515630 1.472715
58.760990 0.893833
58.892330 -0.722994
59.010010 -0.850557
59.042480 0.537911
59.141110 -0.427968
59.222170 1.960683
59.418460 0.225224
59.483890 0.222876
59.599120 0.014926
59.832520 1.166598
60.190670 1.615671
60.503170 -0.556166
60.537840 -0.064218
60.619630 0.432873
60.699950 0.240030
60.749270 -0.327364
60.880620 4.968505
61.340580 0.393973
61.389890 -4.379468
61.570800 0.027837
61.669680 2.712344
61.966800 -0.548740
62.065670 -0.409860
62.098390 -0.231171
62.147710 0.613159
62.245610 0.868894
62.343990 0.449682
62.476320 1.103814
62.606690 -0.231521
62.670900 0.511715
62.737060 -0.246657
62.837400 1.705161
63.002200 1.007552
63.100100 1.751327
63.676760 -0.764217
63.740970 2.306495
64.052490 0.901305
64.186520 -0.396732
64.659670 0.112261
64.709720 1.351422
64.808840 1.965899
65.005620 -0.541060
65.119630 0.097739
65.152100 0.871032
65.251460 1.119069
65.480470 -0.804280
65.546630 -1.171836
65.612300 -0.367626
65.710940 0.563677
65.792970 -0.679715
65.842040 -0.073139
65.907710 0.896347
66.088870 -0.487827
66.137700 0.240680
66.187010 -0.166680
66.236570 1.746915
66.384770 1.150411
66.482180 2.715501
66.779540 0.516245
66.828130 1.865405
67.140380 -0.272169
67.222660 -0.307956
67.271730 -0.484047
67.321040 0.035803
67.451900 -4.115163
67.733400 -0.481944
67.782710 2.453865
68.110600 0.270560
68.225340 -0.213476
68.258540 -0.157883
68.389890 -0.529914
68.455570 2.024701
68.702150 -1.194966
68.815190 0.264557
68.897710 0.450548
68.981930 1.051471
69.441650 -0.377798
69.474120 3.213355
69.833740 -0.536592
69.866940 1.806791
70.031250 -0.486143
70.113040 0.089417
70.244630 0.074049
70.277340 0.495110
70.382570 1.305698
70.575200 -0.656788
70.625240 0.550570
70.723140 1.305774
70.871340 0.117088
70.920170 0.206798
70.969970 0.868687
71.068120 -0.265607
71.115230 1.477106
71.315920 0.698588
71.511230 -1.699392
71.575930 -0.360094
71.624760 1.216529
71.789550 0.846084
71.905760 3.313516
72.252440 -0.569850
72.300290 1.095889
72.398440 4.044872
72.793460 -0.845462
72.857910 0.096677
72.889890 1.944759
73.055910 4.174962
73.483150 -1.914624
73.842770 -1.187164
73.944340 -1.839926
74.010250 -0.379431
74.058350 0.060116
74.124270 0.735140
74.255620 -1.751235
74.615480 -2.535286
74.681640 1.874805
74.878910 2.858429
75.207760 1.203634
75.388430 -1.746152
75.518310 0.623746
75.600830 0.317232
75.649900 -0.889533
75.715820 -0.401777
75.750240 -0.293187
75.813480 0.712342
76.010990 -0.075012
76.043700 -0.067388
76.093020 -4.094116
76.191410 0.223685
76.240720 0.515984
76.323000 2.834119
76.588620 0.281786
76.704590 0.662895
76.737060 1.249610
76.833500 -0.167916
76.934330 -0.127623
76.998780 0.677051
77.130130 -0.891616
77.227540 0.254715
77.341550 -0.122982
77.406980 0.551142
77.505860 0.848987
77.967040 0.044221
77.998780 1.507336
78.163570 -0.025267
78.212650 0.869511
78.294920 2.243030
78.541020 1.068016
78.639890 -0.427005
78.704830 -1.387165
78.770510 -0.748024
78.820070 0.117811
78.885250 -0.030007
78.951420 1.814659
79.098880 3.034129
79.395750 1.927252
79.592530 0.506689
79.690920 -1.879062
80.118160 0.530716
80.184080 -0.599306
80.336910 1.142849
80.528810 0.215569
80.627200 0.253190
80.676510 -0.017749
80.874020 0.617901
80.924070 -0.382832
80.976070 -0.109214
81.021480 -1.736792
81.086670 -0.601907
81.120120 0.028727
81.169680 -0.902085
81.268550 -0.331593
81.317380 0.058339
81.367680 0.052097
81.417480 0.207031
81.516110 0.076604
81.547120 0.227083
81.596680 -0.151357
81.711670 -0.465185
81.826900 -1.066269
81.875980 0.952123
81.974610 -0.124029
82.007320 -0.249243
82.056640 1.770868
82.253910 0.864319
82.352050 -0.155746
82.500980 -1.303846
82.549320 -0.346679
82.599120 -2.990795
82.781740 0.538093
82.896730 0.823627
83.042480 1.911775
83.288820 0.191410
83.372310 1.106244
83.569580 -0.645684
83.634280 -1.236749
83.684080 -1.714455
83.749020 -0.184856
83.781740 1.355277
83.931640 -5.018062
84.047120 -0.389546
84.191890 -1.911754
84.243650 0.002680
84.276860 1.073469
84.424320 -0.245696
84.917720 -1.178860
84.983640 -0.260454
85.016360 0.506490
85.065670 0.686203
85.147220 0.592577
85.327390 -0.246020
85.409180 1.258273
85.590580 0.509032
85.754150 0.584709
85.886470 0.393524
85.952390 2.193781
86.149410 0.308561
86.247800 0.036807
86.296140 -0.297614
86.329830 0.493666
86.395750 -2.260544
86.525390 -0.826930
86.558350 -1.685590
86.657470 -0.888337
86.740970 -0.564071
86.789790 2.218612
87.052980 -0.441948
87.118160 -0.220599
87.201420 -0.076378
87.233640 -0.160020
87.283200 -0.277906
87.331790 1.498195
87.528560 -0.352775
87.577880 -0.127437
87.627930 0.397962
88.398930 0.208202
88.465820 -0.418897
88.547360 -0.122581
88.597410 0.176290
88.662600 -1.781575
88.759770 0.122542
88.808840 0.965348
88.956790 -0.395885
89.055180 0.409359
89.203370 -1.347253
89.253660 -0.131038
89.317870 -0.227552
89.367190 2.419924
89.565190 0.243812
89.597660 -0.162528
89.646240 0.491662
89.679440 1.188493
89.794920 0.034666
89.843990 -0.811079
89.959230 1.588269
90.139160 0.134982
90.204830 -0.963062
90.254880 1.538072
90.434810 -1.951997
90.502690 -0.203141
90.533940 -0.322704
90.582760 -0.238813
90.714360 -1.058027
90.780270 -1.180093
90.845950 -0.341749
90.927980 1.221253
91.125980 0.267291
91.338870 -1.386654
91.404790 0.715368
91.570560 -1.348004
92.061520 1.248131
92.210210 0.422631
92.358150 -0.195152
92.570560 -0.328242
92.635990 -0.743267
92.693120 3.644791
93.047360 0.159142
93.096680 -0.141799
93.145750 -0.039457
93.195070 2.048866
93.441160 0.114213
93.523190 -1.977149
93.605470 1.738397
93.789060 0.343722
93.838130 0.172067
93.887700 1.206849
94.035160 0.762964
94.410640 4.283615
94.824710 0.447445
94.972170 -0.266604
95.021730 1.150486
95.118650 -1.248745
95.168210 -1.965336
95.235350 0.084784
95.271240 3.393356
95.611820 0.469403
95.710690 -0.521309
95.808590 0.078326
95.925780 -0.567445
96.006840 0.275294
96.055420 1.563337
96.203610 0.510011
96.302000 0.074482
96.350830 1.445690
96.514890 0.776141
96.696290 1.046746
96.777830 0.141476
96.892580 -0.988372
96.941650 0.169471
96.991940 3.291698
97.337650 -0.437151
97.384520 -0.186847
97.499270 -3.032029
97.679930 -2.908985
97.762210 -2.941224
97.827880 3.684299
98.205570 -0.267971
98.271480 1.437389
98.419680 -2.034139
98.536130 2.103583
98.717530 0.760075
98.815430 -0.327202
98.864260 1.432897
99.306880 1.536363
99.522220 0.068241
99.554200 0.693480
99.620360 1.458354
99.751950 -0.511204
99.801760 -0.358118
99.850830 -0.717319
99.899410 -1.151842
99.949220 -1.031385
99.998290 -0.239845
100.030520 1.466173
100.227290 -0.600471
100.341550 1.502210
100.521730 -0.479578
100.587890 -0.789714
100.688720 -0.022181
100.752200 1.384506
100.985110 -0.417252
101.016600 2.687320
101.377440 2.544962
101.675050 -1.597152
101.720950 -0.533763
101.819820 1.203040
101.968020 -0.224943
102.017580 1.282525
102.166260 0.166158
102.346190 2.844008
102.609380 1.614466
102.756100 0.405698
102.855710 -0.580439
102.953370 0.084114
103.019530 6.460292
103.593750 -0.050553
103.643310 -0.336785
103.774900 -0.082888
103.808110 -2.009295
103.873780 -1.791364
103.924320 -0.131546
104.023680 -0.779309
104.071530 0.886175
104.170170 -3.037854
105.154790 -1.512726
105.206300 1.882865
105.371340 0.859277
105.518310 -0.528876
105.567140 0.438936
105.649660 0.046888
105.715580 1.056301
105.830320 -0.079001
105.862790 1.795240
106.010740 0.868009
106.109130 1.661372
106.386720 -0.431583
106.635740 -0.376974
106.667720 0.324995
106.700930 3.549981
106.996830 1.490375
107.194090 -0.181623
107.243410 -0.417385
107.342290 3.282893
107.768550 -0.164841
107.801760 0.130813
107.834720 0.521169
108.013430 -0.593395
108.488770 0.216091
108.541020 1.581735
108.771240 -0.609101
108.867920 0.229182
108.917240 0.123881
108.998540 -0.463859
109.080810 -0.525564
109.229000 -0.574859
109.261720 1.192147
109.458980 -0.641351
109.507810 -0.166978
109.557130 0.789031
109.639400 1.044753
109.761230 0.350251
109.870120 0.393580
109.951900 -0.020727
110.034180 0.238253
110.116210 -0.175358
110.148930 -0.551690
110.198240 -5.106991
110.396000 -0.119710
110.561040 1.739132
110.692630 0.513786
110.741940 -1.090154
110.874270 1.410891
111.218510 0.223205
111.284420 -0.477949
111.333980 -0.124438
111.383300 0.255146
111.432370 0.023995
111.498780 0.662023
111.580080 -0.163020
111.628420 -0.402706
111.677730 1.663504
111.860110 -0.293510
111.926510 -0.017804
111.974120 0.529124
112.040280 1.162428
112.171880 0.761442
112.319580 -0.464013
112.714360 -0.184800
112.746090 0.259602
112.795900 5.261483
113.271730 -0.070876
113.338130 0.805127
113.387450 -0.922517
113.505130 -0.077839
113.553470 0.272023
113.617190 0.528493
113.714600 -0.476710
113.804200 0.593461
113.864260 -0.988740
114.091310 0.207808
114.191410 0.233205
114.239750 0.590978
114.321530 -0.272637
114.387450 0.161623
114.437500 -0.312065
114.503420 -0.634064
114.568600 -0.817353
114.601320 0.601423
114.733640 0.507784
114.928960 -0.044328
114.979490 -0.026922
115.028080 -1.178024
115.126460 -0.181078
115.176030 -4.016901
115.589110 -1.125209
115.656010 -0.567247
115.720460 0.585339
115.834720 0.240034
115.917480 -0.451390
116.127690 1.756628
116.311770 -0.777923
116.706790 0.504943
116.839110 -0.609474
116.885990 -0.222322
116.919190 -0.257688
116.985110 -0.443739
117.051030 0.573395
117.100590 0.662006
117.264650 -0.821912
117.347410 0.508239
117.428470 -0.415415
117.494380 -0.020896
117.592770 -1.127341
117.642090 -1.004317
117.691890 0.085552
117.740480 -1.308436
117.854250 -0.050086
117.936520 0.768354
118.100590 -0.069170
118.166020 1.349537
118.281980 -1.004780
118.609860 -1.990405
118.741460 -2.101535
118.792480 -0.045229
118.841800 1.271063
119.021970 -0.605956
119.070800 -0.132254
119.434080 -0.777782
119.481200 -0.797635
119.514650 0.621977
119.613530 4.172198
119.990720 2.716031
120.336670 1.098140
120.451170 1.245922
120.549800 1.114736
120.665040 1.104719
120.747310 2.929677
120.993900 1.011229
121.141360 0.174971
121.190670 -0.073414
121.239750 -0.350288
121.338130 -0.069046
121.388180 1.117697
121.519040 0.808467
121.584720 -0.382606
121.666500 2.639321
121.979250 -0.097562
122.124760 -1.471743
122.174800 0.103949
122.223140 0.545949
122.273930 0.185601
122.371830 1.490284
122.915770 -0.177297
122.948000 -0.393322
122.997560 1.260634
123.145020 1.568602
123.359130 -0.468389
123.408450 -0.790564
123.457280 -0.616755
123.539060 -0.002008
123.605470 -0.333959
123.687740 -0.517858
123.752440 0.352930
123.851070 1.684738
124.000000 -0.290712
124.097410 0.880391
124.295410 1.354462
124.459960 -0.195719
124.541990 1.423830
124.771730 0.512015
124.836910 2.253215
125.083740 0.033999
125.132810 -0.575107
125.246340 -0.219497
125.312010 -0.079468
125.398680 -0.284332
125.428960 0.167490
125.574710 0.262854
125.624510 -3.598507
125.788820 0.157322
125.972170 1.429224
126.170650 -0.274771
126.595700 0.246294
126.676760 2.466882
126.907710 -0.521016
127.021730 -0.927040
127.103030 -0.208823
127.167970 -0.255410
127.201170 -0.351244
127.299800 1.705020
127.499270 -0.907299
127.548100 -1.306838
127.629880 -0.984591
127.680420 1.539451
127.827880 0.652708
127.990970 -0.473840
128.058110 -0.747392
128.219480 -0.560643
128.367680 -2.669898
128.466310 -1.733174
128.531740 -1.356884
129.024660 -0.070462
129.074460 -2.186836
129.223880 0.579409
129.320800 -0.212809
129.370120 1.327720
129.519290 1.475070
129.682620 -1.157517
129.765630 0.400379
129.797120 1.146808
129.931150 0.715262
130.045170 -0.316123
130.111080 -0.183845
130.226320 1.049982
130.339110 2.736920
130.636230 0.103669
130.702880 1.271984
130.899410 0.052683
130.932620 0.424996
130.998540 6.146107
131.541020 0.472025
131.622560 0.263044
131.820800 -1.385421
131.918210 0.825205
132.067140 0.122609
132.132080 0.330139
132.198000 -0.032923
132.230710 0.289195
132.361820 -2.514479
132.639160 -0.762544
132.722410 0.296030
132.805420 1.171228
132.969730 -0.087497
133.034910 -0.439994
133.134030 1.123122
133.363770 -0.506890
133.413820 1.957956
133.576900 6.141328
134.233150 -0.158488
134.300050 -0.290810
134.332520 0.221092
134.745360 0.192376
134.793210 0.167820
134.875490 0.483937
134.989010 -0.059242
135.070560 -1.094545
135.136470 -0.533870
135.219970 1.670692
135.366700 -0.629638
135.431880 -0.750728
135.514890 0.709801
135.612550 0.293633
135.728030 0.515750
135.779050 0.265111
135.875730 -0.246541
135.924560 -1.276756
135.974370 -0.916682
136.040280 -1.881383
136.450440 -0.740614
136.483640 -0.606920
136.532470 -2.047799
136.764160 -3.102991
136.812260 -0.611980
136.877930 -0.968664
136.959960 -2.787286
137.207760 -0.209758
137.306400 -0.502945
137.356450 -0.429526
137.436280 -0.006280
137.501460 -0.125768
137.551510 -3.450578
137.731930 -1.422271
137.764160 -0.775610
138.045900 -0.754299
138.095460 0.637876
138.178710 3.517689
138.572270 -0.076562
138.687010 0.217088
138.817870 0.192623
138.866940 0.237469
139.049800 -2.326316
139.130370 -1.072122
139.179930 -0.195666
139.245120 -0.208174
139.279540 1.221931
139.409910 0.411607
139.524170 -0.374204
139.573730 0.824391
139.672610 0.223392
139.721440 1.281996
139.968510 0.921516
140.066160 2.800825
140.379390 0.054788
140.412110 1.053676
140.559330 -2.046769
140.707030 -1.102511
141.150150 -0.816364
141.296140 0.549363
141.330570 -0.274596
141.428470 -0.154167
141.479000 -0.905312
141.528810 -4.130004
141.643800 -5.389739
141.707280 0.265900
141.740720 1.376997
141.888430 -0.251977
142.007320 0.253759
142.087890 -2.113940
142.169920 -3.262585
142.218750 0.853254
142.366940 -1.067096
142.450200 -1.307700
142.530760 -0.268081
142.580570 0.953458
142.711180 -0.107608
142.777590 -2.331349
143.006590 0.178378
143.072270 -1.483467
143.172610 0.107314
143.254640 -0.589828
143.351810 1.718374
143.516360 10.196020
144.452880 -0.561136
144.502440 -0.799333
144.568120 -0.115580
144.633060 0.198883
144.699220 -0.707029
144.830570 -1.567202
144.896240 0.743754
144.995360 -0.433477
145.044680 2.435256
145.373050 -0.835352
145.520260 -0.143993
145.602780 0.042900
145.636230 1.951282
145.865720 0.234109
145.931640 -0.226352
145.964840 0.104160
146.029790 -0.374892
146.211430 -0.644959
146.244140 0.681849
146.293460 -0.130726
146.325930 -1.388772
146.423340 0.607383
146.539790 -0.628860
146.654050 -1.580492
146.719730 -0.046566
146.816160 0.265650
146.849610 -1.168332
147.030520 -0.264089
147.098390 -1.237103
147.195800 2.380048
147.410160 -0.047139
147.525390 0.800828
147.623290 2.221641
147.985110 4.126643
148.348390 0.917193
148.445800 0.289968
148.543950 -0.308072
148.658690 -3.142821
148.788090 -1.350913
148.821040 -2.065817
149.067870 2.076765
149.331050 -1.155287
149.379880 -0.669559
149.415770 -1.066264
149.677000 -1.026659
149.774900 -0.344353
149.824950 -0.271334
149.892090 -1.793906
149.957280 0.328866
150.020750 0.724658
150.135010 -0.452761
150.168460 0.024567
150.414790 -0.144690
150.595210 0.081676
150.693360 0.843334
151.006840 0.260364
151.087890 3.710456
151.468750 -0.252584
151.501460 -0.156757
151.547610 0.815741
151.679440 -3.421435
152.091800 2.081821
152.293460 1.773530
152.486570 -0.241380
152.552000 -0.669617
152.585450 -0.486052
152.735350 2.676647
153.012940 2.604264
153.373290 0.708030
153.490970 0.342001
153.520510 0.227264
153.620360 -0.249751
153.668950 -0.740953
153.767820 0.518222
153.916990 -1.580452
154.063720 -3.179603
154.146480 0.910178
154.605960 1.447325
154.752440 0.190019
154.801760 0.654849
154.835690 0.072445
154.934330 -0.882754
154.999510 -2.058984
155.063960 -0.466733
155.146000 -0.389017
155.310300 -1.094613
155.375490 -1.276025
155.573730 -1.355421
155.737300 -0.795229
155.786130 0.402856
155.885250 0.362781
156.033450 0.817081
156.229980 -0.315987
156.330810 -0.091645
156.396000 -0.832305
156.462400 2.674000
156.706300 0.024663
156.938960 -0.408871
156.987790 -0.056578
157.020750 7.475252
157.710690 -1.134578
157.807130 -3.210980
157.889160 -2.509160
157.956540 0.076603
158.020750 -0.368424
158.185060 0.330220
158.234620 -0.143509
158.300050 0.406119
158.529790 0.612963
158.628660 1.326865
158.775630 -4.269435
159.140380 1.294672
159.338130 0.273200
159.401860 0.579936
159.466800 -0.600606
160.141600 -1.153178
160.206790 2.056888
160.748050 0.492989
160.846920 1.148670
161.077390 0.050265
161.143800 0.524408
161.309080 0.888623
161.456790 0.083643
161.538570 1.317208
161.718990 -0.582075
161.751220 -0.371020
161.881840 -0.044486
161.930180 -0.139844
162.048830 -0.862445
162.098140 -0.426762
162.146730 -0.516572
162.196040 -1.091111
162.293210 -0.377900
162.327150 -2.757246
162.474850 -4.109191
162.524410 -2.067944
162.866700 2.126772
163.129640 -3.631748
163.179200 -0.948928
163.244870 -0.039355
163.277590 -0.068416
163.343510 0.902890
163.458500 -4.216649
163.771970 1.248436
163.871340 1.140844
164.135010 -1.517831
164.166750 -0.364161
164.215330 -8.667958
164.559570 -0.269728
164.608890 -0.412308
164.661870 -0.465968
164.739750 -0.875426
164.904050 -7.030544
165.201420 0.137326
165.251220 0.141989
165.301270 -0.332128
165.333010 0.183472
165.745360 -0.571255
165.793460 0.040670
165.843510 0.200584
166.006840 0.691325
166.088620 -1.000876
166.137700 0.223240
166.188720 0.711666
166.285400 0.955728
166.434080 -0.486519
166.484860 1.871620
166.681150 -2.386017
166.924800 -1.249878
166.990480 -1.282033
167.023440 0.209184
167.088870 -0.591996
167.171140 -1.086636
167.633540 -0.118461
167.747800 -1.341112
167.861570 -0.128095
167.911380 -0.540647
167.959470 -2.766652
168.355470 0.340854
168.487790 0.772801
168.602050 -0.396604
168.652340 -1.268801
168.717290 -0.784295
168.766110 -0.350259
168.815670 0.132377
168.849120 -0.090014
168.898440 -1.053769
168.963870 -0.647207
169.325200 1.663989
169.504880 -0.333971
169.554930 -0.782063
169.637210 0.196349
169.735600 0.162634
169.817870 0.250077
169.865480 -0.423031
169.930660 1.065629
170.161870 -0.488954
170.227050 -0.761501
170.325200 -0.086621
170.407960 -1.308188
170.456050 -0.610220
170.505370 -1.557245
170.558590 -1.023131
170.969240 -0.660552
171.065430 -1.062900
171.146480 -1.667085
171.196040 -0.204666
171.262210 0.495120
171.310790 0.584271
171.508300 -3.428391
172.149170 0.395918
172.298340 -0.278498
172.346190 -6.163807
172.676510 -0.316172
172.709960 -0.906887
172.808590 0.315297
172.842040 -0.022074
172.890630 1.001679
173.005860 -0.429461
173.054930 1.363796
173.203130 -1.506010
173.253420 -4.017470
173.317140 -3.889564
173.761720 0.133131
173.826900 0.002612
173.876220 -0.452193
173.925540 -2.329625
173.974120 -3.311686
174.023440 -0.900230
174.090090 -0.722442
174.187990 -0.321223
174.220460 -1.864122
174.287110 -0.701125
174.352050 0.529646
174.386720 -0.750036
174.418460 -2.191581
174.499510 -2.221055
174.582030 -0.980020
174.664310 -0.300028
174.715330 0.483241
174.795650 0.482122
174.861820 -0.985185
174.944090 -0.649223
175.028080 -1.488104
175.075930 -1.186773
175.126220 -0.346566
175.174560 -0.017860
175.206540 2.091920
175.534670 0.086945
175.600830 -0.108527
175.649900 -0.242661
175.748780 -0.035836
175.813960 0.731873
175.863770 1.743602
176.059570 -0.532696
176.126950 1.656051
176.291990 0.224718
176.324220 0.130130
176.373050 -0.896244
176.469240 -2.280852
176.617190 -2.012160
176.682860 -1.549920
176.814450 1.223967
176.913330 -0.255883
176.962400 0.837062
177.060300 0.876534
177.126950 1.140855
177.273930 0.263066
177.439450 -0.223626
177.472900 -4.666210
177.884520 -0.153145
177.966550 -0.398275
178.016110 0.798273
178.114500 -0.212578
178.163820 1.368412
178.360840 0.306929
178.426760 -1.464337
178.493410 -1.055083
178.527100 0.545046
178.607670 1.248549
178.757080 -0.429389
178.804440 -0.084197
178.853760 0.479790
178.887210 4.416353
179.297610 -0.513014
179.362550 0.556490
179.427980 5.171769
180.332030 0.025728
180.380620 0.073693
180.430180 -0.479857
180.479980 -0.477652
180.529300 -1.165069
180.627440 -0.551104
180.709230 -0.492294
180.808350 0.546194
180.873780 -0.443340
180.989500 0.710664
181.071040 0.404637
181.219240 -0.375089
181.317140 -2.457011
181.447270 0.295612
181.496340 0.161421
181.545650 -0.056551
181.611330 0.487449
181.794190 -1.099072
182.038820 0.114264
182.088130 -0.135788
182.403810 -2.231595
182.498780 -0.834719
182.646240 0.267276
182.795900 -2.008429
183.336430 -0.094859
183.418460 0.216977
183.500980 -0.517950
183.599850 -0.766432
183.632570 -0.154685
183.763670 -6.969485
184.045410 1.609487
184.228270 0.488238
184.259770 0.338644
184.356450 2.544218
184.668700 1.053682
184.816410 -0.121592
184.881840 -0.477219
184.915280 -0.340894
184.948000 -0.511763
185.079830 -0.099177
185.162110 2.213873
185.408690 -0.772613
185.507320 -0.517504
185.556640 -0.284713
185.639400 0.021798
185.754640 -0.540425
185.803220 2.510183
186.198000 0.047153
186.246580 0.798545
186.295900 0.209705
186.345210 0.572416
186.460690 -1.351376
186.526120 -0.540885
186.640380 -0.169178
186.689700 -0.055791
186.721920 3.012116
187.051270 -0.407758
187.084230 1.398516
187.231450 0.526393
187.412600 0.969587
187.575440 -0.492924
187.625980 -0.013867
187.724120 -2.349156
188.166020 -0.342500
188.215330 3.606327
188.527830 0.138475
188.593510 0.978089
188.741460 -1.750703
188.807370 -2.747527
188.889890 -1.794884
188.939940 0.671846
189.037350 0.917956
189.135740 0.022489
189.234130 2.456730
189.547120 0.113730
189.628660 -0.241255
189.677980 -0.560747
189.727050 -0.686593
189.825440 -0.035699
189.876220 0.295322
189.989990 0.693117
190.170410 0.384029
190.433840 1.575528
190.729250 -1.342865
190.778320 -1.662372
190.911620 -2.686916
191.060300 -2.258159
191.158940 0.608744
191.256100 -1.262311
191.371830 1.716524
191.519290 1.215901
191.994380 0.104013
192.062010 -0.412250
192.110840 0.163475
192.193120 1.868719
192.406490 -0.226734
192.439450 -0.075915
192.488530 -0.397028
192.538570 0.523147
192.604740 0.324071
192.686280 -0.750274
192.900150 0.326664
193.031740 2.403656
193.310060 -0.448359
193.342770 0.682132
193.442140 0.064049
193.507320 -0.364262
193.540530 -0.029299
193.606200 0.441519
193.737550 -0.044090
193.835690 0.073095
193.984860 1.128351
194.198000 0.117951
194.279790 -0.011637
194.312990 -0.900165
194.394040 -0.429307
194.476070 0.236480
194.575200 -0.192523
194.624270 0.405558
194.772710 -0.022001
194.821290 -0.128052
194.870850 -0.074858
194.919680 1.471604
195.165770 -1.976774
195.232180 -0.941202
195.265140 1.366133
195.379390 0.561669
195.479000 0.424992
195.544920 -0.698855
195.923100 0.889051
196.053470 0.838426
196.152100 0.642221
196.300290 -1.121638
196.332760 -0.428879
196.415770 -2.287162
196.496580 -2.056393
196.579590 -0.067691
196.613040 -0.708428
196.661380 0.161264
196.694090 0.445619
196.793700 -2.996123
196.858400 -3.441990
196.941410 1.189757
197.137940 0.235994
197.415280 -0.918450
197.530270 -2.121764
197.645260 -1.727453
197.776610 -4.723740
198.139160 -5.584093
198.616940 0.298286
198.814450 0.456089
198.912600 -0.694059
198.978520 0.487611
199.093260 1.194803
199.257570 -0.343385
199.291750 0.397615
199.356930 1.489598
199.471680 -2.116184
199.567630 -0.953682
199.632810 -2.741289
199.815920 -0.966245
199.847660 -0.560982
199.899170 -0.375577
199.997800 0.033409
200.030520 -1.037710
200.127440 0.143428
200.193120 0.304496
200.242920 -0.871502
200.391360 -0.209456
200.440430 0.288121
200.489990 -0.383327
200.554930 0.083215
200.588380 -1.835631
200.653320 -0.146090
200.686280 -0.353386
200.801760 -0.654755
200.982420 2.143479
201.196040 0.925249
201.310550 0.517483
201.376460 -0.693316
201.475100 -0.153402
201.524660 -0.519336
201.639160 -0.866293
201.704590 2.541866
202.115970 -0.729721
202.181880 1.312502
202.329830 -1.005155
202.395020 0.258003
202.477290 -0.837111
202.542970 0.116666
202.592770 0.834014
202.659180 0.160540
202.708740 0.563875
202.789060 -0.686856
202.839360 -0.255346
202.987300 -0.638646
203.101560 -1.305852
203.151370 -1.232051
203.216550 -0.653545
203.249510 1.423035
203.447270 0.938031
203.545410 0.966143
203.643550 -0.171586
203.693360 -0.474797
203.759030 -1.934998
203.823730 -0.625326
203.989010 0.494144
204.088380 -0.107894
204.153560 -0.077811
204.186280 0.565861
204.284670 -0.125518
204.334230 -0.095132
204.366940 0.010320
204.448730 1.588358
204.678960 -0.364252
204.711910 -1.322992
204.777100 -2.056925
204.876220 -1.458152
204.958250 0.594557
205.040280 -0.622508
205.089360 -0.821506
205.203860 -0.765046
205.319340 -0.511214
205.384520 -0.395075
205.417720 0.536951
205.483150 0.962462
205.565670 -1.215465
205.663090 -1.709596
205.810300 0.492566
205.958250 -1.481053
206.007570 -2.053394
206.187990 -0.883021
206.237300 -0.322693
206.401370 -1.502965
206.500240 -1.606552
206.534180 -3.518579
206.582520 -2.496639
206.680420 -3.194734
206.994380 0.444798
207.143550 -0.337545
207.241940 -0.267867
207.291020 0.185069
207.340820 -0.202837
207.373780 0.753566
207.537600 -0.062072
207.619380 -1.345762
207.668950 -1.154509
207.783200 -2.332773
208.178960 -0.256898
208.242920 1.316005
208.375490 -0.662214
208.423830 0.017985
208.472660 1.159546
208.588870 1.891499
208.836430 0.053446
208.867430 0.844641
208.966310 -0.180244
209.016360 3.779056
209.393550 0.716464
209.574710 -4.242044
209.673340 -1.141976
209.934810 -1.035579
210.017580 -0.092735
210.165280 -0.674819
210.281490 0.125318
210.346680 -0.799938
210.395750 -1.649733
210.445560 -0.541521
210.608640 -1.125851
210.757320 0.248961
210.822750 -1.130011
211.019780 -2.532470
211.085940 -1.377758
211.133300 -0.656013
211.214840 -0.976263
211.263920 -3.320173
211.790280 -0.769423
211.871830 -0.243396
211.937740 -0.341998
211.971440 -2.334453
212.168210 -3.037467
212.300540 -0.077311
212.350340 -0.378352
212.465330 1.601306
212.581300 -0.521714
212.712650 -0.667411
212.811280 0.070670
212.910640 -1.322457
212.958980 -2.197038
213.008060 0.250248
213.041020 -0.132048
213.138920 -0.559081
213.321290 -3.042394
213.369140 -1.417470
213.615720 -0.432442
213.895510 -2.391841
213.976560 -1.740616
214.040530 -0.687928
214.139650 0.787470
214.238040 -1.115488
214.287350 0.853045
214.335690 -1.391122
214.583500 -0.935934
214.648930 -3.613514
214.961180 0.292241
215.044680 -0.306876
215.077390 0.264841
215.126710 0.087918
215.160160 -3.095431
215.322270 -1.134728
215.406490 0.491170
215.506100 0.292185
215.587400 -0.011342
215.619870 -0.805804
215.669430 -0.965768
215.751460 0.026691
215.817140 0.108769
215.948000 0.232554
216.061770 0.172869
216.111570 -0.053145
216.177980 1.151727
216.309810 -0.322429
216.407470 -0.573866
216.456300 -0.965664
216.489750 -1.101138
216.638430 -1.848377
216.704100 -0.948632
216.753170 0.514160
216.819340 -0.622076
216.885010 0.627668
216.966800 -0.477230
217.016600 -0.435261
217.132570 -0.572505
217.166020 -0.739047
217.213620 -1.125619
217.246340 -0.210649
217.278560 0.559693
217.344730 -0.289723
217.393550 -1.094513
217.574950 -0.043446
217.739260 1.848947
217.904050 0.027307
217.935550 -0.125503
218.019530 0.851300
218.100340 0.298115
218.183110 -0.347606
218.231930 0.021903
218.281490 0.199047
218.330320 2.505046
218.528080 1.962018
218.774900 0.789287
218.873050 1.148985
218.972900 0.963678
219.103030 -0.165310
219.219480 0.615504
219.318120 1.036753
219.481200 -0.386180
219.529050 0.249760
219.562740 -3.251181
219.692380 -0.926241
219.807130 -0.342121
219.839840 -0.126063
219.906250 0.181855
220.004640 0.287529
220.152340 0.127755
220.185790 0.867224
220.267090 0.068922
220.332760 -0.367874
220.595210 -0.809873
220.693850 -0.801899
220.792480 -1.593611
220.858400 -1.265955
220.957030 0.330378
221.089360 -6.065815
221.402830 -0.339892
221.435790 -0.423945
221.485110 0.836512
221.599370 -0.145424
221.648680 0.603108
221.714600 -4.353190
221.876950 0.215833
221.909670 0.146767
221.975590 0.447849
222.107420 -2.378005
222.470700 0.264979
222.551760 -0.435306
222.634280 -0.649590
222.699710 1.159243
222.847900 0.135879
222.913820 1.743015
223.062010 0.032072
223.127930 -0.365888
223.226070 -0.128379
223.259030 0.838299
223.358150 -0.850418
223.570800 -0.373362
223.605710 -0.107062
223.654050 0.189852
223.702640 -0.502046
223.817140 0.490180
223.916260 -0.174658
223.949220 -0.091561
224.292480 -0.325898
224.344240 -0.364607
224.393310 -1.234161
224.442870 -0.299283
224.491700 0.135265
224.541500 1.368509
224.737550 -0.097614
224.902590 -1.242662
224.999760 0.045700
225.033200 -0.242196
225.164060 -0.838709
225.262210 -2.510728
225.378170 -0.294378
225.426760 -0.206695
225.526370 -0.696559
225.657710 -0.518725
225.723390 -1.086186
225.772220 -0.456877
225.821780 -0.277429
225.922850 -0.031828
225.969970 0.272871
226.002690 -0.277256
226.134280 -0.259162
226.216060 -0.451412
226.265870 0.021356
226.396480 -0.997321
226.463130 2.762652
226.708740 1.134539
226.905760 -0.328868
226.971920 -0.914645
227.004640 0.518109
227.202150 0.039813
227.234620 0.549369
227.413330 1.255007
227.512450 -0.346722
227.577640 0.577555
227.626950 0.565519
227.840820 0.127161
227.889890 0.364221
228.021000 -2.182864
228.119870 -3.237714
228.284180 2.071857
228.480960 -1.130108
228.579830 -4.350317
228.960690 0.422492
229.024900 0.035584
229.091310 -0.224024
229.175050 0.990503
229.336910 -0.449688
229.402100 -1.899575
229.485350 -1.353728
229.550780 0.230876
229.583500 -0.782683
229.649660 -1.774148
229.715580 -0.759338
229.780270 -0.653912
229.813720 0.212083
229.862790 -0.132610
229.912840 -2.850596
230.075440 -1.470047
230.109860 -0.722907
230.142330 0.100558
230.208500 0.154894
230.290040 0.675455
230.405760 0.227998
230.454830 -0.914572
230.569580 -1.459590
230.618900 4.356580
231.045900 0.170760
231.078860 1.667358
231.243650 0.082050
231.292720 -0.731563
231.357670 0.213279
231.407470 1.249107
231.554440 2.483799
231.900390 0.018573
231.932860 0.373729
232.081540 -0.934984
232.146240 0.634609
232.229250 -1.336842
232.310790 -1.720184
232.377200 0.398127
232.474610 -0.686120
232.524410 -0.179663
232.573240 -2.842198
232.753660 -0.995660
233.033690 -0.925876
233.066650 -1.697858
233.294430 -1.123302
233.343510 -1.024042
233.443850 -2.610875
233.607180 0.350773
233.656490 -0.821284
233.706790 -0.959425
233.903810 -1.992075
234.017580 -1.624556
234.116210 -0.408113
234.149170 0.596403
234.231200 0.282316
234.346190 -1.017628
234.543210 -1.233115
234.691650 0.364143
234.823000 -4.659503
235.155520 -0.310661
235.208250 -0.322189
235.250980 0.174896
235.332760 -0.933613
235.382810 0.422241
235.415770 1.350102
235.580810 -0.699137
235.631590 -0.065609
235.662350 -0.359302
235.729980 -0.639333
235.876710 -0.224474
235.925540 -0.251194
235.990720 -0.129980
236.023440 -0.631207
236.073240 -0.945193
236.138430 -1.011885
236.204590 -0.502310
236.352050 -2.115208
236.402590 -3.223722
236.451420 -0.215404
236.549560 0.607473
236.665040 0.394697
236.746580 0.248506
236.812260 3.406204
237.205080 -0.216798
237.253910 -3.723363
237.567870 -0.287784
237.682860 0.644167
237.830320 -0.886780
237.896730 -0.278669
238.028320 0.385178
238.143310 -0.879350
238.241210 -0.214048
238.290770 -1.155302
238.372560 -0.488079
238.438960 0.272610
238.619140 -0.374484
238.702640 -0.999670
238.784180 -1.145806
238.849610 -1.358528
238.932370 -0.237806
238.982910 -0.414809
239.046390 -0.134341
239.357420 0.063495
239.424070 -0.182808
239.555180 0.174201
239.588380 0.161383
239.672360 0.831803
239.769780 1.630577
239.933840 -0.627037
239.999510 1.502064
240.163330 0.413988
240.212400 -0.219204
240.260990 -0.497036
240.310060 0.263890
240.359620 0.016838
240.556880 0.254542
240.655270 -0.537799
240.688230 -1.499095
240.753660 -2.056711
240.918460 -0.103172
240.952150 0.326906
241.000490 -0.096804
241.049800 -0.583481
241.116460 0.446079
241.311280 -1.283963
241.360350 -0.634428
241.475830 1.063353
241.591060 -1.874055
242.050540 -0.404316
242.084720 -1.353190
242.330080 -0.076020
242.412110 -0.311211
242.478030 0.356423
242.527100 -4.355774
242.972660 1.733986
243.120360 0.734865
243.202640 -4.752817
243.545410 -0.485033
243.610840 -1.186968
243.692870 -0.234246
244.006350 -0.866405
244.089600 -0.005548
244.155030 -1.844993
244.218990 -0.607340
244.252200 0.382082
244.333740 -0.219156
244.448970 -0.735232
244.498290 -0.479038
244.613040 -0.484628
244.711670 -0.066588
244.793950 -0.327295
245.124510 -0.261398
245.339110 0.468071
245.388430 -0.350582
245.437260 -0.903329
245.535640 -1.647598
245.733400 -1.736920
245.782710 -1.463442
245.863770 0.576723
246.092770 -0.405999
246.142330 -0.172547
246.388920 -2.450707
246.454350 -0.609276
246.533200 -0.060693
246.569580 -0.180710
246.618160 -1.031911
246.684570 0.124968
246.716800 0.277523
247.260740 -0.470721
247.307860 -0.189869
247.357420 0.529690
247.538090 0.233768
247.701900 -0.689405
247.866460 -3.868497
248.245610 -0.006985
248.295170 -0.327663
248.345210 0.131374
248.394290 0.573398
248.526120 0.704857
248.591310 1.378734
248.705810 -6.188283
249.099120 0.168806
249.148440 -4.462804
249.302490 -0.637962
249.462400 -0.198036
249.511960 0.780299
249.577150 0.495297
249.758300 2.300064
250.166020 0.015012
250.314450 0.243335
250.347170 0.507407
250.495850 0.739142
250.577150 -0.488028
250.842770 -0.158276
250.907710 -0.335628
251.006100 0.519102
251.104980 -1.234508
251.153320 -1.775961
251.219730 -0.068720
251.334720 1.263982
251.504390 -0.067160
251.548580 0.313011
251.665530 0.689026
251.844480 -1.854487
251.910400 -1.854487
