0.115050 441.693382 244.779818 0.199710 82.575603 0.046870
0.361630 373.077600 198.838500 0.016120 41.054994 0.016660
0.394410 336.313600 217.112000 0.148250 47.750029 0.015930
0.558590 361.737600 257.530875 0.065620 99.173776 0.032830
0.657040 341.518800 160.440000 0.033020 63.379881 0.033020
0.723080 358.952533 221.375000 0.150880 32.192617 0.031250
0.905210 368.498836 252.119636 0.557190 316.868055 0.050600
1.513000 684.341700 226.651031 0.277890 414.564515 0.081730
1.872620 277.804800 307.839000 0.016360 121.050877 0.049560
1.938540 256.284000 188.716500 0.016480 186.347001 0.049500
2.004520 406.224000 299.365500 0.016050 135.737444 0.033080
2.053650 315.259200 198.618000 0.114810 48.364113 0.016480
2.184940 302.853600 245.364000 0.016540 515.140657 0.098390
2.299870 817.975200 240.933000 0.016660 92.451733 0.033020
2.349550 825.288800 148.771000 0.049440 406.798766 0.098080
2.497070 1212.943200 272.097000 0.016420 44.716832 0.016300
2.529790 1170.572200 257.803875 0.213680 123.178990 0.050410
2.793880 1180.746000 135.045750 0.033390 148.533650 0.064450
2.891720 1147.443537 279.797921 0.328620 72.246109 0.032770
3.253110 1131.026400 350.154000 0.016600 76.426483 0.049260
3.318970 1162.604800 280.556500 0.049380 170.843697 0.049130
3.417480 1149.663900 450.909375 0.131410 59.980372 0.016360
3.565250 1108.212000 407.557500 0.032770 85.123140 0.033080
3.631100 1132.639200 489.100500 0.032840 51.557988 0.032590
3.696530 1140.715520 438.179000 0.246520 197.690225 0.082280
4.025330 1228.833200 615.144250 0.098390 617.814268 0.147760
4.271480 870.273600 112.024500 0.016480 164.256604 0.065860
4.353820 760.922400 234.591000 0.016480 69.824603 0.032720
4.403020 790.432800 297.873000 0.130920 123.674828 0.033440
4.567380 761.376000 177.660000 0.015930 143.315015 0.049500
4.632810 773.698800 320.444250 0.033330 110.980672 0.039980
4.706120 775.622400 209.480250 0.026300 46.053173 0.015630
4.748050 773.550831 255.486808 0.213740 20.354827 0.098760
5.060550 754.234473 261.905318 0.213380 59.974976 0.016230
5.290160 750.881600 321.786500 0.049260 134.608624 0.049620
5.389040 769.448400 188.464500 0.131220 91.734602 0.016480
5.536740 765.875600 280.129500 0.099610 366.730779 0.130130
5.766480 1132.586400 283.957500 0.263060 373.122028 0.100830
6.130370 766.991867 209.387500 0.359380 36.875834 0.049190
6.538940 759.972000 245.589000 0.115480 9.722619 0.033810
6.688230 753.855822 238.031111 1.066290 27.301276 0.032100
7.786620 733.422200 219.925125 0.280460 444.514587 0.098140
8.165220 1167.064500 317.636813 0.131590 98.430866 0.049140
8.345950 1190.868000 222.127500 0.016350 192.030157 0.065740
8.428040 1112.582800 397.475750 0.131530 61.092292 0.016600
8.576170 1110.799200 336.409500 0.016480 95.809506 0.016480
8.609130 1155.612864 251.726580 0.541750 102.616714 0.050720
9.201600 1140.400800 353.209500 0.033870 140.294113 0.030340
9.265810 1135.016400 213.018750 0.048890 26.507333 0.016780
9.331480 1157.116800 227.654700 0.246220 6.390407 0.032770
9.610470 1155.482259 233.832529 0.411010 7.736268 0.048950
10.070430 1162.674545 230.982818 0.246830 38.572401 0.032650
10.349910 1133.977600 205.208500 0.065560 38.558255 0.033140
10.448610 1162.249200 231.427875 0.065370 71.833502 0.016780
10.530760 1131.135600 296.173500 0.065430 61.059756 0.016850
10.613040 1146.961200 237.200250 0.032530 90.824705 0.033020
10.678590 1156.758400 327.495000 0.049250 67.305939 0.016240
10.744080 1138.101067 262.826667 0.459960 61.411638 0.032900
11.236940 1098.266400 309.566250 0.049190 76.107267 0.016420
11.302550 1143.613800 248.444000 0.197140 56.728106 0.016670
11.516360 1145.844000 305.128250 0.098690 131.337084 0.049200
11.664250 1121.618400 434.211750 0.066040 37.995358 0.015860
11.746150 1144.668000 464.417100 0.098880 139.465632 0.065740
11.910770 1116.683400 601.046250 0.065370 82.337685 0.049430
12.025570 1159.271400 530.578125 0.098580 46.882356 0.016290
12.140440 1143.343200 486.484500 0.134040 79.858816 0.014090
12.288570 1123.038000 563.718750 0.065490 56.481855 0.016670
12.370730 1136.492000 508.862667 0.295530 40.019816 0.016540
12.682800 1127.290080 547.810200 0.164430 30.157379 0.015930
12.863160 1150.230000 528.234000 0.279660 24.735853 0.032780
13.175600 1139.579700 505.908375 0.131160 55.185109 0.017280
13.324040 1140.222918 561.089735 0.278800 20.910157 0.016480
13.619320 1144.848000 540.697500 0.574830 49.664717 0.016670
14.210820 1133.821920 589.122800 0.246390 177.843245 0.068000
14.525210 1132.622400 766.962000 0.015500 65.857715 0.017520
14.558230 1188.608400 732.280500 0.030940 94.578706 0.015570
14.604740 1131.831680 807.921333 0.854610 3.563963 0.016540
15.475890 1133.531467 811.053833 0.147830 2.753884 0.016840
15.640560 1131.770814 808.936293 0.524970 20.005266 0.018920
16.184450 1130.073382 789.003170 0.753360 723.910026 0.131400
17.069210 441.720300 564.914437 0.164370 189.945409 0.050290
17.283870 360.012520 736.387750 1.050300 36.009618 0.016720
18.350890 359.520000 700.381500 0.016180 406.309299 0.066830
18.433900 761.262600 761.127938 0.163570 30.631500 0.032050
18.629520 790.910400 753.427500 0.016660 414.782563 0.166990
18.813170 564.228000 406.066500 0.014220 246.065794 0.164130
18.991520 441.151200 619.140375 0.065910 39.732491 0.016240
19.073670 480.654918 623.397971 0.279300 259.269738 0.082090
19.435060 727.216800 703.573000 0.377500 33.457397 0.016660
19.829220 717.906000 735.708750 0.032540 345.078886 0.295650
20.157410 675.438400 393.253000 0.049740 135.863382 0.049320
20.256470 754.855500 503.488125 0.131350 56.650869 0.015810
20.403630 767.566800 448.281750 0.051270 25.898464 0.015930
20.470830 743.077440 439.855500 0.196590 89.947102 0.031860
20.699280 771.234800 525.281750 0.098880 142.002753 0.066280
20.864440 872.811333 624.513750 0.311520 323.926386 0.098700
21.274660 635.432000 844.921000 0.049800 43.938301 0.016240
21.340700 661.944554 879.958962 0.459840 251.110714 0.065490
21.866030 752.757600 645.844500 0.016290 53.373637 0.016790
21.899110 700.644000 634.315500 0.016480 86.312203 0.032710
21.948300 786.408000 644.028000 0.016600 153.262190 0.083930
22.048830 753.274667 494.390167 0.162110 15.327622 0.016420
22.227360 760.667040 480.963000 0.263240 181.771846 0.098450
22.589050 690.007733 313.486833 0.147520 68.165929 0.016660
22.753230 685.584480 381.509100 0.082220 0.000000 0.016660
