0.049160 0.923604
0.230070 -8.028218
0.395900 -0.438821
0.445130 -3.125759
0.542940 1.698794
0.821660 2.335305
1.166410 -0.300718
1.215670 -0.362078
1.313780 -0.410528
1.363250 0.025258
1.527190 1.750911
1.938720 0.205161
2.201570 -1.110998
2.513240 -0.399287
2.677830 -0.417195
2.776640 -0.410982
2.843440 0.422819
3.041500 -0.908638
3.089140 -0.563274
3.154450 0.654167
3.335170 0.339592
3.483090 1.314197
3.680600 0.948137
3.827550 -0.475975
4.503750 1.702416
4.814540 -0.457785
5.045470 0.004549
5.159880 -0.683807
5.209380 0.635068
5.373170 0.868532
5.503810 -0.726204
5.667940 0.537606
5.947300 0.455674
6.210050 4.795408
6.949070 -0.159333
7.048220 -0.101081
7.130400 0.056357
7.228670 -0.472678
7.295870 -1.236869
7.392760 -1.310443
7.458680 3.073599
7.902280 -0.312735
7.967800 -3.796742
8.181370 -0.162296
8.263890 2.606541
8.707150 -0.039703
8.806460 0.649409
8.904390 1.372517
9.151000 -0.609964
9.249180 1.277967
9.597660 -0.561271
10.235020 -1.483625
10.448460 -0.933805
10.513890 -1.546328
10.761600 0.236761
10.925200 -1.094210
11.024480 -0.424971
11.089080 1.144887
11.302800 -3.881739
11.434600 -0.514320
11.483800 0.271407
11.615020 -0.102112
11.680730 0.220778
11.861600 0.280723
12.129390 -0.653851
12.206510 0.643270
12.338350 -0.378492
12.403630 -0.444912
12.452880 -0.956093
12.518650 -0.342347
12.715700 -1.953611
12.797730 0.083528
12.881100 1.095494
13.095180 0.324087
13.307010 -1.656143
13.372860 -1.637596
13.438480 1.569571
13.738130 0.909220
13.930820 -1.410944
14.030120 0.636800
14.343260 -0.322796
14.441070 1.867299
14.752750 -1.895474
15.081120 0.114748
15.179630 0.990492
15.360600 -0.892902
15.442720 -0.170419
15.524750 0.118515
15.656310 0.133223
15.754970 -0.099212
15.804050 -0.193993
15.853450 -0.399679
15.886290 0.267070
16.052280 1.035557
16.395480 1.826448
16.855590 1.668407
17.200840 -0.804723
17.251100 0.982555
17.513150 -3.193543
18.007810 0.656885
18.268160 0.386235
18.417210 -0.404201
18.481870 -0.463488
18.564760 -0.428973
18.630250 -0.120627
18.810640 -0.286882
18.892550 -0.266722
18.974640 0.140416
19.122470 -1.044523
19.204990 0.344655
19.303310 0.867289
19.565770 0.396848
19.697970 -0.167921
19.746830 1.131308
19.894650 2.271534
20.321660 3.366462
20.782140 2.831694
21.176030 1.666169
21.521000 -0.365673
21.586580 0.525358
21.799770 1.276685
22.066590 -0.034339
22.113530 0.381473
22.244960 1.084494
22.457520 2.912840
22.933530 1.513338
23.281040 0.314153
23.394470 -4.817096
23.509000 2.471879
24.001560 1.810239
24.280640 1.099773
24.560240 1.451842
24.773650 -0.486166
24.823150 -0.459631
25.020840 -0.465135
25.317470 0.842026
25.612030 1.062196
25.860170 1.663303
26.105960 -1.360079
26.170470 0.120249
26.318570 -0.465231
26.383760 -0.138043
26.449580 -0.742823
26.531950 -0.251023
26.597720 -1.409166
26.697140 -0.861964
26.844210 -1.245943
26.942440 -0.157228
27.073820 3.588720
27.681850 -1.346288
27.780910 -0.225281
27.846040 -2.925756
27.978300 1.748181
28.289860 -0.246311
28.339110 -0.601175
28.421170 -1.274233
28.470860 -0.304472
28.521700 -0.753765
28.568210 -0.292841
28.601560 -0.393529
28.667510 0.051965
28.700040 0.321572
28.913390 -4.823093
29.028780 0.346461
29.111210 -0.225509
29.160490 -1.550199
29.324340 -2.130312
29.522460 -1.257954
29.587590 -1.408766
29.669250 0.339663
30.113650 -0.167162
30.145780 1.270672
30.457730 -0.462378
30.490390 -0.371595
30.605740 -1.310916
30.753970 -0.262778
30.836240 -0.763915
30.885250 -0.195804
31.098910 -0.959971
31.181060 0.613974
31.328670 -0.469962
31.377840 -0.304811
31.542540 3.419380
32.018950 3.837189
32.610290 -0.603549
32.677460 0.847396
32.972050 1.992629
33.497560 -0.338649
33.547670 -0.653554
33.595550 0.180102
33.694460 -1.379426
33.859710 -0.642022
34.055050 -0.569349
34.302670 0.096194
34.598050 -0.062897
34.729490 2.339068
35.074800 -3.290087
35.189210 0.476523
35.320830 1.297805
35.633300 0.304824
35.666290 0.502092
35.863220 -0.432550
35.912200 0.842925
36.109500 -0.449283
36.159850 0.137149
36.207610 -0.402026
36.372470 -0.634876
36.410250 -0.215275
36.454220 -0.301199
36.602750 -1.110460
36.668150 -1.095033
36.718200 -0.628682
36.799160 -1.022527
37.112300 0.847097
37.242650 -0.077904
37.441530 -1.124412
37.491300 -0.725144
37.653750 -0.953420
37.704220 0.538992
37.834140 2.590953
38.179140 0.379722
38.278320 -0.387496
38.327730 -0.141338
38.376980 -0.704375
38.442350 -0.655859
38.689060 -0.865428
38.918520 0.071521
38.951480 1.790320
39.444310 0.933964
39.659120 -0.930182
39.805970 1.574451
40.298980 0.433530
40.397640 -0.447502
40.528440 1.343204
40.807830 0.062931
40.889710 -0.866301
41.020780 0.907111
41.185610 -0.460318
41.415250 -0.027461
41.530400 -1.355931
41.596010 0.538077
41.973910 2.005757
42.302190 1.760311
42.598210 0.746593
42.811550 -0.632653
42.894260 1.341299
43.108370 -2.647590
43.321720 0.576879
43.420290 -0.965461
43.485840 4.295822
44.142150 -0.629289
44.192140 -0.114866
44.241490 -0.320847
44.290800 1.460148
44.488100 -2.011059
44.980870 1.317482
45.227110 2.169183
45.572360 -0.607412
45.654240 -0.665465
45.769230 -0.851746
46.146790 -0.743425
46.212680 0.501646
46.460600 -0.185917
46.508510 -0.274922
46.540990 -0.124719
46.721920 -0.365618
46.869780 -1.427756
46.919040 -0.004144
47.050690 -0.633746
47.132630 -2.036772
47.247920 -2.145984
47.346890 -0.657701
47.395600 -0.491616
47.447140 -0.155632
47.609380 0.358210
47.740880 -1.043049
47.839600 1.519801
48.104100 0.004289
48.234440 -0.190867
48.282900 0.358046
48.430330 1.026340
48.742650 -1.602678
48.792210 -0.347592
48.890500 -0.457198
48.923220 -0.339578
48.974700 0.013011
49.138890 -0.452478
49.185820 -3.240518
49.300600 -0.550615
49.366730 -0.096239
49.464900 -0.515134
49.547850 -0.595288
49.613490 0.521905
49.879120 -1.191856
50.139400 0.190052
50.352690 -0.348515
50.401640 0.251811
50.516630 1.156974
50.697510 -0.242561
50.796690 0.207253
50.911350 -0.507833
50.946010 -0.551513
50.993680 -3.824619
51.223480 2.033853
51.518860 1.859958
51.848020 -0.839448
51.912990 1.628046
52.175870 -0.344956
52.373630 1.520368
52.784450 -0.498316
52.816960 1.182255
53.095670 0.427155
53.194150 -0.157860
53.243380 -1.075802
53.326020 -0.487604
53.358610 -0.158262
53.408020 -1.304279
53.474090 0.432767
53.572330 3.451809
54.147430 -3.627039
54.428800 -0.063539
54.541990 0.559198
54.854130 -0.202943
54.886960 -0.654450
55.084440 3.548753
55.691890 -1.211260
56.185030 1.325015
56.415010 -0.591068
56.464360 -0.583597
56.628540 1.955320
57.055630 -0.583121
57.121030 -0.277734
57.253450 -0.089171
57.351170 -0.632536
57.811950 -0.225986
57.843540 -0.015668
57.892910 0.697555
58.040710 3.103238
58.584170 1.405711
58.928470 3.849405
59.470550 -3.396825
59.585270 0.383818
59.831820 -0.428973
59.915370 -2.949641
60.028690 0.884206
60.194060 0.086307
60.259890 1.976279
60.604060 -0.271405
60.653320 0.647252
60.833620 0.416065
60.901550 0.888778
61.079500 1.368410
61.359280 -3.440916
61.819400 2.428950
62.213130 1.226498
62.429260 -0.949180
62.493350 1.593410
62.739470 -0.646802
62.985630 -0.304057
63.018980 -0.104931
63.068050 0.464846
63.217220 0.255153
63.379940 1.110658
63.757450 1.631351
64.250340 -0.296886
64.546970 0.273820
64.695010 0.150614
65.008090 0.983470
65.187470 -0.007912
65.236970 -1.920091
65.302400 2.153170
65.681210 2.153170
