0.062500 815.827950 350.149406 0.314700 173.826528 0.049310
0.426510 642.028800 347.064375 0.081300 68.063790 0.019050
0.526860 689.673600 395.671500 0.019280 310.939074 0.075690
0.621830 623.571200 91.840000 0.081780 65.831106 0.016850
0.720460 688.766400 100.968000 0.016360 151.471924 0.083740
0.820560 565.548900 12.870375 0.295650 152.066140 0.048830
1.165040 555.727200 164.619000 0.019290 23.905784 0.014890
1.199220 562.094400 141.576750 0.048340 54.849823 0.015870
1.263430 570.242400 195.818000 0.049800 155.376286 0.097660
1.410890 720.400800 235.746000 0.015620 94.761815 0.032470
1.458980 625.951200 228.060000 0.016610 47.139649 0.033690
1.509280 626.250240 180.921300 0.083010 42.296468 0.016840
1.609130 620.860800 222.873000 0.015870 214.098104 0.049320
1.674320 554.295548 19.385739 1.494380 53.545937 0.017340
3.186040 604.531200 37.920750 0.065670 70.794220 0.031740
3.283450 535.041360 24.393600 0.395260 17.094559 0.427980
4.106690 551.335527 19.224068 0.739010 44.639840 0.098640
4.944340 592.762800 35.852250 0.164060 57.028682 0.019290
5.127690 536.807250 24.841031 0.539060 142.585030 0.279290
5.946040 678.693600 10.743000 0.376960 183.582521 0.246820
6.569820 861.604800 26.428500 0.033700 69.000460 0.015620
6.619140 793.002000 33.825750 0.033200 217.516137 0.427010
7.079350 1008.252000 2.509500 0.082270 106.175023 0.163820
7.325440 1114.066800 11.248125 0.197020 571.574178 0.148440
7.670900 542.651200 24.711167 0.246340 107.312785 0.344970
8.262210 649.869600 29.211000 0.131590 31.195377 0.015620
8.409420 667.304400 55.079500 0.114750 112.278335 0.033450
8.557620 734.991600 144.661125 0.066650 62.612889 0.015620
8.639890 732.211200 82.110000 0.016120 71.382247 0.016600
8.672610 689.640000 24.811500 0.033690 101.491115 0.031490
8.737790 722.433600 120.858500 0.050540 87.176267 0.016600
8.804930 809.489333 125.441167 0.149420 45.092890 0.030760
8.985110 817.524960 169.812300 0.082270 207.304769 0.065680
9.133060 660.766400 34.158250 0.394280 30.310365 0.016850
9.544190 630.463050 33.506156 0.378420 64.335050 0.032470
9.955080 694.708000 36.909833 0.196530 134.700872 0.082030
10.233640 829.268160 30.754500 0.099370 229.191367 0.129880
10.462890 1058.423520 26.692050 0.427980 422.632289 0.147950
11.038820 635.936000 15.631000 0.081790 87.103260 0.099120
11.219730 553.642600 44.175250 0.229490 152.142778 0.049560
11.498780 705.756141 41.192735 0.279300 129.681889 0.033200
11.811280 835.381867 37.376500 0.147950 316.240796 0.065180
12.024410 1151.560200 43.661625 0.066410 584.112527 0.178960
12.269780 567.617179 29.590658 0.362540 75.409135 0.016610
12.648930 581.229600 103.761000 0.032220 64.429463 0.017340
12.698490 567.456000 40.821000 0.114010 84.522912 0.033200
12.845700 651.977760 41.262200 0.280030 146.136571 0.049320
13.175050 638.366400 186.763500 0.261230 152.200776 0.049560
13.485840 675.007200 39.039000 0.016600 92.968098 0.033690
13.536130 733.681200 111.153000 0.031990 50.638669 0.016350
13.584470 716.757600 63.426000 0.230960 93.775243 0.032960
13.848390 623.551200 53.112750 0.229250 75.267426 0.049800
14.127440 693.478800 25.268250 0.031980 63.595663 0.016850
14.176270 740.384400 68.213250 0.033450 55.953862 0.048340
14.258060 717.822000 17.010000 0.050050 64.117156 0.114500
14.422610 778.539300 37.611438 0.492670 78.354527 0.082770
14.998050 856.800000 41.444812 0.148680 90.419183 0.032230
15.178960 766.600800 35.141400 0.344230 56.988423 0.016850
15.540040 822.875200 26.148500 0.050540 64.213888 0.034180
15.624760 869.937600 69.835500 0.030760 32.260321 0.016110
15.671630 843.807411 50.916158 0.311520 34.903248 0.016850
16.000000 875.280000 35.826000 0.032960 48.428733 0.016600
16.049560 922.706400 45.627978 0.640630 10.789824 0.050290
16.740480 913.579200 51.382500 0.179440 63.680170 0.016600
16.936520 853.977600 28.959000 0.016360 60.408904 0.032470
16.985350 908.700000 54.546000 0.115480 29.294102 0.082030
17.182860 937.949600 52.931900 0.509280 203.580547 0.081540
17.773680 1140.928320 37.289700 0.115720 249.068787 0.065680
17.955080 893.608800 7.822500 0.016600 59.786311 0.015620
17.987300 889.616000 67.475333 0.147950 44.025143 0.016120
18.151370 924.033600 94.927875 0.066890 67.735109 0.015870
18.234130 928.256000 27.324500 0.180910 72.598851 0.049560
18.464600 999.964000 38.662750 0.114990 82.196296 0.032230
18.611820 1082.155200 37.747500 0.016600 31.117282 0.034420
18.662840 1065.825133 64.235500 0.590090 470.973499 0.064450
19.317380 596.660400 22.998500 0.132330 86.718612 0.048090
19.497800 518.196000 59.923500 0.017580 22.408632 0.016600
19.531980 528.425224 39.985853 0.295410 293.097791 0.065430
19.892820 821.100000 24.244500 0.016850 52.077704 0.016110
19.925780 824.836320 76.188000 0.097900 20.397947 0.017090
20.040770 806.551200 85.228500 0.017090 174.275196 0.031980
20.089840 971.598600 29.271375 0.132820 49.272296 0.015870
20.238530 928.972800 4.557000 0.032470 93.388231 0.034420
20.305420 973.968800 86.390500 0.048100 130.772762 0.066400
20.419920 1100.984640 55.269900 0.098880 53.213401 0.015870
20.534670 1132.504800 98.143500 0.017330 63.883369 0.032960
20.584960 1068.681600 100.915500 0.014890 90.961010 0.032960
20.632810 1124.608800 29.179500 0.016360 59.267135 0.032470
20.681640 1069.252800 50.352750 0.034670 226.448729 0.114740
20.831050 843.981600 73.416000 0.213870 173.489293 0.050290
21.095210 675.992800 30.076667 0.210700 101.327273 0.065920
21.371830 574.835520 35.943600 0.114990 235.683564 0.065910
21.552730 810.495467 32.607167 0.164070 69.427177 0.016350
21.733150 876.717726 53.457711 0.328620 85.745960 0.032710
22.094480 961.921200 63.087750 0.491700 72.032904 0.018070
22.604250 901.257000 24.247125 0.065670 125.418953 0.048830
22.718750 1007.781600 90.447000 0.066410 56.961805 0.016110
22.801270 1012.040400 33.644625 0.066160 27.156466 0.014890
22.882320 1036.340308 45.768490 0.970710 95.321298 0.049070
23.902100 1129.040640 67.967550 0.163820 562.587886 0.097900
24.163820 566.650560 53.050200 0.099610 44.398572 0.016840
24.280270 587.586720 92.202600 0.262210 285.836737 0.082280
24.624760 869.812042 46.909026 0.345210 76.558028 0.032470
25.002440 796.300145 25.528364 0.180910 292.167106 0.067140
25.250490 1088.455200 28.182000 0.015380 4.910644 0.049560
25.315430 1093.204431 26.933308 0.344480 57.968132 0.081790
25.741700 1146.730200 49.188563 0.131350 444.909242 0.065910
25.938960 703.542000 88.284000 0.033700 59.752797 0.015620
25.988280 720.434400 30.968700 0.081790 169.670937 0.279540
26.349610 552.619200 5.943000 0.049320 80.865640 0.065180
26.464110 632.738400 16.905000 0.016110 34.026749 0.016850
26.497070 649.499760 46.517100 0.180910 92.086805 0.065920
26.743900 562.620800 15.988000 0.098870 159.919060 0.130860
26.973630 722.303621 24.677211 0.410890 117.346554 0.098390
27.482910 839.184267 35.123667 0.147950 208.354714 0.049320
27.680180 1043.541333 75.742333 0.148430 378.394222 0.081790
27.910400 666.323127 45.932727 0.212890 95.604673 0.033940
28.157230 570.813600 41.668500 0.147700 19.405171 0.015870
28.320800 555.374400 53.424000 0.016850 528.224119 0.148190
28.485840 1083.405120 67.716600 0.099120 66.648307 0.031740
28.616700 1104.994800 4.662000 0.066410 62.473650 0.015860
28.698970 1082.793600 63.057750 0.034670 98.231258 0.096440
28.830080 985.746300 47.852437 0.164550 116.158746 0.065920
29.060550 870.849840 30.774450 0.197020 39.071078 0.016110
29.273680 842.889600 58.065000 0.016850 258.597801 0.049310
29.339840 1101.374400 65.709000 0.015870 30.220759 0.017830
29.373540 1120.960800 42.694500 0.114250 28.692236 0.016360
29.504150 1149.321600 38.346000 0.015870 585.488179 0.098630
29.618650 564.335520 62.588400 0.100590 40.908898 0.016110
29.735350 604.173231 71.888654 0.213870 47.973236 0.017330
29.966550 575.450400 110.313000 0.013430 442.052498 0.279790
30.259770 1016.853600 86.362500 0.016840 92.213422 0.015870
30.292480 1096.482800 39.859750 0.165040 541.290709 0.180660
30.638180 556.108000 71.335250 0.196050 48.046767 0.016600
30.850830 602.710080 83.028750 0.181150 63.155642 0.017820
31.049800 556.788960 126.386400 0.080570 34.225200 0.016850
31.147220 569.805600 158.039700 0.081780 113.377399 0.033450
31.262450 550.183200 46.373250 0.032720 70.129563 0.016110
31.311280 586.924800 106.107750 0.033450 76.148411 0.031730
31.376460 547.562400 171.293500 0.066410 67.717410 0.017090
31.459960 593.635000 121.665250 0.259030 101.362183 0.052740
31.771730 679.257600 67.415250 0.031490 75.689129 0.017090
31.820310 660.660000 140.784000 0.049810 112.619263 0.048340
31.918460 773.278800 140.461125 0.065920 80.167611 0.031490
32.015870 821.066400 204.828750 0.033200 33.885991 0.016120
32.065190 854.952000 204.666000 0.116690 112.239460 0.032230
32.214110 841.638000 93.219000 0.033200 135.739696 0.049810
32.297120 974.108800 122.829000 0.064700 26.224110 0.017820
32.379640 971.060160 96.782700 0.081540 415.491350 0.099120
32.560300 565.353600 186.422250 0.032230 32.254837 0.016850
32.609380 559.996691 154.615364 0.361810 83.660779 0.032470
33.003660 546.655200 237.205500 0.016360 41.216347 0.016110
33.036130 581.445200 259.306250 0.376960 76.138743 0.015620
33.428710 557.631200 186.987500 0.049810 71.012050 0.015860
33.494380 567.655200 116.686500 0.018320 58.918363 0.048580
33.561280 563.468945 175.455955 0.443850 93.362749 0.032710
34.037840 550.272800 83.030500 0.049320 152.619723 0.049560
34.136720 661.584000 187.446000 0.016600 71.961543 0.032470
34.185790 606.705120 140.897400 0.098880 42.346204 0.016360
34.301030 638.715840 168.619500 0.100090 122.981905 0.063720
34.464840 761.490000 161.474250 0.281740 215.027138 0.047370
34.793950 546.660000 170.679750 0.525140 91.788937 0.049070
35.368160 638.383200 174.153000 0.016610 92.988831 0.033930
35.418700 642.818400 267.036000 0.015380 103.497369 0.049070
35.483150 629.941200 164.342850 0.181400 97.559172 0.379150
36.043700 532.778400 173.128200 0.081300 279.833757 0.082030
36.207030 812.330400 160.573875 0.101560 104.012856 0.046150
36.354740 710.215418 180.352773 0.180900 64.917014 0.016360
36.552000 769.104000 153.033300 0.081540 81.598838 0.361330
36.994870 690.586105 175.243895 0.362060 144.986833 0.048590
37.405520 834.763440 190.543500 0.164060 68.031074 0.016600
37.586180 772.363200 163.443000 0.032720 53.102541 0.017090
37.635990 823.095000 147.753375 0.065670 43.359695 0.063720
37.765380 853.006400 179.144000 0.446290 11.736069 0.017090
38.228760 842.808655 184.952727 0.195800 133.991988 0.065430
38.489990 974.232000 158.842250 0.229980 47.971599 0.016110
38.736080 1021.784400 165.170250 0.032470 169.201165 0.050300
38.818850 853.448400 148.081500 0.032960 71.086622 0.015620
38.867430 821.170560 211.417500 0.082280 35.795451 0.016840
38.966550 850.399200 190.753500 0.016600 65.080193 0.015630
38.998780 812.431200 137.896500 0.048830 64.820663 0.017330
39.064940 869.527680 168.583800 0.197510 15.237578 0.016360
39.278810 875.005600 182.802667 0.164060 23.669889 0.014160
39.457030 879.765600 205.989000 0.098880 57.216763 0.032470
39.588380 825.779850 187.033875 0.560060 149.184971 0.032220
40.180660 973.862400 168.931000 0.050790 32.973318 0.032950
40.264400 1000.679782 188.116091 0.213380 31.286179 0.016120
40.493900 970.219600 180.974500 0.099120 51.933626 0.016110
40.609130 937.717200 140.469000 0.032960 124.910466 0.047850
40.689940 1046.029600 202.686750 0.131100 29.819856 0.018800
40.839840 1073.671200 191.499000 0.031990 79.702904 0.017090
40.888920 997.920000 166.713750 0.033200 58.222837 0.015870
40.937990 1027.536000 216.841500 0.115230 59.650026 0.032230
41.085450 1080.229920 188.886600 0.164790 87.820741 0.033210
41.283450 1158.094000 148.270500 0.098630 543.733722 0.129150
41.511230 623.750400 248.885000 0.049320 205.396850 0.033200
41.593750 829.147200 249.028500 0.018550 260.733068 0.064700
41.677000 583.657200 161.185500 0.033450 64.546589 0.064940
41.775390 566.987400 223.542375 0.066410 36.786873 0.016600
41.858400 553.957824 189.140280 0.507320 54.454940 0.032960
42.398680 509.569200 220.683750 0.049810 85.693200 0.018060
42.466550 586.383000 182.697375 0.079590 164.639297 0.104010
42.650150 744.408000 136.500000 0.013420 77.727811 0.013920
42.677490 679.358400 179.046000 0.035400 71.698856 0.030030
42.742920 728.700000 231.066500 0.049560 132.505410 0.049320
42.841800 848.719200 174.914250 0.033200 99.361246 0.032710
42.907710 838.572000 273.756000 0.016610 133.503725 0.034180
42.958500 766.113600 161.626500 0.016840 179.639131 0.065430
43.040770 944.703200 181.016500 0.066900 63.090021 0.063720
43.171390 1007.764800 182.910000 0.031490 71.535296 0.033450
43.236330 940.984800 208.556250 0.032220 107.513795 0.065430
43.333980 834.355200 194.796000 0.049810 48.600015 0.016110
43.399900 786.147600 200.959500 0.033210 77.123094 0.016110
43.449220 854.548800 165.333000 0.035400 72.065893 0.016110
43.500730 785.097600 184.569000 0.015630 31.817510 0.017090
43.533450 813.304800 199.290000 0.067140 74.809578 0.048340
43.648930 884.842560 221.172000 0.080070 42.548785 0.016850
43.745850 849.979200 196.780500 0.016600 57.585307 0.032960
43.795410 872.214000 249.900000 0.081300 80.747019 0.016110
43.892820 837.362400 177.061500 0.016600 101.158977 0.065680
43.975100 924.392700 228.625687 0.165770 342.703253 0.361080
44.501950 582.136800 246.130500 0.015630 89.689198 0.016110
44.533690 573.742400 156.835000 0.049070 118.613978 0.049810
44.632570 688.564800 127.084500 0.147700 319.780975 0.052010
44.832280 1004.992800 173.271000 0.016110 14.137391 0.015870
44.864260 993.840800 181.960000 0.377680 99.083913 0.031250
45.273190 1022.603400 276.777375 0.100350 57.541292 0.050290
45.423830 999.751200 223.968500 0.064210 66.618329 0.033440
45.521480 1058.963564 193.441500 0.180180 35.219101 0.016850
45.718510 1086.741600 171.790500 0.033440 53.405476 0.015870
45.767820 1060.821300 218.484000 0.130860 24.171179 0.016600
45.915280 1049.110330 197.339283 0.410650 53.812500 0.032710
46.358640 1100.826720 182.466480 0.461180 539.477878 0.079840
46.899660 568.646400 270.900000 0.032710 53.011617 0.016600
46.948970 543.160800 224.416500 0.032720 25.942904 0.100100
47.081790 556.381728 246.737820 0.444330 59.947333 0.015630
47.541750 615.778800 238.634083 0.328370 103.943804 0.084470
47.954590 717.519600 217.347375 0.081300 48.277314 0.015380
48.051270 753.522560 249.510800 0.260740 42.042138 0.017090
48.329100 766.096800 289.628500 0.049070 72.517632 0.018560
48.396730 730.195200 226.621500 0.036860 163.273899 0.044190
48.477780 809.169600 369.525000 0.130130 140.355320 0.065920
48.673830 680.436565 313.601647 0.315670 64.186402 0.031250
49.020750 744.088800 321.865250 0.098880 41.398135 0.015380
49.135010 769.154400 288.918000 0.017090 67.044703 0.016360
49.168460 805.144200 345.484125 0.065670 155.756676 0.032960
49.267090 782.779200 191.341500 0.016110 67.370028 0.014410
49.297610 824.266800 244.421625 0.099120 45.763658 0.032960
49.429690 786.391200 218.736000 0.016110 89.117840 0.049320
49.495120 831.835200 295.396500 0.017330 101.844864 0.034180
49.546630 743.620080 244.499850 0.458740 100.536500 0.048340
50.053710 675.242400 318.202500 0.016600 70.842308 0.034670
50.104980 679.702800 247.500750 0.049560 64.748068 0.016110
50.170650 616.627200 232.879500 0.293950 92.952528 0.049070
50.513670 707.065600 211.407000 0.412840 41.222487 0.033450
50.959960 665.997600 214.972500 0.130860 141.828412 0.047120
51.137940 753.765600 326.382000 0.016850 95.430622 0.082270
51.237060 813.590400 252.031500 0.032960 68.418498 0.035640
51.305660 763.797600 205.108500 0.129890 83.210210 0.047120
51.482670 827.248800 258.940500 0.049800 51.144540 0.016850
51.549320 845.312160 211.092000 0.097900 106.185142 0.032470
51.679690 871.684800 313.950000 0.016840 113.256145 0.033210
51.729740 812.683200 217.276500 0.032470 116.499741 0.067140
51.829350 750.859200 316.018500 0.031730 34.626209 0.016610
51.877690 765.962400 284.859750 0.032950 66.649778 0.034430
51.945070 785.353800 221.093250 0.066160 63.981282 0.030030
52.041260 773.927700 284.046000 0.164310 87.130477 0.049310
52.254880 857.934000 260.923250 0.098640 66.767734 0.016840
52.370360 799.377600 293.002500 0.016600 60.290240 0.032720
52.419680 848.227800 257.667375 0.378170 47.768311 0.048590
52.846440 800.651435 261.945353 0.281490 122.322967 0.030520
53.158450 918.069600 296.236500 0.016840 91.566475 0.033210
53.208500 826.912800 304.888500 0.033690 48.532621 0.017090
53.259280 867.067200 277.629750 0.227780 68.303551 0.016600
53.503660 918.850800 233.089500 0.049070 38.639353 0.016360
53.569090 885.587446 252.750346 0.560790 53.932783 0.016600
54.146480 938.340480 241.531500 0.080330 31.942112 0.016600
54.243410 960.470400 264.565500 0.115970 1.123224 0.014890
54.374270 961.487520 265.042050 0.214110 67.374091 0.049800
54.638180 1000.255200 320.145000 0.016360 163.416830 0.064700
54.719240 853.104000 391.219500 0.296390 175.711975 0.048580
55.064210 997.348800 290.879400 0.100580 53.253260 0.015630
55.180420 1013.972400 240.287250 0.033450 58.235732 0.015870
55.229740 957.054000 227.970750 0.033200 82.284528 0.016850
55.279790 1039.248000 231.829500 0.032470 83.440292 0.016600
55.328860 956.592000 220.416000 0.032960 132.990144 0.067380
55.429200 1089.323200 228.711000 0.063960 62.513275 0.016120
55.509280 1094.587200 291.002250 0.032710 73.580203 0.033940
55.575930 1087.422000 217.771750 0.114740 100.491486 0.032720
55.723390 1055.124000 312.931500 0.032960 61.277650 0.015620
55.771970 1047.805920 252.092400 0.101080 85.825428 0.047360
55.920410 1133.217120 243.670350 0.510010 483.002827 0.078860
56.509280 654.570000 308.390250 0.049310 191.507083 0.066170
56.624760 839.865600 260.011500 0.018790 218.553718 0.048590
56.692140 621.432000 267.256500 0.017330 75.071875 0.016360
56.725830 546.400400 264.797750 0.131100 662.283312 0.145760
57.002690 1208.212320 289.781100 0.085930 141.624979 0.030030
57.118650 1073.234400 246.902250 0.034180 468.437645 0.063970
57.216800 605.329200 269.230500 0.083000 62.169038 0.015390
57.315190 659.971200 298.882500 0.016110 43.295535 0.019040
57.350340 622.095600 277.907700 0.212890 47.424169 0.033940
57.597170 654.001600 242.821250 0.374750 63.086563 0.018560
57.990480 703.390800 282.072000 0.032960 101.242957 0.081780
58.105220 804.365333 274.704500 0.162110 69.534107 0.016850
58.284180 864.292800 309.970500 0.016600 76.294937 0.032960
58.333740 790.157760 291.945150 0.181640 31.259039 0.017090
58.532470 764.484000 274.113000 0.114500 88.285451 0.033450
58.680420 849.458400 298.064455 0.276610 60.228522 0.016360
58.973390 903.218400 270.910500 0.017090 56.090342 0.016360
59.006840 848.946000 285.075000 0.049310 47.261641 0.016360
59.072510 894.568267 297.414833 0.165530 26.117013 0.016110
59.254150 881.706000 320.145000 0.049320 76.213325 0.048340
59.351810 834.284640 260.481900 0.117180 54.668096 0.015870
59.484860 888.804000 256.452000 0.015140 59.749886 0.016850
59.516850 839.258000 289.847250 0.130860 49.412542 0.016840
59.664550 887.083200 277.423500 0.180180 73.723315 0.016350
59.861080 953.534400 309.351000 0.017090 100.458315 0.032470
59.910640 870.844800 252.304500 0.032720 83.109169 0.032710
59.976070 945.252000 289.327500 0.016360 46.613603 0.016850
60.009280 898.917600 284.233250 0.114990 30.760671 0.016360
60.140630 917.296800 308.899500 0.098630 37.182844 0.019040
60.258300 908.695200 272.725250 0.129150 82.594847 0.049560
60.437010 991.008480 279.539400 0.114750 368.381203 0.377440
60.929200 622.629000 278.412750 0.082520 52.084739 0.015380
61.027100 593.922000 234.953250 0.033200 336.748015 0.067870
61.128170 930.479200 246.288000 0.047610 57.070588 0.017090
61.192870 985.303200 262.143000 0.032470 112.157078 0.016120
61.241460 889.056000 319.725000 0.017080 65.411792 0.015870
61.274410 954.340800 315.651000 0.050790 60.654554 0.016840
61.342040 990.657600 267.070500 0.147950 36.511400 0.016600
61.506590 956.400480 279.701100 0.098630 95.229205 0.048830
61.654050 999.936000 195.006000 0.033450 97.288955 0.049560
61.737060 1029.746118 287.615382 0.311770 58.746989 0.031740
62.080570 971.191200 292.362000 0.016350 31.277333 0.016610
62.113530 985.857600 264.736500 0.099850 39.840307 0.016110
62.229490 948.234000 251.632500 0.031980 78.745185 0.017090
62.278560 1026.215400 240.691500 0.066170 59.444442 0.015380
62.360110 1034.838000 299.507250 0.049070 94.910010 0.049320
62.458500 1126.098400 273.441000 0.099360 16.956935 0.016360
62.574220 1125.960600 256.484625 0.821040 56.651963 0.016610
63.411870 1154.286000 207.422250 0.032710 48.859557 0.018310
63.462890 1111.614000 231.220500 0.031980 45.190995 0.017340
63.512210 1096.593600 273.842250 0.277580 30.680121 0.016610
63.806400 1127.269500 273.333375 0.277830 38.025183 0.017580
64.101810 1163.172267 260.807167 0.148190 611.468517 0.295410
64.545410 552.101760 282.865800 0.180660 28.803861 0.016360
64.742430 561.194400 255.534750 0.279540 43.889929 0.016600
65.038570 533.557920 289.630950 0.179690 10.743393 0.016360
65.234620 540.254400 298.032000 0.033450 27.542605 0.033200
65.301270 551.925547 273.084467 0.804440 69.177524 0.033210
66.138920 551.275200 203.910000 0.016110 85.358784 0.017330
66.172360 568.849050 287.440125 0.278810 23.166839 0.016600
66.467770 555.038400 268.839900 0.081790 48.396127 0.017090
66.566650 603.430800 269.440500 0.049070 59.274369 0.048100
66.663820 659.395800 249.911813 0.296630 69.645923 0.031980
66.992430 715.705200 290.897250 0.033450 80.807070 0.032960
67.058840 727.356000 210.934500 0.016360 145.140464 0.049070
67.124270 730.329600 356.044500 0.016360 118.157539 0.032950
67.173580 754.756800 240.439500 0.015870 105.057881 0.047850
67.237300 843.623200 296.474500 0.049570 53.183482 0.015860
67.302730 887.017600 327.222000 0.050300 106.577943 0.051510
67.404540 803.641067 260.835167 0.164060 119.164236 0.031990
67.600590 897.061200 334.813500 0.048090 27.331856 0.016850
67.665530 882.369600 311.766000 0.133790 29.425894 0.030030
67.829350 858.144000 328.469400 0.098140 61.686467 0.016600
67.944090 919.161600 319.410000 0.032960 53.788934 0.016600
67.993650 875.520240 350.853300 0.197020 60.355932 0.032960
68.223630 874.016640 290.516100 0.098150 255.538470 0.263180
68.584960 618.508800 294.472500 0.016110 90.447101 0.032720
68.633790 542.841600 244.923000 0.016600 97.862108 0.032960
68.683350 494.243400 329.865375 0.065190 314.183425 0.067870
68.816410 804.770400 282.072000 0.015870 238.181511 0.426020
69.258300 593.502000 172.089750 0.032960 57.586972 0.032960
69.324220 603.764509 228.754909 0.213130 39.481866 0.032960
69.570310 612.225600 267.319500 0.016850 117.889516 0.032220
69.619380 560.112000 161.574000 0.017580 132.780414 0.050050
69.687010 643.356000 265.020000 0.015380 80.514880 0.049320
69.751710 576.881760 219.590700 0.098630 21.563197 0.015870
69.866210 577.567200 241.143000 0.032720 29.105486 0.115230
70.014160 603.405600 254.541000 0.032720 40.875637 0.016350
70.063230 566.798400 236.355000 0.032720 73.967868 0.016350
70.112300 567.100800 162.387750 0.049810 56.084156 0.016360
70.178470 601.750800 206.487750 0.360840 54.776281 0.016110
70.555420 649.504800 179.655000 0.033200 58.163535 0.016120
70.604740 603.461600 215.194000 0.049560 382.286301 0.100340
70.754640 984.765600 242.581500 0.016360 56.191264 0.018060
70.789060 971.157600 297.100125 0.097170 14.552639 0.017090
70.903320 977.667040 284.084500 0.260740 38.238857 0.016360
71.180420 959.922982 317.957182 0.263180 22.864961 0.032720
71.476320 948.108000 337.533000 0.016840 80.106610 0.081060
71.574220 1011.482267 288.535333 0.380130 71.626791 0.031000
71.985350 940.283400 280.717500 0.081790 61.576008 0.016600
72.083740 994.232400 251.034000 0.033690 88.457654 0.015870
72.133300 913.046400 286.156500 0.016850 70.651974 0.032470
72.182620 979.582800 309.918000 0.049800 84.788558 0.049070
72.281490 1062.398400 328.102500 0.131840 50.618310 0.049070
72.462400 1051.747200 278.617500 0.018560 23.252583 0.017090
72.498050 1050.393867 301.830667 0.145020 105.987648 0.032960
72.676030 976.698240 225.657600 0.081780 101.013374 0.017090
72.774900 1036.855050 306.804750 0.295410 66.558103 0.049320
73.119630 1103.373600 309.099000 0.015620 68.440517 0.033450
73.168700 1052.843400 262.938375 0.082030 32.501369 0.018310
73.269040 1042.339200 293.695500 0.014650 92.518065 0.066900
73.350590 1130.992800 267.235500 0.031250 92.718422 0.049800
73.431640 1157.772000 356.002500 0.032960 77.050899 0.032470
73.497070 1122.223200 287.642250 0.049070 98.618714 0.016600
73.562740 1216.521600 316.512000 0.033210 74.370898 0.016110
73.612060 1153.026933 277.789167 0.165770 383.278014 0.131350
73.909180 770.002800 291.737250 0.048100 189.786802 0.083250
74.040530 582.162000 318.845625 0.097170 22.870632 0.049560
74.187260 574.898100 297.159188 0.212640 46.853149 0.032960
74.432860 532.492800 277.234125 0.149660 157.468979 0.047850
74.630370 683.205600 322.864500 0.065670 62.916854 0.032480
74.728520 629.302800 355.314750 0.033200 78.928393 0.035160
74.796880 680.097600 294.903000 0.046870 102.116079 0.035640
74.879390 578.104800 299.919200 0.294930 56.237874 0.016350
75.190670 615.132000 342.247500 0.033700 40.160260 0.015130
75.239500 606.993600 302.920500 0.246830 140.518795 0.047850
75.534180 747.104400 292.220250 0.049070 49.489146 0.016360
75.599610 703.812480 316.199100 0.082270 25.457218 0.032960
75.714840 729.220800 314.622000 0.016120 59.312845 0.034670
75.765630 671.679339 300.234717 0.425290 96.951163 0.282710
76.473630 735.571200 227.314500 0.015630 58.435374 0.032710
76.521970 743.593200 285.196625 0.213870 58.051769 0.079350
76.815190 799.562400 269.787000 0.050290 88.233732 0.048090
76.913570 876.033200 313.803000 0.131600 62.096273 0.016110
77.061280 832.011600 270.007500 0.032960 101.904095 0.131590
77.225830 933.075360 283.067400 0.181400 20.094326 0.015870
77.423100 913.084200 281.033813 0.164060 81.192973 0.049310
77.636470 958.634400 348.246000 0.148200 166.394759 0.065670
77.850340 1121.682450 315.041344 0.279540 94.193947 0.082520
78.212400 1190.767200 379.071000 0.015870 47.005444 0.017090
78.245360 1176.560000 334.264000 0.049810 557.674112 0.179680
78.474850 618.888480 335.964300 0.100590 86.697888 0.050050
78.625490 537.773250 305.356406 0.276850 135.058685 0.066900
78.969240 669.921600 333.243000 0.147950 68.037845 0.032960
79.150150 726.398400 295.302000 0.016110 54.653266 0.016600
79.182860 687.229200 333.417000 0.082280 42.827899 0.016600
79.281740 693.362880 291.030600 0.394290 119.210526 0.080320
79.756350 800.811200 342.664000 0.180910 238.825447 0.328850
80.266110 562.438800 357.367500 0.031500 32.183938 0.016600
80.314210 564.555600 325.253250 0.132810 77.469478 0.033450
80.480470 587.368320 399.287700 0.096680 71.773439 0.033200
80.610350 643.250400 354.247500 0.148190 138.744095 0.065430
80.823970 778.133506 321.744088 0.295900 83.328193 0.015870
81.135740 845.317200 371.038500 0.049070 29.659699 0.034670
81.219480 819.308000 356.783000 0.063970 326.173581 0.265130
81.548580 505.730400 267.015000 0.017090 149.573986 0.343750
81.909420 629.113800 351.566250 0.065680 53.374402 0.016600
81.991700 590.041200 315.204750 0.032470 62.964487 0.016600
82.040770 627.523200 365.797500 0.132570 94.890288 0.064700
82.238040 532.633920 365.360100 0.082270 12.573220 0.017820
82.338130 533.500800 352.816800 0.080820 106.922344 0.345700
82.764650 637.806400 376.327000 0.049310 21.459008 0.016360
82.830320 621.495840 362.382300 0.080080 232.066747 0.098140
83.008540 851.995200 389.308500 0.016610 78.395252 0.016350
83.041500 776.764800 411.358500 0.016120 55.215160 0.016600
83.074220 830.426100 398.351625 0.166010 77.717261 0.032480
83.272710 753.832800 385.182000 0.033440 66.044270 0.047370
83.353520 794.060400 437.561250 0.034420 144.505284 0.080810
83.468750 937.288800 456.729000 0.016360 72.212237 0.132810
83.617920 1006.874400 437.430000 0.015870 75.095729 0.064940
83.698730 969.040800 372.561000 0.016850 73.238035 0.033200
83.748780 987.655200 443.394000 0.097660 84.308144 0.049560
83.896000 930.232800 381.664500 0.016840 312.751170 0.130130
84.042970 619.248000 414.857100 0.101560 112.476091 0.064940
84.209470 506.899200 409.507500 0.263920 105.132684 0.049560
84.522950 600.681200 361.991000 0.096920 91.165734 0.034180
84.654050 672.176400 418.556250 0.672610 42.168296 0.016110
85.342770 710.431680 436.296000 0.082520 16.361211 0.017340
85.442630 714.497952 420.448140 0.522950 103.912040 0.033440
85.999020 806.299200 371.763000 0.114990 84.495528 0.018560
86.132570 737.234400 420.441000 0.032470 72.271887 0.013670
86.178710 780.116400 362.265750 0.066160 38.472917 0.016600
86.261470 800.832480 394.685025 0.427740 55.504486 0.016110
86.705320 851.239200 417.921000 0.016360 70.791527 0.050540
86.772220 801.410400 468.205500 0.015380 70.933034 0.034670
86.822270 833.733600 405.065132 0.344720 104.314007 0.047120
87.214110 932.780800 437.792250 0.116940 110.104034 0.032230
87.363280 1027.622400 381.864000 0.031500 52.796761 0.016840
87.411620 978.845280 402.070200 0.114990 162.622143 0.066900
87.593510 1139.814667 425.196333 0.163080 47.041840 0.050780
87.807370 1186.847200 426.132000 0.080330 673.681808 0.297600
88.185300 514.388000 385.563500 0.050540 59.979490 0.017330
88.253170 539.787360 439.899600 0.079590 18.172233 0.017580
88.350340 537.742800 421.842750 0.474370 113.231446 0.068110
88.892820 647.785600 448.525000 0.130860 82.740497 0.016850
89.040530 632.570400 367.195500 0.031250 95.159430 0.033690
89.105470 669.550000 454.875750 0.098880 114.717338 0.032710
89.237060 602.792400 361.583250 0.032720 57.982184 0.016600
89.286380 628.630800 413.490000 0.032470 130.349192 0.032960
89.351810 758.900800 418.033000 0.113520 78.737716 0.016360
89.481690 833.162400 444.202500 0.033940 89.285215 0.065420
89.581050 748.725600 415.180500 0.015870 36.340961 0.016120
89.613040 770.535200 444.249500 0.691160 18.172666 0.016360
90.320560 775.255200 426.700500 0.179440 19.661599 0.016360
90.516360 794.684800 423.689000 0.082520 72.220401 0.016110
90.614990 840.000000 479.923500 0.016360 107.854466 0.032960
90.664310 780.561600 389.925375 0.082030 56.616893 0.032960
90.779300 764.484000 444.211500 0.131590 24.125060 0.032710
90.943600 788.160800 439.582500 0.065920 116.705560 0.083250
91.092770 900.866400 469.875000 0.015380 69.339038 0.032960
91.141110 839.230000 438.112500 0.147460 51.960926 0.049320
91.337890 874.288800 399.761250 0.048830 80.922521 0.016840
91.403560 793.368800 400.400000 0.048340 99.027776 0.049560
91.501460 823.578000 494.707500 0.033450 80.831202 0.016120
91.551030 841.587600 415.908150 0.247070 11.357645 0.033200
91.831300 832.042400 422.063250 0.147220 93.998315 0.049560
92.028080 879.211200 503.370000 0.016110 52.549200 0.032960
92.077150 867.409200 452.163250 0.114740 69.809040 0.016610
92.208500 932.719200 427.507500 0.016600 44.016244 0.016360
92.241460 904.192800 393.986250 0.033200 49.016729 0.015870
92.290530 949.006800 413.844375 0.066160 50.688227 0.016360
92.373050 931.663600 461.473250 0.427730 93.529462 0.032230
92.833010 999.390000 396.968250 0.032710 34.185750 0.065680
92.931400 984.531333 427.756000 0.344970 93.685039 0.032960
93.309330 1077.829200 436.264500 0.049310 50.274861 0.016600
93.375240 1034.779200 462.231000 0.016120 41.859505 0.032960
93.424320 1061.948160 430.386600 0.131340 15.268532 0.033210
93.588870 1054.030800 443.442000 0.312010 94.394258 0.053950
93.954830 1132.664400 495.663000 0.027590 54.366625 0.016360
93.998780 1170.771000 456.886500 0.082030 84.248074 0.051270
94.132080 1095.922800 418.215000 0.098390 425.380526 0.130370
94.360840 675.465000 482.742750 0.065430 147.896101 0.083740
94.510010 527.724960 475.950300 0.081540 27.455112 0.017090
94.608640 543.828000 453.713500 0.361820 93.133253 0.049070
95.019530 624.338400 406.896000 0.016110 42.202675 0.016610
95.052250 609.228900 446.301187 0.148190 119.909056 0.082520
95.282960 729.120000 448.376250 0.048580 49.503958 0.065190
95.396730 683.154212 429.997235 0.345700 47.069865 0.016850
95.759280 729.523200 421.904700 0.163570 169.732062 0.064210
95.987060 893.785200 464.647750 0.114500 47.398353 0.018070
96.119630 846.420960 466.445700 0.117920 71.432828 0.031000
96.268550 911.106000 496.752375 0.067390 68.603249 0.018800
96.354740 884.536800 433.503000 0.011230 33.489377 0.016840
96.382810 894.314400 465.533250 0.066160 41.534646 0.016360
96.465330 866.491500 434.694750 0.131590 35.612566 0.032960
96.629880 901.549600 440.954500 0.051520 70.593115 0.061280
96.742680 834.148000 419.968500 0.065430 29.132798 0.016840
96.824950 822.460800 393.282750 0.032960 133.701284 0.049070
96.906980 870.408000 518.091000 0.150150 130.659305 0.293460
97.350590 912.772000 394.490250 0.115470 170.859231 0.068120
97.534180 914.474400 565.341000 0.017090 92.728366 0.014890
97.566160 908.594400 472.799250 0.065920 32.147931 0.017090
97.649170 919.682400 442.624000 0.062260 40.114604 0.017090
97.728520 888.820800 416.997000 0.016110 100.086370 0.032960
97.777590 985.706400 442.106000 0.049560 73.862016 0.100580
97.927730 912.760800 453.705000 0.016120 96.114925 0.017090
97.960940 913.542000 549.816750 0.048830 173.120519 0.065430
98.075200 1051.331400 445.008375 0.066160 8.293530 0.016110
98.157470 1052.494800 453.219900 0.343510 133.358839 0.229490
98.730470 922.026000 425.607000 0.148440 92.121844 0.016110
98.895020 869.475600 501.270000 0.032960 79.502276 0.034180
98.962160 888.254769 424.017462 0.245600 105.657275 0.015870
99.223630 981.120000 474.411000 0.017340 131.096129 0.197990
99.438960 1111.969600 466.375000 0.081790 454.746086 0.195560
99.716310 657.283200 459.007500 0.019770 111.412902 0.065430
99.801510 548.711520 484.008000 0.096440 58.086630 0.016360
99.914310 557.247600 426.552000 0.050050 57.963278 0.016350
99.980710 559.255200 484.480500 0.016600 140.049233 0.033450
100.030760 697.032000 459.354000 0.047850 108.170467 0.017090
100.095700 616.425600 531.489000 0.015140 55.637583 0.016850
100.127690 667.704240 509.901000 0.231690 112.441287 0.477290
100.836670 558.881723 538.197692 0.226560 23.681807 0.017340
101.080570 536.474400 530.533500 0.016110 22.561914 0.016850
101.113530 516.917800 519.282750 0.229000 62.821233 0.017090
101.359620 513.996000 582.036000 0.031980 92.435759 0.036130
101.427730 585.782400 523.803000 0.016610 46.987524 0.015620
101.459960 552.501600 556.972500 0.017090 147.835366 0.048340
101.525390 687.456000 496.618500 0.034420 14.238045 0.017090
101.576900 692.899200 509.775000 0.017340 76.198667 0.044190
101.638430 634.622800 558.867750 0.098390 89.625821 0.049560
101.786380 631.780800 469.287000 0.016350 90.946528 0.098640
101.901370 721.530600 483.992250 0.081780 136.242195 0.035160
102.018310 775.059600 609.278250 0.032960 48.256990 0.016110
102.067380 757.367100 564.381562 0.147460 35.716296 0.016120
102.230960 735.893760 535.841250 0.181640 116.113150 0.063230
102.475830 852.003600 536.718000 0.098880 20.415414 0.016600
102.591310 835.522800 548.766750 0.035150 54.610596 0.015870
102.642330 878.388000 514.930500 0.032470 24.679367 0.016120
102.690920 892.197600 535.384500 0.148190 100.116652 0.049320
102.888430 940.800000 622.912500 0.016360 97.722297 0.032950
102.937740 923.160000 526.795500 0.016610 99.944941 0.048820
103.003170 958.490400 620.287500 0.016120 38.646377 0.018060
103.037350 967.752800 582.767500 0.097420 74.555444 0.015860
103.150630 1011.931200 522.711000 0.018070 73.418512 0.013180
103.181880 1069.390000 568.414000 0.099610 33.719885 0.016120
103.297610 1055.392800 537.736500 0.016350 51.019177 0.082040
103.396000 1104.499200 551.575500 0.065430 24.612568 0.016840
103.478270 1082.121600 541.327500 0.032960 70.428172 0.016360
103.527590 1122.508800 483.630000 0.032710 58.743001 0.049560
103.609860 1084.765920 528.643500 0.098150 9.821200 0.016840
103.724850 1075.037600 529.991000 0.130620 41.381310 0.016600
103.872070 1115.956800 523.824000 0.083010 83.018956 0.033200
103.988280 1147.490400 447.027000 0.015870 51.479229 0.015630
104.019780 1150.121700 498.438937 0.180660 80.347872 0.033200
104.233640 1070.284320 507.481800 0.098880 42.384374 0.032710
104.365230 1049.445600 544.389563 0.149170 76.115765 0.032720
104.547120 1068.169200 618.166500 0.034180 113.219281 0.030270
104.611570 1152.695600 542.841250 0.298100 427.858913 0.063470
104.973140 724.848600 546.034125 0.065920 176.253110 0.083500
105.122560 548.712436 552.453682 0.262450 43.718513 0.017580
105.402590 506.772000 564.795000 0.015620 52.798678 0.016850
105.435060 519.632400 513.586500 0.033450 165.993790 0.048580
105.517090 684.966240 528.373650 0.164310 116.932471 0.032960
105.714360 781.905600 593.764500 0.017090 35.933456 0.016840
105.748290 788.260800 558.397500 0.114990 94.603215 0.032720
105.896000 698.124000 529.672500 0.015620 33.002742 0.032470
105.944090 730.792800 534.355500 0.262700 63.992910 0.049310
106.256100 745.869600 596.547000 0.016360 70.684564 0.030760
106.303220 775.924800 532.570500 0.017090 282.648840 0.098880
106.419190 1054.944800 577.717000 0.049070 32.820949 0.016600
106.484860 1026.869760 560.716800 0.082030 105.459681 0.049320
106.616210 1001.145600 662.991000 0.016110 141.912559 0.082280
106.714600 1139.409600 631.018500 0.016600 378.943513 0.147710
106.878910 777.504000 518.668500 0.017820 56.001768 0.034180
106.930910 722.164800 527.257500 0.015130 155.524249 0.031500
106.977540 877.039800 541.453500 0.082520 78.218012 0.032710
107.092770 804.162800 569.861250 0.113770 54.608825 0.577640
107.784180 751.283400 556.227000 0.247560 13.423374 0.015620
108.047360 744.811200 567.987000 0.016600 181.101886 0.065680
108.129640 591.208800 663.925500 0.016600 82.441586 0.015870
108.162110 559.305600 587.907075 0.345210 64.534909 0.031990
108.539310 577.073280 649.947900 0.082270 117.160376 0.032960
108.654540 654.326400 561.865500 0.016600 77.172570 0.032470
108.703610 647.564400 638.741250 0.033940 79.350730 0.016110
108.753660 625.989000 562.380000 0.064700 74.959463 0.017580
108.835940 638.240400 636.331500 0.032220 53.107443 0.016610
108.884770 669.075273 593.092500 0.245850 67.704831 0.017090
109.147710 707.454720 648.868500 0.081540 67.389962 0.017090
109.246340 749.784000 596.431500 0.013910 64.478455 0.016610
109.276860 814.262400 596.347500 0.049560 100.844590 0.032470
109.358890 850.164000 690.585000 0.016350 139.337287 0.033210
109.408450 744.223200 600.078500 0.050780 65.033050 0.032960
109.492190 679.575508 593.009308 0.246820 5.675197 0.032960
109.771970 681.698400 598.272500 0.345220 61.499475 0.016350
110.133540 702.996000 655.966500 0.032720 66.579529 0.016600
110.182860 738.267600 599.497500 0.032720 66.541383 0.033690
110.249270 689.631600 644.910000 0.032470 65.930264 0.016110
110.297850 749.166600 616.583625 0.065920 68.773317 0.016600
110.380370 811.658400 645.298500 0.016850 43.021591 0.015380
110.412600 792.804000 606.628500 0.115960 25.156427 0.015870
110.544430 790.673520 581.562450 0.164800 85.441806 0.015870
110.725100 838.731600 652.207500 0.033200 93.595029 0.049560
110.807860 831.343800 558.904500 0.083010 68.201221 0.015380
110.906250 895.081600 583.171750 0.097660 3.385122 0.017090
111.021000 891.706200 582.915375 0.065910 118.454542 0.049320
111.136230 1006.454400 553.515900 0.098150 93.026887 0.033930
111.268310 978.936000 642.379500 0.181150 85.711634 0.015140
111.464600 925.898400 575.048250 0.032230 51.249124 0.016350
111.513180 975.088800 589.428000 0.016610 132.491532 0.113520
111.643310 844.292400 568.302000 0.033200 62.109186 0.015870
111.692380 899.833200 596.100750 0.052250 88.038713 0.015140
111.759770 852.661600 670.435500 0.131100 73.924134 0.017330
111.908200 845.258400 743.988000 0.032720 153.016500 0.050540
111.991460 904.117200 602.744625 0.096430 84.085304 0.049320
112.137210 986.844600 617.795063 0.181390 103.022177 0.082030
112.400630 1087.360800 595.210500 0.114020 390.089596 0.064450
112.579100 699.367200 635.594400 0.098630 133.411543 0.116460
112.794190 571.132800 672.399000 0.016850 78.067259 0.032950
112.843990 573.988800 594.384000 0.016360 84.377066 0.032720
112.893070 567.218400 678.489000 0.016840 84.017844 0.016120
112.926030 610.713600 606.606000 0.016110 150.038438 0.032710
112.974850 548.822400 743.284500 0.016610 131.341920 0.032470
113.023930 535.291680 612.641400 0.115230 13.921157 0.033450
113.172610 541.161600 625.264500 0.016600 82.832931 0.377930
113.567140 623.896000 629.303500 0.048090 50.797486 0.017090
113.632320 579.408480 604.783200 0.081550 54.995489 0.018060
113.731930 576.000600 659.673000 0.066170 127.041145 0.032950
113.831050 664.860000 568.879500 0.017090 98.809673 0.048100
113.896240 641.111520 664.792800 0.081540 132.751852 0.050050
114.027830 773.035200 649.987500 0.114260 33.645579 0.016110
114.158200 790.339200 621.132750 0.049080 89.957324 0.016350
114.223630 737.066400 693.619500 0.016120 62.785308 0.031000
114.270750 751.825200 632.593500 0.049810 90.004010 0.049310
114.369870 831.944400 591.585750 0.049320 61.516477 0.019290
114.438480 793.803733 639.851333 0.163570 77.333495 0.016850
114.618900 797.378400 562.600500 0.016110 131.398276 0.032960
114.667970 748.524000 684.579000 0.032960 36.293773 0.018550
114.719480 737.766400 649.916167 0.162600 60.401817 0.016110
114.898190 681.184560 628.776750 0.164310 69.557763 0.032960
115.095460 738.897600 667.603125 0.098630 73.665304 0.049320
115.243410 751.010400 594.940500 0.096430 61.219867 0.048830
115.388670 709.178400 639.639000 0.049560 31.368368 0.016850
115.455080 734.212080 620.736900 0.163820 127.454368 0.065670
115.684570 820.310400 714.714000 0.017090 136.531480 0.049320
115.750980 807.996000 578.739000 0.032470 83.095262 0.032710
115.816160 793.912000 660.632000 0.049320 52.036150 0.082520
115.948000 844.586400 648.805500 0.032710 134.320849 0.081790
116.062500 924.672000 756.640500 0.016600 61.993539 0.018800
116.097900 882.235200 711.448500 0.031980 55.810589 0.016120
116.146000 864.696000 658.465500 0.018310 128.054584 0.031980
116.196290 890.114400 783.972000 0.015380 130.960185 0.047610
116.259280 912.760800 654.984750 0.066160 93.080809 0.065430
116.390870 1005.568800 662.106000 0.131590 63.191796 0.016600
116.539060 951.451200 694.732500 0.018800 123.362839 0.031740
116.589600 1073.969867 680.325333 0.180420 83.949940 0.051510
116.821530 991.552800 664.356000 0.016120 171.873935 0.065910
116.903560 1007.311200 835.506000 0.017090 303.741889 0.061530
116.982180 989.318400 532.297500 0.034180 146.704427 0.015620
117.031980 976.936800 678.478500 0.016360 66.686294 0.033450
117.081790 1043.599200 676.693500 0.032710 87.910437 0.066900
117.181400 988.293600 745.027500 0.033440 261.244190 0.081790
117.296630 1021.053600 1004.209500 0.016360 332.678712 0.180420
117.493410 1054.620000 673.228500 0.016360 449.543661 0.130120
117.639890 606.849600 633.339000 0.064700 59.160742 0.116700
117.821290 547.780800 630.042000 0.016840 53.510718 0.033210
117.871340 561.036000 681.885000 0.262450 275.118073 0.047850
118.181640 826.106400 608.212500 0.016600 89.668000 0.016120
118.214360 744.240000 644.794500 0.016840 110.214751 0.049320
118.280520 758.452800 535.500000 0.034420 131.040249 0.016360
118.331300 628.756800 554.221500 0.017820 180.218103 0.031500
118.380620 794.388000 625.248750 0.066160 31.079198 0.015620
118.462400 824.573400 617.848875 0.066650 145.110690 0.032470
118.561520 766.096800 750.655500 0.032470 84.566622 0.082770
118.676760 697.317600 701.452500 0.017090 68.088794 0.015130
118.708980 701.568000 633.496500 0.016360 41.948536 0.016360
118.741700 716.811200 672.577500 0.048580 78.283757 0.018070
118.808350 646.010400 705.978000 0.032230 61.029246 0.016840
118.857420 650.465760 645.111600 0.081540 358.178649 0.080820
119.019780 1004.203200 588.882000 0.016350 88.440395 0.016850
119.052980 1031.906400 672.871500 0.065430 63.824666 0.213620
119.332030 970.082400 657.016500 0.016360 153.245351 0.149410
119.497800 816.933600 651.577500 0.082030 12.859855 0.016610
119.596440 816.715200 664.435500 0.130850 28.206901 0.017090
119.744380 843.523800 655.664625 0.065190 76.282518 0.016110
119.825680 769.784400 636.132000 0.032720 40.417263 0.017090
119.875490 800.268000 662.670750 0.049310 23.926734 0.016120
119.940920 788.508000 641.833500 0.032960 201.444979 0.100830
120.074710 986.613600 678.360900 0.162590 42.749771 0.098640
120.335940 1012.099200 644.038500 0.032960 349.145504 0.424560
120.793460 666.187200 691.446000 0.016600 45.914091 0.016360
120.826420 631.471680 661.397100 0.084220 114.455596 0.048830
120.959470 745.886400 664.455750 0.099120 26.495129 0.016360
121.074950 722.766800 677.397000 0.148190 102.730071 0.081550
121.304690 621.751200 658.707000 0.015870 71.272538 0.049560
121.370120 592.317600 723.618000 0.032470 77.771208 0.049310
121.451900 654.057600 676.326000 0.048830 72.285298 0.017340
121.518070 585.286800 698.591250 0.033200 64.500047 0.016360
121.567630 649.026933 688.719500 0.148190 242.296066 0.062990
121.778810 885.606400 636.398000 0.065670 50.387283 0.016600
121.861080 865.536000 682.615500 0.131600 71.566266 0.015860
122.008540 801.047520 651.583800 0.083010 97.055294 0.034180
122.125730 766.080000 561.046500 0.016120 137.115688 0.033440
122.175290 827.400000 683.686500 0.016120 65.548976 0.016840
122.208250 800.856000 623.752500 0.016120 68.244338 0.016350
122.240720 761.854800 679.754250 0.047610 83.153632 0.016600
122.304930 818.445600 618.828000 0.032470 96.721440 0.065920
122.403320 729.607200 580.581750 0.049560 129.763723 0.098880
122.551760 847.112000 635.638500 0.081540 35.195706 0.016850
122.650150 854.627200 670.022500 0.065430 97.056065 0.034910
122.750490 764.316000 634.473000 0.032220 77.832134 0.016120
122.798830 841.345867 623.326667 0.195800 140.949114 0.295650
123.290280 899.438400 751.747500 0.032960 158.206946 0.049320
123.372560 930.451200 906.885000 0.016600 293.960134 0.230710
123.619870 943.874400 613.231500 0.016120 115.936203 0.034660
123.670650 934.810800 728.812875 0.082040 115.175387 0.178460
123.931150 950.846400 842.866500 0.017820 120.267154 0.032960
123.981930 977.692800 725.634000 0.032720 62.223826 0.014400
124.029050 996.727200 784.875000 0.066160 163.695283 0.032960
124.128170 1012.552800 621.946500 0.032470 120.680932 0.115240
124.275880 992.090400 740.880000 0.032710 117.456152 0.049320
124.357910 1014.300000 625.542750 0.049560 98.234232 0.049320
124.456790 991.603200 721.119000 0.016600 96.339657 0.032470
124.505860 1023.069600 630.063000 0.016850 64.097398 0.081540
124.604250 1030.621200 693.714000 0.049560 35.350284 0.016600
124.670410 1022.834400 659.232000 0.032470 31.307281 0.264410
124.967290 1045.111200 681.229500 0.032950 515.701685 0.297610
125.297850 529.418400 684.256650 0.164310 554.616444 0.292720
125.754880 1082.508000 725.382000 0.049320 367.594270 0.493160
126.297360 1437.234071 628.971618 0.311770 62.227273 0.032960
126.642090 1377.314400 645.760500 0.033200 54.202801 0.015870
126.691160 1426.042800 622.022625 0.082030 916.709466 0.215820
126.989010 511.711200 688.007250 0.049080 28.208658 0.034420
127.072510 537.818400 698.691000 0.096680 43.248651 0.017330
127.186520 543.438000 741.573000 0.048340 82.875351 0.033450
127.268310 537.062400 658.943250 0.051270 99.618392 0.064210
127.383790 628.721100 697.962562 0.130860 17.506253 0.016840
127.531490 644.468160 690.314100 0.082040 40.799461 0.016110
127.629640 609.372960 711.120900 0.082270 27.238307 0.016610
127.728520 598.133200 686.309750 0.131100 47.112440 0.049560
127.909180 642.892320 701.013600 0.164060 136.867213 0.049320
128.122560 770.941920 652.682100 0.114010 29.899473 0.035400
128.271970 792.691200 673.199100 0.082280 36.605055 0.016110
128.370360 756.087360 673.497300 0.080570 108.691614 0.017330
128.468260 794.085600 775.330500 0.015380 59.839345 0.034670
128.518310 786.021600 716.037000 0.015870 108.393857 0.064700
128.598880 885.691800 673.433250 0.098630 27.709209 0.016360
128.713870 867.535200 694.365000 0.033440 68.862722 0.049080
128.796390 803.980800 667.852500 0.034660 93.088254 0.031010
128.862060 832.715520 756.394800 0.081790 169.680520 0.096680
129.040530 983.522400 678.621000 0.147460 104.667848 0.017330
129.205320 917.868000 760.137000 0.032230 76.073622 0.015870
129.253420 963.938640 699.600300 0.216060 23.292085 0.032470
129.501950 982.144800 685.072500 0.016120 35.603903 0.016350
129.534420 978.600000 720.499500 0.031250 120.498062 0.065920
129.631590 984.110400 840.871500 0.016120 99.777692 0.049560
129.697270 1029.571200 752.052000 0.032470 92.729966 0.049560
129.779300 965.130600 685.371750 0.100090 175.352459 0.096930
129.976320 1128.918000 747.999000 0.049560 550.505615 0.314210
130.340090 580.809600 799.317750 0.034180 69.835183 0.015620
130.389890 525.067200 757.249500 0.016600 44.946339 0.016120
130.422610 558.910800 786.826250 0.098390 73.087474 0.017090
130.538090 550.905600 714.178500 0.016350 51.721957 0.017090
130.571530 582.548400 755.091750 0.031250 40.783062 0.017090
130.619870 546.861000 735.351750 0.098390 91.293679 0.032960
130.751220 597.357600 811.408500 0.016850 127.898882 0.032710
130.800780 539.401800 697.394250 0.064450 48.284102 0.016850
130.882080 578.467680 725.770500 0.082520 44.255551 0.016360
130.980960 554.190000 688.768500 0.034180 83.718521 0.014890
131.030030 631.495200 720.904100 0.279300 92.155117 0.065670
131.375000 543.053280 746.799900 0.081790 53.660873 0.016840
131.473630 525.478800 797.501250 0.032960 56.939189 0.032720
131.539310 538.852800 742.155000 0.115230 44.803847 0.033200
131.687740 529.397400 698.360250 0.065430 163.730510 0.114510
131.867680 686.823200 743.358000 0.148430 37.296824 0.049320
132.065430 683.625600 780.517500 0.032710 63.913855 0.016360
132.114500 625.699200 753.508000 0.081540 53.601549 0.017090
132.213130 628.009200 699.956250 0.049320 276.183330 0.361090
132.623540 903.911400 712.414500 0.066160 318.253354 0.114740
132.804440 587.714400 748.534500 0.033690 64.683257 0.015870
132.854000 587.896800 813.217500 0.115480 111.634808 0.049070
133.018550 522.328800 722.867250 0.032230 61.712400 0.017090
133.067870 571.735200 759.846000 0.114500 50.013185 0.016850
133.199220 608.865600 793.352000 0.081790 100.377020 0.034180
133.315190 692.966400 848.148000 0.015130 109.304816 0.066160
133.396480 654.234000 745.935750 0.032960 51.136734 0.015380
133.444820 694.688400 777.215250 0.032230 74.140496 0.033200
133.510250 673.394400 848.232000 0.015870 91.997683 0.033940
133.560060 623.527200 770.922000 0.114990 35.666875 0.016600
133.691650 650.962200 793.713375 0.082280 69.844939 0.016350
133.790280 657.820800 724.206000 0.016360 108.612253 0.033200
133.839840 637.383600 830.878125 0.065190 110.823231 0.065670
133.970700 723.691500 761.360250 0.164800 46.176920 0.016600
134.152100 759.948000 789.957000 0.015380 44.116841 0.016850
134.184330 717.830400 776.826750 0.032470 38.953172 0.017820
134.234620 744.004800 805.675500 0.015380 26.733343 0.015870
134.265870 719.389440 795.246900 0.082270 70.773944 0.033450
134.381590 721.694400 724.510500 0.018310 93.824926 0.047610
134.447510 688.010400 812.080500 0.015620 73.573599 0.033700
134.496830 731.035200 752.398500 0.017820 56.306958 0.014160
134.528810 685.608000 785.667750 0.032960 160.100290 0.049800
134.611570 720.199200 941.986500 0.016120 149.782524 0.016840
134.644530 720.115200 792.204000 0.016600 64.460465 0.016360
134.677490 780.400800 815.025000 0.131100 24.119539 0.016360
134.824950 782.854800 791.030625 0.066160 17.564836 0.017090
134.908200 799.260000 797.307000 0.015380 55.042017 0.017580
134.941160 762.445600 756.388500 0.097900 100.492885 0.032470
135.071530 735.621600 853.235250 0.032720 116.860576 0.017090
135.121340 828.307200 924.409500 0.016840 128.048910 0.049560
135.187740 787.836000 802.924500 0.015630 62.996436 0.018310
135.221680 832.406400 758.404500 0.016360 83.031393 0.032960
135.271000 756.873600 792.886500 0.032220 129.424324 0.063970
135.367190 878.852800 836.150000 0.082030 60.206931 0.016840
135.466060 892.976000 777.623000 0.081060 58.673891 0.066160
135.613280 834.389640 780.826725 0.362550 69.021707 0.032470
136.008300 902.731200 790.492500 0.016360 66.127335 0.030520
136.055180 951.160000 835.520000 0.083740 20.752738 0.016600
136.155520 964.969600 820.029000 0.081050 135.234473 0.115240
136.351810 876.523200 717.727500 0.017330 118.794156 0.031980
136.401120 833.834400 828.586500 0.032720 91.123161 0.052730
136.486570 879.866400 749.945000 0.064210 106.258584 0.031980
136.582760 859.958400 854.322000 0.015630 102.994650 0.049560
136.647950 863.251200 751.380000 0.032960 22.452293 0.016360
136.697270 878.707200 767.665500 0.032950 69.888356 0.017340
136.747560 814.506000 795.280500 0.049320 65.923616 0.033200
136.830080 876.960000 774.175500 0.032960 129.589788 0.096190
136.959230 1005.093600 793.548000 0.016840 55.995461 0.015870
136.991940 957.398400 822.885000 0.035650 72.256144 0.062500
137.090090 1003.900800 767.581500 0.051510 122.859188 0.047360
137.188960 969.922800 885.648750 0.032960 80.107292 0.082280
137.304200 1041.339600 849.360750 0.082030 497.760868 0.213380
137.599610 543.614400 843.402000 0.016360 60.910670 0.018550
137.634520 566.160000 786.817500 0.032470 88.098821 0.032960
137.699950 636.356700 840.051188 0.131590 143.960348 0.049080
137.880620 495.549600 810.085500 0.032950 85.255168 0.016610
137.930180 569.536800 852.445125 0.081540 67.603363 0.017580
138.029300 576.592800 785.211000 0.016110 79.624336 0.032960
138.078370 589.108800 863.845500 0.031980 107.677139 0.016360
138.126710 510.048000 790.744500 0.033450 119.621981 0.016840
138.177000 608.731200 858.354000 0.032470 57.151183 0.016360
138.225830 554.941800 839.041875 0.098630 147.388212 0.049560
138.374020 701.307600 821.711625 0.098150 91.134726 0.032960
138.505130 753.656400 896.311500 0.032710 158.864069 0.032720
138.570560 662.961600 765.880500 0.016350 190.446773 0.016850
138.603760 713.059200 949.620000 0.015870 109.621012 0.049560
138.669190 658.994000 854.259000 0.444090 102.914556 0.032230
139.145510 760.027800 873.844125 0.131350 43.739151 0.017330
139.294190 739.305600 912.363000 0.114260 53.705372 0.016110
139.424560 749.229600 859.582500 0.016360 99.649282 0.097900
139.538820 652.750560 834.647100 0.099360 113.828776 0.065190
139.703370 758.906400 875.731500 0.016110 31.102848 0.017820
139.737300 739.512480 851.415600 0.098640 66.290574 0.016600
139.852540 746.239200 917.364000 0.016360 105.509202 0.082030
139.950930 731.841600 812.841750 0.049800 38.972747 0.015870
140.016600 738.964800 851.158000 0.066160 179.494355 0.081550
140.164310 775.068000 1026.984000 0.016600 182.114045 0.032960
140.213870 819.821333 850.454500 0.147210 45.075442 0.017090
140.378170 857.337600 825.468000 0.016610 78.584797 0.015860
140.410640 886.569600 898.413600 0.115480 47.985933 0.048590
140.574710 864.141600 855.991500 0.016600 37.099848 0.032960
140.624270 894.102720 877.871400 0.114500 75.826286 0.032230
140.771000 862.730400 808.839500 0.068600 65.988879 0.047610
140.887210 920.774400 840.231000 0.032710 68.474048 0.016850
140.936770 967.545600 890.242500 0.016360 60.251953 0.017820
140.970950 930.574400 842.667000 0.064690 75.583785 0.048340
141.083980 961.531200 911.620500 0.017090 73.044562 0.065430
141.166500 969.906000 839.057625 0.066170 177.625909 0.066890
141.299560 970.015200 1016.683500 0.015380 196.942664 0.033690
141.348630 934.161200 823.032000 0.097170 52.758777 0.129640
141.575440 986.899200 824.512500 0.033200 24.019015 0.031990
141.640630 993.216000 801.339000 0.016600 162.884151 0.017090
141.674320 953.601600 959.332500 0.032470 105.929198 0.016840
141.723630 987.218400 858.879000 0.015870 27.488711 0.016600
141.756100 962.566080 871.040100 0.114990 73.050353 0.033210
141.904300 956.911200 943.871250 0.050050 158.048101 0.064200
142.018550 1013.930400 796.467000 0.032960 83.204012 0.049560
142.101070 1037.932000 876.134000 0.049320 26.924365 0.132810
142.283200 1062.121200 864.310125 0.063970 57.371056 0.016600
142.363770 1026.984000 818.958000 0.032470 216.865557 0.066160
142.462400 918.573600 1006.782000 0.016120 96.940842 0.065910
142.544430 942.160800 912.754500 0.016850 66.605294 0.032470
142.593750 988.369200 960.723750 0.049070 97.560018 0.032960
142.675780 1000.568800 863.929500 0.065680 105.039599 0.066160
142.807620 1104.516000 879.039000 0.032710 33.418653 0.015870
142.856200 1072.772400 889.486500 0.049810 110.714289 0.048820
142.954830 1095.315200 781.091500 0.049560 74.786579 0.048590
143.052980 1025.136000 806.935500 0.050780 89.503392 0.050290
143.154050 1010.990400 895.314000 0.017340 151.565598 0.080320
143.251710 1153.404000 843.444000 0.019530 171.108051 0.062260
143.333500 1030.226400 962.209500 0.016600 93.637835 0.032470
143.382570 1087.010400 887.754000 0.016840 513.057011 0.098390
143.497800 575.433600 848.809500 0.016120 50.370100 0.016600
143.530520 608.720509 886.613318 0.200440 54.383830 0.015620
143.746580 577.054800 842.399250 0.032230 49.775917 0.017090
143.795900 590.419200 890.347500 0.017090 145.091464 0.048090
143.861080 488.426400 787.153500 0.016120 90.165337 0.016110
143.893310 543.890836 858.241364 0.179930 37.371487 0.015870
144.089110 545.099520 895.593300 0.098630 139.736926 0.082520
144.270260 679.812000 858.459000 0.049080 244.749986 0.163080
144.482420 923.038200 885.727500 0.098390 103.870978 0.082280
144.663090 1016.782200 840.992250 0.098630 83.973345 0.016110
144.777830 1040.760000 760.515000 0.032960 67.835074 0.065670
144.876460 1101.534000 790.650000 0.049320 46.476256 0.147950
145.073730 1127.011200 829.521000 0.032960 63.628505 0.066160
145.172850 1160.048400 883.900500 0.049070 418.993409 0.364020
145.585940 741.745200 859.860750 0.084230 154.669949 0.096680
145.766850 588.050400 877.201500 0.032470 46.367463 0.015870
145.815190 541.951200 872.221000 0.049310 445.878908 0.064210
145.928710 987.025200 845.441625 0.081540 56.972454 0.134280
146.144530 968.520000 899.325000 0.017090 69.900180 0.048340
146.209960 957.572000 830.287500 0.098390 45.376602 0.018070
146.326420 955.483200 875.616000 0.014890 58.568057 0.033450
146.374760 1011.108000 857.283000 0.015620 43.786001 0.018310
146.408690 973.974400 880.484500 0.050290 75.184845 0.028320
146.487300 1043.884800 852.820500 0.016360 57.336743 0.049560
146.553220 990.214400 872.994500 0.065430 40.829365 0.016120
146.634770 1010.027200 837.294500 0.066160 76.488786 0.016360
146.717290 1005.463200 913.647000 0.016600 133.963899 0.016350
146.750240 985.017600 781.252500 0.016360 134.452867 0.032960
146.799560 1015.996800 912.087750 0.049070 123.512998 0.196540
147.045170 1073.100000 802.567500 0.033440 31.920686 0.115240
147.193850 1101.542400 817.057500 0.048580 146.798541 0.049320
147.291750 1060.634400 958.041000 0.032960 193.279747 0.016600
147.341310 1028.042400 767.529000 0.032960 105.442514 0.147700
147.521970 1033.636800 872.823000 0.049070 375.214656 0.281010
147.852050 658.509600 880.923750 0.165280 78.417334 0.016120
148.033450 674.444400 957.705000 0.048090 230.987038 0.064460
148.146000 839.176800 795.784500 0.016600 73.230188 0.017330
148.179930 904.041600 829.773000 0.015630 41.873377 0.016600
148.212160 862.276800 826.759500 0.016110 0.000000 0.016600
