0.049070 1.248614
0.441880 0.837266
0.721270 -1.556061
0.819850 -0.445446
0.885740 -1.055702
0.984240 1.501547
1.528410 0.347874
1.706970 0.131845
1.855480 0.246146
2.023350 0.535377
2.250120 -0.521964
2.350680 -0.449545
2.447020 -3.658847
2.594560 0.822646
2.906890 -0.145908
3.070850 -0.103827
3.137100 -0.231642
3.235790 -0.052797
3.399220 0.326857
3.580520 0.074956
3.761980 0.091860
3.909760 -4.165767
4.040450 -0.267717
4.122860 0.112565
4.321880 -0.176945
4.516750 -0.608324
4.582200 0.745654
4.911820 0.699672
5.208820 -0.037812
5.304720 -0.110265
5.403820 -1.161626
5.469240 -0.488616
5.518200 0.362927
5.649930 -4.017148
5.781620 0.404775
5.978470 0.202894
6.143400 0.209836
6.356370 0.173652
6.570370 -0.499756
6.636310 1.119813
6.997380 0.090725
7.112060 -3.499793
7.309200 -0.158166
7.473800 -0.379448
7.572160 -0.919888
7.787400 -1.020401
7.867950 -0.981596
7.917470 -0.130238
8.114530 1.068789
8.409790 -0.554399
8.460600 -0.116434
8.509020 -3.701610
8.624050 -0.974930
8.724550 -1.473813
8.804860 -0.346356
8.853730 -0.627682
8.903870 -0.718616
8.952940 -0.230117
9.051160 0.276845
9.247940 0.001075
9.428540 1.020334
9.822780 -0.079312
10.021300 -0.434390
10.069350 -0.981796
10.151690 0.483765
10.434480 -0.775251
10.594830 1.994268
11.171200 -0.684082
11.221370 0.308899
11.482180 0.755359
11.793980 -3.561978
12.007860 -0.063971
12.106000 1.187223
12.467620 0.377382
12.648590 0.140785
12.746990 -0.437229
12.796310 -0.634941
12.829150 -0.177527
12.895020 -0.590340
12.945220 -0.925822
12.993710 -0.728517
13.092220 1.769412
13.624340 -0.401911
13.683620 0.113104
13.864170 0.716814
14.127150 -2.710501
14.505160 0.948627
14.818970 0.061527
15.031050 0.547525
15.228130 0.070201
15.408570 0.159074
15.507030 -0.642443
15.622120 -0.029773
15.688060 0.438142
15.852200 0.161090
16.016330 0.948686
16.295820 0.855228
16.492860 3.058697
17.298250 -0.678268
17.331020 2.659217
17.971250 0.103032
18.168170 -4.359797
18.302410 0.752370
18.710240 0.854233
19.039000 0.868055
19.367650 0.653642
19.580570 0.832394
19.811070 -0.016901
19.892810 -0.617308
19.942540 -0.025118
20.090500 -0.763362
20.139560 -0.095786
20.189100 0.461014
20.337510 0.455674
20.484920 -4.400070
20.649260 -0.509703
20.682190 -0.454304
20.731490 -0.402934
20.764250 -0.106887
20.928050 -0.521024
20.977390 -0.772230
21.026630 -0.450646
21.075990 -0.436296
21.108760 -0.710372
21.240390 2.141132
21.913700 0.402511
22.062410 -0.160211
22.209980 -0.118097
22.242630 0.511927
22.505660 -2.628887
22.817290 -0.833402
22.899250 -0.260454
22.964800 -0.349645
23.080220 -1.000656
23.179370 0.361025
23.409610 -0.020591
23.540650 1.013448
23.836350 0.212801
24.016300 -0.137952
24.182920 -0.140316
24.280180 -0.294219
24.378300 0.018262
24.460240 -3.640428
24.624370 0.251466
24.969560 0.314069
25.118030 -0.670272
25.167450 -0.181005
25.347470 0.892749
25.761670 0.312811
25.906520 -0.683413
26.135760 0.992857
26.464490 -0.270039
26.497510 -0.252917
26.579320 0.174815
26.694600 -3.172144
26.959200 0.163005
27.088700 0.342725
27.335130 0.259104
27.483200 -0.716535
27.532520 0.654928
27.877440 0.414620
28.123810 -0.720166
28.222260 -0.209445
28.337360 -0.448496
28.471370 1.093083
28.782410 -3.761529
28.879490 0.173262
29.011350 0.387148
29.109710 0.648046
29.371930 0.042142
29.552780 1.345006
29.898680 -0.064809
29.997180 2.179544
30.588100 -0.263686
30.637620 -0.116586
30.686900 -0.015023
30.788730 -0.656070
30.834900 -0.084367
30.884260 -0.261470
31.031740 -0.392202
31.064220 0.107921
31.228960 0.393542
31.425740 0.229442
31.474900 1.876715
31.952670 0.195267
32.066800 -3.700488
32.182750 0.627831
32.362340 0.151030
32.510620 -0.298644
32.609130 2.116440
33.298890 0.349550
33.528530 1.203707
33.943340 0.288847
34.189700 -0.774130
34.236480 -1.257469
34.286480 -3.806962
34.416320 -0.504262
34.481230 -0.235834
34.579910 0.297917
34.843050 0.010271
35.072850 -0.356665
35.122130 -0.191570
35.171370 -0.112302
35.269960 -0.432016
35.434970 -0.682161
35.466920 -0.540219
35.516330 -0.429230
35.664090 0.331920
35.910780 -0.255811
36.011080 -0.400314
36.058650 -0.684509
36.109990 -0.521013
36.159560 -0.505020
36.305160 -0.314187
36.355410 -1.009124
36.700260 -1.060923
36.749600 0.078939
36.896760 -4.367708
36.978640 -0.062250
37.044680 0.384203
37.142990 1.023649
37.553470 -0.444842
37.586090 0.241666
37.784300 -0.744605
37.832670 0.308719
38.442640 -0.688755
38.474640 -0.890180
38.523220 0.095503
38.621280 -0.500062
38.736360 1.186256
39.197080 0.471440
39.393720 1.134754
39.688900 0.174256
39.903020 -3.133088
40.214950 0.567549
40.395510 -0.135041
40.560000 0.269895
40.723850 0.433880
40.937760 -0.014030
41.035980 0.101125
41.151150 0.133545
41.233370 0.093380
41.364610 0.393045
41.578090 -0.122612
41.660430 0.098475
41.775090 0.024533
41.808240 0.970189
42.120180 -0.427437
42.218960 -3.377576
42.399540 0.016075
42.547590 0.279731
42.662450 -0.341588
42.712160 -0.537296
42.763150 2.701011
43.500270 0.400133
43.780460 -0.214154
43.845310 -0.304459
43.960250 1.224308
44.288960 -0.349544
44.338230 -0.264377
44.535570 0.114594
44.683180 -0.162883
44.732470 0.319411
44.930150 -0.221995
45.028990 -2.284155
45.440080 -0.638600
45.472240 1.117271
45.784650 0.040128
46.014820 -0.362418
46.063800 -0.569086
46.113240 -0.567397
46.162490 -0.336624
46.277630 -0.250207
46.342740 0.982555
46.901750 -0.005492
47.837940 0.486644
48.133760 -0.315585
48.184490 0.211128
48.330250 0.397178
48.495450 -0.704127
48.544040 -0.636784
48.576740 -0.223211
48.626330 -0.221158
48.660320 -0.056456
48.791400 -0.713785
48.824220 -0.612543
48.872990 0.340166
48.989430 -0.113745
49.119220 -0.457634
49.168260 -0.580172
49.219700 -1.579059
55.428590 0.871297
55.673970 3.679029
56.462460 -3.945725
56.660030 -0.603994
56.711350 0.456359
56.955080 -0.769314
57.004990 4.915732
58.434080 2.506378
59.173710 0.289933
59.370820 -3.045350
59.748250 2.181169
60.306980 1.176020
60.602100 -0.422774
60.652270 -0.135962
60.751980 0.254533
60.882190 0.244458
61.095460 3.056690
61.933300 2.461682
62.475220 1.280024
62.918910 1.905259
63.395220 1.173922
63.707980 0.008807
63.756350 1.550195
64.200700 1.474969
64.597000 0.281703
64.808090 -2.518969
65.154710 5.348222
66.517260 0.504608
66.828660 2.345175
67.503020 0.433295
67.765690 1.183259
68.194430 2.613747
68.784010 -2.492092
69.145190 0.182622
69.276520 2.207771
69.918410 1.750753
70.360700 0.182938
70.558400 0.220417
70.738650 0.265492
70.902940 0.544189
71.100020 0.746352
71.346760 -2.993068
71.709060 1.220919
72.085820 0.422939
72.381260 0.415518
72.627850 0.263248
72.843770 -0.646905
72.956420 1.000181
73.317790 -3.965409
73.514940 1.917818
74.058400 1.028926
74.353440 -0.130922
74.517560 0.185588
74.895250 6.670893
76.438890 -3.277424
76.702320 0.025939
76.800770 1.268575
77.260850 0.333800
77.457810 2.785937
78.082230 1.359925
78.492970 0.991039
78.739550 0.454198
78.870410 0.519896
79.034960 0.263305
79.199080 1.101068
79.576610 -0.282909
79.626080 0.630061
79.807300 -0.481877
79.875170 0.527173
80.118850 -2.395082
80.579420 0.067667
80.710490 0.641662
81.006480 2.010428
81.500260 -0.991678
81.597670 0.810584
81.827320 -0.085907
82.008620 -0.302326
82.041460 -0.104649
82.238660 -0.885436
82.287980 -0.129369
82.386610 0.800176
82.665270 1.264539
83.059370 -0.398731
83.125110 -0.900273
83.240220 3.583897
84.209760 -3.972811
84.390640 0.063741
84.505750 1.066515
84.899890 1.996166
85.392990 -0.118459
85.442250 -0.343251
85.491320 -0.693646
85.593980 4.690690
86.625260 4.985387
87.955670 0.891879
88.351760 -1.236819
89.023120 -0.509493
89.138170 -0.502940
89.203960 0.535299
89.351910 0.136029
89.433700 -0.327563
89.484150 0.210352
89.614210 -0.209370
89.680220 -0.219054
89.729720 -0.416553
89.876910 2.161068
90.370190 1.484779
90.715590 -0.225347
90.814870 1.294963
91.257610 -0.513231
91.307110 1.285726
91.701130 0.301932
91.881580 -2.388595
92.326400 1.215790
92.687240 -0.601267
92.736130 -0.251589
92.834850 2.052437
93.475360 0.310852
93.721600 -0.088974
93.754350 0.932381
94.016770 -0.740392
94.066210 0.589361
94.296590 0.865840
94.608810 -2.674498
94.969860 -2.380805
95.183880 1.334832
95.745470 0.649709
95.988720 0.656199
96.284620 -0.049429
96.383350 -0.639177
96.482160 0.952604
96.777510 1.073600
97.024120 -0.241570
97.105880 -0.405358
97.188340 0.122352
97.518480 0.238377
97.664470 -0.638018
97.779500 1.625866
98.304580 -3.437072
98.584520 0.908009
98.896650 1.059269
99.241320 0.143861
99.389690 0.142824
99.588390 -0.407531
99.635820 0.616571
99.833150 2.378597
100.424450 0.252052
100.604970 0.683689
101.262340 -3.576339
101.491810 1.085977
101.869980 -0.075261
101.903000 0.958326
102.280260 0.325459
102.477770 0.235249
102.674940 0.181990
102.839160 1.144179
103.251300 0.520872
103.661760 -0.288492
103.792530 4.755549
105.139140 0.843764
105.401960 -3.923775
105.566480 0.224915
105.714340 -0.066794
105.896010 0.235893
106.092270 0.321454
106.223710 0.589665
106.471420 0.492465
106.650710 0.171550
106.765370 -0.596040
106.830950 -0.385449
107.011760 0.246919
107.225850 -0.756836
107.324600 -0.853367
107.374190 -0.809990
107.456340 0.572216
107.636920 -0.163884
107.817730 -3.182133
108.096300 0.207220
108.227830 -4.429826
108.328990 -4.429826
