0.000000 1006.034400 968.814000
0.016450 919.262400 869.127000
0.032680 769.322400 635.365500
0.049680 769.171200 640.195500
0.065430 727.826400 363.142500
0.081600 710.875200 403.126500
0.098540 710.656800 398.580000
0.113980 712.504800 390.390000
0.131010 688.682400 363.646500
0.148530 688.548000 360.895500
0.164890 698.426400 364.885500
0.184720 683.978400 366.901500
0.197810 683.827200 364.434000
0.213410 704.071200 319.599000
0.230100 704.810400 340.683000
0.262510 690.228000 346.815000
0.279570 669.244800 332.125500
0.295380 669.026400 329.322000
0.312100 694.075200 344.358000
0.328550 704.088000 341.029500
0.345150 704.205600 343.843500
0.361300 537.986400 287.112000
0.378050 541.598400 310.264500
0.394410 543.933600 321.604500
0.410370 543.295200 338.331000
0.427310 546.588000 324.366000
0.443760 547.092000 326.959500
0.461000 554.988000 341.155500
0.476320 556.046400 327.673500
0.492830 555.996000 327.085500
0.510160 515.928000 227.146500
0.525790 515.827200 48.027000
0.544530 514.164000 37.800000
0.657040 520.010400 44.341500
0.673280 514.063200 26.701500
0.690060 515.188800 34.009500
0.952850 536.272800 0.147000
0.969360 518.884800 23.929500
0.985720 518.380800 20.454000
1.001950 537.885600 5.880000
3.023250 983.203200 6.657000
3.268830 469.173600 18.396000
3.285460 490.728000 34.713000
3.301540 490.190400 31.038000
3.318360 491.652000 16.768500
3.334780 479.152800 21.105000
3.351470 477.926400 14.133000
3.416440 461.916000 0.325500
3.433380 467.359200 17.734500
3.482570 550.586400 0.661500
3.614070 565.740000 66.244500
3.634490 527.956800 119.941500
4.008760 690.950400 3.160500
4.041720 689.270400 0.504000
5.009980 902.932800 5.764500
5.026430 902.462400 10.227000
5.456090 854.095200 5.386500
5.684660 919.346400 9.712500
5.701290 923.731200 17.692500
5.717930 923.311200 21.073500
6.292110 878.085600 8.022000
6.308070 877.665600 12.495000
6.488530 970.032000 9.775500
6.505040 969.847200 9.135000
6.605290 941.472000 3.286500
6.622410 953.702400 17.188500
6.686650 962.841600 1.155000
6.899990 910.576800 4.315500
6.916170 894.499200 3.213000
7.277590 851.642400 6.720000
7.294250 850.987200 13.870500
7.392400 891.105600 4.263000
7.573060 828.290400 4.242000
7.967470 969.645600 0.483000
8.115110 1011.528000 1.428000
8.131320 1009.192800 16.096500
8.147800 910.929600 28.203000
8.164640 663.700800 63.819000
8.180850 663.297600 56.332500
8.196930 534.744000 42.157500
8.213680 512.937600 27.730500
8.312290 500.438400 21.178500
8.328580 502.992000 36.277500
8.345210 476.313600 30.229500
8.361360 466.418400 4.966500
8.410860 490.408800 2.730000
8.427580 491.685600 10.458000
8.443240 464.385600 5.124000
8.459900 472.785600 9.618000
8.476780 473.424000 13.314000
8.493010 485.049600 9.796500
8.509370 516.667200 39.942000
8.525480 517.171200 43.207500
8.542210 548.738400 41.254500
8.558650 547.159200 32.959500
8.574920 546.235200 26.061000
8.591580 557.104800 27.667500
8.608800 560.935200 29.116500
8.643040 544.672800 17.398500
8.659300 551.863200 0.777000
9.135070 714.067200 5.880000
9.151490 737.570400 169.501500
9.413880 709.363200 73.258500
9.431760 818.916000 1.963500
9.445890 806.316000 5.575500
9.462280 806.131200 13.072500
9.495210 827.248800 48.331500
9.511510 827.870400 32.445000
9.610230 829.264800 7.612500
9.642970 831.885600 0.504000
9.774050 894.919200 13.198500
9.790860 902.143200 21.094500
9.823670 893.894400 6.510000
9.841430 926.721600 9.397500
9.857240 926.234400 13.261500
9.890170 984.564000 30.397500
9.906710 984.530400 30.586500
9.926180 950.241600 21.567000
9.939640 953.064000 5.617500
9.971560 955.567200 0.493500
10.020840 984.127200 4.242000
10.201970 513.760800 10.038000
10.268160 497.229600 11.224500
10.284970 497.851200 20.412000
10.317870 503.445600 13.282500
10.334170 472.970400 8.505000
10.371800 464.788800 24.223500
10.383610 455.347200 33.558000
10.401920 454.557600 29.316000
10.466160 480.748800 7.392000
10.498080 472.668000 3.150000
10.513730 533.215200 33.925500
10.530300 550.048800 42.514500
10.547000 550.015200 41.800500
10.563140 542.236800 25.693500
10.580570 546.604800 10.017000
10.612760 570.528000 17.818500
10.629390 578.440800 5.964000
10.645540 579.348000 14.112000
10.662050 544.773600 10.279500
10.681430 595.963200 11.382000
10.694670 595.543200 7.108500
10.710940 661.600800 15.057000
10.727810 681.559200 14.878500
10.744080 681.189600 6.867000
10.990330 738.612000 2.656500
11.072660 736.394400 6.499500
11.089260 736.495200 18.732000
11.105620 742.980000 26.554500
11.253510 804.333600 5.145000
11.302730 817.924800 0.819000
11.319430 799.764000 9.397500
11.338230 799.999200 0.997500
11.401340 903.420000 32.476500
11.434630 887.409600 4.378500
11.466860 890.416800 3.528000
11.499630 870.525600 17.923500
11.516690 938.968800 14.059500
11.549160 921.026400 14.133000
11.565580 913.449600 31.017000
11.581210 914.020800 26.407500
11.647250 916.675200 21.714000
11.696350 834.338400 5.796000
11.745670 553.156800 11.056500
11.762150 538.540800 20.548500
11.778870 538.003200 16.348500
11.877870 514.432800 3.601500
11.894410 500.606400 1.218000
11.910740 518.700000 5.260500
11.927400 519.892800 13.440000
11.943360 564.698400 20.296500
11.960360 569.301600 33.589500
11.993770 567.974400 30.282000
12.009250 588.420000 28.371000
12.025330 588.789600 32.088000
12.041350 592.872000 45.780000
12.058070 582.640800 57.592500
12.074650 583.833600 68.082000
12.090640 578.340000 87.423000
12.107790 578.944800 73.815000
12.123990 578.911200 73.300500
12.140110 696.427200 71.494500
12.156710 684.180000 46.441500
12.175320 683.575200 32.697000
12.191410 695.704800 28.024500
12.205810 693.806400 11.812500
12.222600 693.487200 3.412500
12.255400 708.136800 21.231000
12.271910 707.952000 17.146500
12.288270 673.965600 14.805000
12.304290 686.095200 11.056500
12.322450 686.330400 15.424500
12.353790 764.937600 23.803500
12.386630 787.567200 29.452500
12.403140 789.432000 30.324000
12.419460 789.432000 26.271000
12.583400 810.381600 16.138500
12.599980 855.187200 16.905000
12.616390 854.649600 25.189500
12.633210 843.628800 35.038500
12.650600 830.306400 46.945500
12.681950 830.608800 44.005500
12.698790 860.109600 56.101500
12.731450 902.647200 24.171000
12.748290 900.026400 29.326500
12.764680 900.782400 21.094500
12.780980 890.702400 43.386000
12.797240 889.946400 36.351000
12.813930 890.635200 28.350000
12.978910 947.385600 9.754500
12.994600 953.484000 6.562500
13.011140 951.955200 18.375000
13.027100 958.507200 17.262000
13.043790 960.237600 18.207000
13.060150 959.700000 22.984500
13.076690 966.235200 41.821500
13.092800 959.817600 24.381000
13.109530 958.272000 35.563500
13.126040 966.336000 45.402000
13.142090 959.431200 50.442000
13.158480 960.405600 43.186500
13.174870 958.288800 46.935000
13.190980 961.380000 40.267500
13.207820 961.934400 36.582000
13.224180 975.979200 37.096500
13.240810 985.572000 46.074000
13.257020 983.337600 60.637500
13.273740 980.800800 85.795500
13.289980 972.736800 97.324500
13.307460 974.450400 85.680000
13.322910 885.393600 60.039000
13.339810 635.224800 24.034500
13.356510 634.132800 9.450000
13.372620 539.229600 33.358500
13.389310 502.219200 51.607500
13.405760 505.394400 70.539000
13.421600 480.211200 99.540000
13.438690 532.963200 112.906500
13.454900 533.467200 116.277000
13.471190 499.161600 98.259000
13.487880 509.527200 100.033500
13.504090 506.419200 82.120500
13.520200 503.546400 63.273000
13.536770 505.797600 60.312000
13.553860 505.209600 56.584500
13.569580 486.998400 53.466000
13.586880 473.692800 77.731500
13.602910 476.532000 92.389500
13.619050 474.818400 119.553000
13.636020 476.397600 116.035500
13.651860 475.658400 112.045500
13.667850 478.984800 80.913000
13.684270 480.379200 78.981000
13.701080 477.640800 64.365000
13.717070 479.673600 58.096500
13.736150 483.453600 53.812500
13.751680 485.436000 64.743000
13.767910 555.122400 79.863000
13.783260 566.731200 114.145500
13.799440 567.268800 117.726000
13.815580 594.081600 91.875000
13.832490 594.972000 98.721000
13.848820 593.796000 88.273500
13.865230 589.713600 70.234500
13.881560 590.671200 77.889000
13.898100 590.654400 77.700000
13.914310 579.919200 80.682000
13.930820 569.066400 72.135000
13.947330 568.579200 68.208000
13.963590 629.596800 84.609000
13.980160 629.126400 84.136500
13.996670 629.445600 88.189500
14.012630 667.060800 108.066000
14.029540 644.599200 99.498000
14.045750 644.280000 95.434500
14.062230 634.149600 79.285500
14.078400 638.383200 48.636000
14.095280 637.224000 33.211500
14.111450 673.394400 40.320000
14.127620 683.491200 29.757000
14.144500 683.709600 33.694500
14.160800 701.668800 31.993500
14.177310 723.256800 44.793000
14.193510 723.559200 60.249000
14.210110 673.159200 69.300000
14.226530 678.182400 97.188000
14.259310 692.025600 89.722500
14.275570 684.415200 87.969000
14.308870 753.043200 97.398000
14.325160 754.269600 117.190500
14.357910 743.013600 90.888000
14.374150 740.023200 89.365500
14.406920 725.491200 85.312500
14.423490 749.380800 79.128000
14.456270 744.105600 86.845500
14.472870 737.385600 87.412500
14.489650 737.234400 83.464500
14.505710 839.008800 88.042500
14.522370 827.114400 49.528500
14.538700 827.366400 45.811500
14.555180 828.172800 55.272000
14.571380 838.320000 68.544000
14.588040 837.883200 76.219500
14.604160 838.807200 87.391500
14.620760 841.545600 97.198500
14.637300 842.184000 85.554000
14.653350 815.304000 69.688500
14.669830 771.758400 55.902000
14.687710 771.943200 40.603500
14.703830 609.084000 91.938000
14.719240 612.175200 76.534500
14.735500 613.284000 87.738000
14.751830 624.388800 104.842500
14.768460 629.260800 126.378000
14.784970 630.604800 141.015000
14.801120 605.472000 133.161000
14.817870 619.113600 147.871500
14.850560 620.944800 144.711000
14.867400 594.988800 123.249000
14.883390 594.115200 115.678500
14.899750 653.335200 148.197000
14.916690 624.120000 86.005500
14.949040 632.889600 93.502500
14.965520 641.020800 106.239000
14.981720 641.642400 113.872500
14.998260 635.073600 116.760000
15.014620 618.256800 114.513000
15.030940 617.114400 102.994500
15.048030 687.724800 79.789500
15.066990 666.909600 101.472000
15.080720 666.758400 98.059500
15.097380 669.664800 98.679000
15.113740 675.612000 110.365500
15.130040 676.452000 125.233500
15.146610 664.725600 136.269000
15.162960 680.047200 135.313500
15.195710 718.435200 142.054500
15.212010 710.690400 103.509000
15.244690 717.578400 118.933500
15.263700 785.584800 143.314500
15.294430 777.940800 126.798000
15.310790 770.397600 111.793500
15.343320 807.374400 123.028500
15.360170 791.078400 125.727000
15.376770 791.532000 105.934500
15.392640 785.316000 92.578500
15.409120 778.293600 65.131500
15.426120 778.562400 54.075000
15.442080 787.600800 53.140500
15.461270 835.245600 62.013000
15.477720 834.372000 78.036000
15.493500 906.124800 88.704000
15.508210 904.545600 84.168000
15.524410 903.739200 91.780500
15.540740 885.880800 85.176000
15.557220 873.768000 98.374500
15.573910 874.020000 94.552500
15.590120 889.744800 72.807000
15.606840 897.069600 63.777000
15.623080 897.540000 60.081000
15.639100 920.438400 100.254000
15.656010 890.433600 97.293000
15.672000 888.972000 112.308000
15.688690 881.882400 93.114000
15.704900 927.141600 107.614500
15.722690 927.763200 103.383000
15.738460 941.556000 91.518000
15.754300 946.293600 97.482000
15.771000 945.739200 100.821000
15.787480 943.034400 98.259000
15.803920 944.076000 115.479000
15.820100 942.648000 126.682500
15.836760 932.030400 112.402500
15.852970 924.487200 127.522500
15.869750 924.621600 126.525000
15.885930 988.545600 122.157000
15.904510 970.368000 118.062000
15.921420 972.468000 104.149500
15.937160 1006.656000 112.192500
15.951630 992.443200 79.569000
15.968380 991.401600 87.202500
15.984340 1003.447200 104.433000
16.001040 981.388800 115.027500
16.017400 980.296800 121.632000
16.033540 967.831200 131.596500
16.052430 988.982400 143.734500
16.066680 991.956000 126.294000
16.083190 620.978400 120.729000
16.099730 550.855200 134.715000
16.115970 550.989600 135.649500
16.132200 501.900000 143.020500
16.149410 521.371200 145.456500
16.165410 522.664800 152.817000
16.181790 515.323200 168.661500
16.198090 521.623200 145.278000
16.230470 529.149600 147.567000
16.247220 535.012800 151.032000
16.280180 492.475200 133.707000
16.296690 491.752800 149.257500
16.313390 491.047200 145.509000
16.329250 508.804800 95.161500
16.346190 505.495200 95.434500
16.362490 504.856800 91.864500
16.378450 496.574400 132.772500
16.395390 506.268000 139.104000
16.411870 507.612000 146.307000
16.428070 605.707200 147.115500
16.444640 593.308800 173.239500
16.477330 594.316800 164.430000
16.493900 604.917600 160.366500
16.510350 603.624000 149.394000
16.526250 590.016000 151.630500
16.542970 582.674400 109.494000
16.559420 582.237600 106.113000
16.575870 587.714400 116.844000
16.594570 606.883200 137.560500
16.608860 608.496000 152.040000
16.624970 630.974400 129.664500
16.641880 616.526400 126.882000
16.658290 615.753600 119.343000
16.674440 612.225600 126.000000
16.691070 673.948800 106.953000
16.707180 673.764000 102.763500
16.723790 666.657600 123.784500
16.740630 668.740800 109.672500
16.756500 669.446400 120.340500
16.772670 680.114400 135.229500
16.788940 674.587200 162.697500
16.805600 674.402400 159.537000
16.821720 680.400000 147.787500
16.838590 687.288000 144.532500
16.854740 687.439200 147.693000
16.871370 747.734400 167.569500
16.887630 770.632800 172.378500
16.904080 770.616000 173.292000
16.920350 747.583200 165.732000
16.936800 772.346400 174.499500
16.970090 754.572000 140.269500
16.986420 757.948800 147.472500
17.019130 765.525600 141.424500
17.035860 774.177600 158.634000
17.052190 774.278400 151.347000
17.068510 824.980800 132.163500
17.084780 837.160800 129.339000
17.101680 837.732000 118.356000
17.117650 841.898400 115.468500
17.134430 838.740000 104.853000
17.150540 839.176800 97.702500
17.167140 841.159200 92.053500
17.183380 819.756000 103.057500
17.200100 819.672000 109.872000
17.215910 848.316000 114.639000
17.232910 861.319200 111.352500
17.249050 860.462400 121.800000
17.265440 840.285600 142.842000
17.282100 830.037600 135.733500
17.298680 830.121600 133.014000
17.314790 830.709600 121.978500
17.331390 868.240800 99.592500
17.347930 868.627200 96.043500
17.364690 888.031200 111.310500
17.381740 891.021600 105.556500
17.398070 890.299200 112.801500
17.414250 883.024800 152.638500
17.432040 888.904800 157.489500
17.447510 888.165600 164.724000
17.463680 888.820800 168.630000
17.480710 874.188000 165.963000
17.513400 868.005600 153.111000
17.530360 898.413600 122.010000
17.546360 899.203200 114.460500
17.562410 945.453600 116.329500
17.579860 922.084800 114.534000
17.610930 941.690400 130.095000
17.627440 947.217600 139.524000
17.660190 934.533600 126.693000
17.676570 940.060800 124.603500
17.692900 941.052000 117.243000
17.709230 819.789600 137.907000
17.726200 583.917600 155.799000
17.742220 584.404800 159.295500
17.759860 510.148800 150.874500
17.774960 508.166400 160.366500
17.791350 508.200000 160.545000
17.807740 508.687200 163.012500
17.824190 491.232000 167.779500
17.840820 491.904000 171.402000
17.857060 494.340000 171.811500
17.873410 508.620000 185.661000
17.889830 509.208000 188.979000
17.906250 464.133600 199.290000
17.922670 463.713600 202.975500
17.939270 462.907200 199.825500
17.955780 467.997600 174.940500
17.972170 467.611200 192.580500
17.988370 466.771200 188.769000
18.004820 460.320000 175.339500
18.021150 460.236000 158.539500
18.037540 458.690400 151.683000
18.054260 441.974400 152.607000
18.070890 490.526400 168.798000
18.103360 533.047200 174.867000
18.120480 543.597600 159.862500
18.136110 542.472000 152.911500
18.152800 549.108000 155.977500
18.169100 554.030400 161.710500
18.185760 555.643200 172.053000
18.202060 562.833600 186.007500
18.218660 548.217600 202.156500
18.234740 548.805600 205.390500
18.251040 598.567200 196.759500
18.267970 596.920800 173.974500
18.284090 596.097600 167.233500
18.300600 599.508000 155.977500
18.317200 613.771200 156.366000
18.333710 614.544000 163.432500
18.349760 612.780000 184.149000
18.366970 609.033600 179.697000
18.399050 600.583200 183.655500
18.415530 592.905600 182.406000
18.431790 592.015200 175.476000
18.449550 571.536000 164.713500
18.464780 607.840800 165.438000
18.480960 606.580800 154.234500
18.497440 619.214400 154.654500
18.514160 600.012000 158.833500
18.532010 601.624800 172.378500
18.548160 620.726400 185.304000
18.566010 646.363200 212.625000
18.580990 647.337600 223.671000
18.596530 639.660000 202.450500
18.613070 638.400000 192.654000
18.629550 636.400800 171.181500
18.645720 641.827200 151.578000
18.662480 666.103200 140.238000
18.695310 651.285600 161.899500
18.713810 659.383200 159.841500
18.730040 659.954400 167.695500
18.745940 662.424000 190.564500
18.761200 675.981600 166.246500
18.777130 675.780000 162.855000
18.793370 710.220000 157.510500
18.810150 679.224000 157.447500
18.826780 679.795200 167.863500
18.842740 729.187200 175.129500
18.859190 735.218400 200.592000
18.875700 735.268800 204.193500
18.892670 751.178400 193.179000
18.909030 707.616000 178.006500
18.925230 707.616000 177.838500
18.941800 723.592800 165.952500
18.958250 718.132800 182.059500
18.974400 717.796800 171.549000
18.991180 728.784000 164.766000
19.007170 729.775200 148.333500
19.025050 729.640800 141.477000
19.040160 787.348800 143.377500
19.056340 814.144800 150.927000
19.073430 813.708000 161.364000
19.089200 804.400800 184.716000
19.107600 793.178400 198.681000
19.124420 793.010400 201.904500
19.138640 767.088000 187.414500
19.155430 796.034400 184.411500
19.171630 796.202400 181.156500
19.188660 802.065600 163.065000
19.204680 804.972000 180.558000
19.221370 805.106400 176.032500
19.237300 872.793600 185.986500
19.254090 881.764800 132.258000
19.270450 882.000000 131.848500
19.286680 890.366400 165.070500
19.303340 878.253600 193.924500
19.319580 876.372000 211.480500
19.335970 862.075200 224.469000
19.352480 866.275200 215.649000
19.371060 866.812800 209.748000
19.387450 843.326400 187.960500
19.401700 877.178400 206.052000
19.418300 876.472800 212.940000
19.434540 891.928800 231.609000
19.450780 873.549600 215.218500
19.467590 874.238400 208.351500
19.483550 877.262400 207.112500
19.500490 888.904800 189.283500
19.516940 889.660800 182.374500
19.533050 896.935200 192.906000
19.549530 895.960800 161.154000
19.566250 895.692000 164.272500
19.582400 970.452000 187.771500
19.601040 945.856800 185.440500
19.618770 945.386400 188.464500
19.635560 968.889600 188.527500
19.649540 971.040000 201.495000
19.667050 970.888800 202.356000
19.681090 973.324800 166.131000
19.697390 964.756800 169.438500
19.714140 963.597600 176.578500
19.731260 964.252800 198.933000
19.750670 958.692000 207.301500
19.764070 959.851200 200.392500
19.780670 979.994400 162.708000
19.797610 986.311200 178.909500
19.830720 980.145600 192.507000
19.845120 989.587200 183.414000
19.861760 988.260000 190.449000
19.877750 980.834400 205.758000
19.894170 976.214400 176.242500
19.909970 977.474400 169.092000
19.927000 656.040000 212.562000
19.945740 480.177600 199.846500
19.960690 479.421600 196.318500
19.976350 460.588800 220.752000
19.992610 466.065600 215.974500
20.008970 466.099200 216.142500
20.025360 454.406400 201.747000
20.042760 467.930400 185.850000
20.059020 468.686400 189.378000
20.074740 474.196800 214.861500
20.092620 478.665600 213.780000
20.107820 479.455200 216.940500
20.124020 481.958400 212.803500
20.140590 479.522400 206.083500
20.158390 478.010400 199.416000
20.174620 472.617600 184.968000
20.191470 472.634400 190.732500
20.208770 473.340000 194.271000
20.223750 481.773600 217.864500
20.240600 454.221600 234.549000
20.256960 453.348000 230.947500
20.273100 509.980800 215.764500
20.291410 513.828000 190.974000
20.306430 511.929600 181.062000
20.322910 508.216800 164.766000
20.338440 517.994400 169.428000
20.354610 520.548000 183.162000
20.371730 520.346400 215.449500
20.389010 517.893600 219.250500
20.404850 519.254400 226.065000
20.420870 538.003200 223.366500
20.438080 540.220800 234.769500
20.453280 539.599200 231.409500
20.469540 578.239200 205.201500
20.486110 552.283200 217.045500
20.502750 550.032000 203.710500
20.518680 575.803200 204.382500
20.536190 587.966400 200.791500
20.551700 588.436800 204.151500
20.568150 584.203200 207.627000
20.587190 572.107200 212.257500
20.603760 572.644800 215.502000
20.619170 607.370400 203.553000
20.636350 651.571200 182.133000
20.652280 651.016800 175.455000
20.668610 666.741600 199.090500
20.685940 635.527200 206.776500
20.717770 649.017600 188.895000
20.734920 623.145600 196.864500
20.751500 623.532000 200.182500
20.765440 633.595200 218.284500
20.781860 638.450400 243.705000
20.798460 638.349600 242.728500
20.814730 729.372000 214.630500
20.831090 711.362400 206.797500
20.847810 710.976000 196.864500
20.864010 707.313600 168.913500
20.880650 709.833600 188.769000
20.896850 710.119200 196.465500
20.912810 747.952800 210.483000
20.929530 742.963200 234.654000
20.946350 742.879200 227.346000
20.962190 761.241600 173.239500
20.981410 793.783200 159.747000
20.995700 794.001600 152.974500
21.011410 771.876000 170.688000
21.028440 795.496800 188.811000
21.044460 795.009600 206.251500
21.060790 772.195200 232.029000
21.080260 774.513600 213.244500
21.094090 774.412800 219.838500
21.110020 799.797600 227.482500
21.127110 812.868000 235.819500
21.143250 813.556800 221.865000
21.159520 799.797600 193.168500
21.176240 861.504000 172.200000
21.192570 861.722400 168.861000
21.208500 876.405600 206.608500
21.225070 885.847200 198.387000
21.241670 885.444000 202.713000
21.257690 875.918400 195.562500
21.274540 877.581600 196.455000
21.291990 876.237600 209.748000
21.310090 872.205600 212.488500
21.324130 852.028800 237.594000
21.340390 851.457600 244.240500
21.356570 915.381600 246.393000
21.375180 931.812000 233.887500
21.389770 934.449600 216.363000
21.406250 925.696800 204.655500
21.422520 924.638400 194.208000
21.439480 924.772800 193.893000
21.455960 923.311200 196.350000
21.473020 916.120800 241.027500
21.492220 912.760800 264.264000
21.510680 926.066400 275.236500
21.522950 922.202400 249.616500
21.537410 923.059200 243.789000
21.553650 1004.438400 263.655000
21.570340 999.549600 262.384500
21.586490 1002.590400 248.566500
21.603030 1006.320000 265.587000
21.619660 993.501600 181.198500
21.636170 996.223200 166.782000
21.652250 1003.010400 193.966500
21.668950 1002.573600 201.631500
21.685090 999.717600 215.533500
21.701510 764.988000 219.723000
21.717860 559.591200 261.009000
21.736720 562.430400 277.599000
21.750950 510.266400 281.379000
21.767400 504.117600 276.381000
21.783970 502.488000 269.136000
21.800170 511.022400 257.922000
21.816410 501.244800 230.317500
21.833250 497.212800 211.596000
21.849150 500.522400 208.288500
21.866150 491.467200 194.460000
21.898680 443.637600 203.490000
21.915220 454.456800 228.469500
21.931920 456.926400 238.140000
21.948060 464.184000 257.344500
21.964360 455.515200 241.615500
21.980990 457.178400 248.031000
21.996830 432.096000 252.073500
22.013670 461.613600 230.947500
22.046450 456.002400 280.381500
22.063260 473.491200 271.467000
22.079620 475.137600 277.893000
22.095830 468.232800 253.659000
22.112120 471.240000 261.555000
22.128810 471.240000 261.555000
22.145200 563.925600 256.126500
22.161800 549.645600 257.008500
22.177890 547.898400 247.149000
22.194400 555.878400 237.300000
22.212620 548.352000 246.340500
22.227600 546.638400 237.016500
22.243800 565.639200 196.255500
22.259980 526.948800 206.157000
22.276980 529.435200 219.355500
22.292880 556.231200 228.553500
22.309720 564.127200 259.728000
22.342100 571.082400 263.928000
22.358760 559.809600 221.508000
22.375030 556.886400 203.889000
22.391750 595.761600 201.841500
22.408110 593.443200 164.965500
22.424470 593.460000 165.144000
22.440700 604.716000 217.759500
22.457640 602.196000 221.655000
22.473600 603.976800 235.557000
22.490200 583.850400 212.614500
22.506410 592.317600 230.328000
22.540280 598.735200 240.460500
22.556060 660.307200 248.776500
22.588650 662.088000 257.386500
22.605500 663.566400 257.019000
22.637850 689.539200 222.642000
22.654720 685.608000 217.833000
22.671110 685.792800 221.140500
22.687160 675.393600 225.844500
22.703980 677.275200 257.953500
22.720090 677.258400 257.785500
22.736570 688.060800 251.779500
22.753140 680.164800 240.061500
22.769320 679.980000 236.764500
22.785920 720.266400 260.158500
22.802460 753.429600 233.446500
22.818970 753.396000 230.338500
22.834870 757.831200 217.665000
22.851750 733.706400 209.223000
22.869320 733.824000 215.754000
22.884190 742.089600 245.007000
22.900760 752.354400 239.221500
22.917210 752.337600 228.511500
22.933620 731.438400 233.299500
22.950320 753.026400 188.779500
22.966520 753.110400 171.601500
22.982640 804.602400 174.972000
22.999480 791.884800 179.434500
23.015660 791.296800 196.728000
23.031860 783.585600 215.071500
23.048550 779.772000 217.350000
23.064880 779.604000 224.973000
23.080870 803.544000 237.520500
23.097630 801.998400 246.193500
23.113920 802.267200 239.736000
23.130100 832.440000 219.492000
23.147090 851.860800 238.108500
23.163480 852.213600 234.916500
23.179810 856.531200 223.104000
23.196260 869.786400 200.938500
23.213260 868.526400 214.168500
23.229490 857.220000 257.260500
23.246090 855.052800 232.344000
23.262150 854.481600 239.022000
23.278410 852.986400 247.894500
23.295440 873.667200 227.535000
23.327880 942.916800 246.267000
23.344700 937.507200 255.297000
23.376920 945.873600 275.299500
23.393950 925.075200 223.051500
23.426360 915.616800 252.735000
23.443180 925.780800 255.559500
23.475650 927.040800 259.644000
23.492370 1005.782400 240.828000
23.525790 1012.452000 266.836500
23.541780 1021.624800 264.810000
23.574280 992.409600 240.156000
23.593230 892.718400 230.590500
23.607450 893.810400 220.437000
23.623570 524.126400 247.684500
23.640260 510.115200 243.873000
23.656620 510.081600 243.673500
23.673160 506.788800 237.699000
23.689330 501.295200 255.696000
23.705690 504.924000 271.498500
23.722350 525.806400 273.220500
23.738530 515.424000 263.728500
23.755370 514.197600 257.974500
23.771700 495.566400 239.032500
23.788600 480.799200 267.225000
23.820800 474.012000 270.858000
23.837400 474.784800 266.269500
23.870150 478.968000 281.389500
23.886380 472.600800 263.329500
23.903930 471.828000 259.927500
23.920350 457.480800 261.880500
23.938050 497.212800 263.035500
23.952970 496.456800 260.022000
23.968380 534.458400 266.038500
23.987820 556.332000 286.356000
24.001680 556.836000 288.970500
24.018040 578.575200 261.030000
24.034210 574.845600 277.189500
24.050780 575.265600 279.909000
24.066800 565.605600 255.171000
24.083340 555.828000 268.789500
24.100340 554.820000 263.119500
24.116550 552.921600 231.724500
24.133450 635.712000 254.898000
24.165650 620.474400 246.445500
24.182310 630.789600 250.530000
24.198790 631.092000 253.858500
24.214940 640.096800 252.063000
24.231510 635.426400 263.644500
24.250240 634.754400 257.397000
24.264220 646.346400 225.613500
24.280850 631.713600 228.249000
24.313450 721.543200 256.767000
24.330320 737.200800 245.836500
24.362700 711.816000 244.198500
24.379640 712.857600 237.835500
24.395630 712.740000 234.612000
24.412380 725.995200 227.115000
24.428960 727.305600 227.325000
24.445250 727.456800 233.730000
24.463260 731.707200 247.285500
24.478120 701.517600 269.997000
24.494660 701.618400 273.210000
24.510620 789.700800 256.399500
24.527500 815.589600 227.031000
24.543670 816.278400 213.874500
24.561040 840.688800 211.543500
24.577580 837.698400 209.758500
24.593170 838.135200 203.196000
24.609560 831.650400 196.549500
24.626160 836.875200 229.519500
24.642820 836.690400 232.669500
24.658630 830.911200 243.663000
24.675660 839.714400 226.537500
24.692290 839.260800 232.890000
24.708280 843.208800 223.597500
24.724760 847.140000 246.372000
24.742610 847.324800 243.106500
24.757540 902.781600 223.534500
24.774140 911.467200 231.703500
24.792110 911.584800 231.462000
24.806430 884.217600 211.533000
24.822970 890.786400 246.487500
24.839780 889.627200 255.507000
24.855650 908.409600 249.249000
24.872380 904.932000 238.350000
24.888700 904.814400 239.190000
24.904910 921.463200 227.440500
24.921970 956.592000 236.743500
24.954220 953.164800 249.900000
24.971220 940.749600 252.882000
25.003750 965.714400 255.034500
25.022160 957.448800 267.130500
25.036620 956.726400 270.385500
25.052580 963.429600 266.658000
25.086940 965.244000 229.236000
25.103180 977.373600 219.639000
25.119660 981.607200 216.205500
25.135100 980.918400 219.366000
25.151250 611.368800 247.369500
25.167510 485.856000 267.414000
25.186250 484.360800 261.240000
25.202610 495.583200 230.349000
25.216950 474.196800 248.073000
25.249850 499.732800 239.011500
25.266450 490.425600 253.428000
25.282710 492.609600 263.035500
25.299190 484.814400 255.654000
25.315830 470.484000 258.006000
25.332000 472.096800 264.348000
25.348450 485.486400 282.670500
25.364900 457.833600 290.052000
25.397770 461.848800 282.628500
25.414180 456.321600 257.859000
25.447390 461.563200 304.804500
25.463620 448.123200 290.923500
25.496120 466.636800 279.027000
25.512880 455.968800 299.617500
25.545650 538.927200 283.636500
25.562740 536.205600 274.827000
25.594940 535.147200 285.327000
25.611570 523.572000 295.911000
25.644200 538.003200 293.349000
25.660830 547.428000 287.931000
25.677340 545.563200 278.449500
25.693570 561.456000 263.613000
25.710690 548.032800 265.839000
25.728420 547.394400 262.983000
25.742860 507.494400 269.661000
25.759860 566.798400 277.263000
25.776250 568.948800 289.716000
25.792360 593.896800 296.635500
25.808870 577.634400 300.205500
25.825160 577.096800 297.055500
25.841640 600.549600 281.263500
25.858340 604.497600 288.939000
25.874790 602.784000 276.654000
25.890750 614.040000 244.639500
25.907680 593.275200 221.571000
25.923980 592.771200 218.379000
25.940400 577.012800 228.816000
25.956700 575.668800 237.867000
25.973450 576.643200 244.167000
25.989380 582.943200 290.850000
26.005860 590.284800 252.735000
26.022310 589.797600 249.438000
26.038910 679.879200 237.741000
26.055450 663.096000 251.706000
26.072450 663.583200 257.502000
26.088780 673.478400 279.331500
26.108830 664.591200 296.520000
26.122830 664.893600 299.575500
26.137880 674.402400 290.157000
26.153990 665.011200 262.605000
26.169710 664.809600 259.969500
26.186190 651.134400 275.940000
26.203130 661.668000 283.069500
26.221040 661.920000 286.282500
26.236570 687.506400 272.601000
26.252410 697.384800 298.536000
26.269200 697.502400 301.413000
26.285680 684.952800 272.926500
26.302340 715.461600 268.999500
26.321720 715.024800 256.441500
26.338750 732.177600 248.335500
26.354250 749.380800 234.969000
26.384220 750.338400 269.671500
26.400540 753.076800 283.773000
26.416600 753.110400 293.002500
26.433170 706.204800 278.806500
26.449040 715.797600 286.303500
26.465760 715.663200 283.017000
26.482120 723.794400 272.265000
26.498410 716.066400 243.138000
26.514920 715.764000 233.667000
26.531190 799.125600 235.000500
26.547640 811.070400 252.724500
26.564180 810.432000 265.230000
26.580630 827.366400 283.059000
26.597170 826.644000 273.882000
26.613430 826.224000 280.266000
26.629790 839.227200 280.381500
26.646390 833.280000 277.231500
26.679230 842.368800 284.728500
26.695430 829.332000 268.716000
26.712100 829.920000 259.014000
26.728090 827.484000 255.213000
26.744600 867.283200 259.276500
26.761690 868.274400 250.005000
26.777530 879.379200 237.510000
26.794070 885.712800 250.330500
26.810760 884.268000 262.857000
26.826930 905.419200 247.632000
26.843510 908.174400 256.147500
26.860020 909.518400 245.595000
26.876070 881.428800 243.747000
26.892760 875.179200 232.785000
26.908970 875.548800 229.782000
26.925540 883.108800 260.326500
26.941890 892.348800 273.588000
26.958470 889.896000 293.002500
26.974490 939.960000 299.166000
26.991360 931.744800 292.939500
27.023800 941.320800 293.338500
27.040470 944.428800 283.563000
27.073330 937.608000 269.314500
27.089970 934.836000 271.120500
27.122710 953.820000 279.489000
27.139100 952.375200 282.586500
27.171780 984.715200 291.175500
27.188140 1006.908000 290.797500
27.221070 989.839200 293.191500
27.237550 989.251200 290.692500
27.254000 990.645600 284.403000
27.270320 653.116800 288.403500
27.287050 478.598400 300.436500
27.303380 477.808800 297.307500
27.320190 488.476800 270.522000
27.336790 485.133600 278.575500
27.353000 485.167200 278.733000
27.369570 497.481600 266.973000
27.386140 481.689600 287.290500
27.419740 471.458400 292.288500
27.435180 469.593600 294.241500
27.451350 468.770400 291.238500
27.467620 469.996800 295.827000
27.483860 475.507200 292.320000
27.501190 477.069600 298.284000
27.517490 458.992800 309.267000
27.533690 464.856000 316.008000
27.550380 466.586400 322.108500
27.566620 460.387200 317.121000
27.582950 468.518400 313.372500
27.615880 489.669600 350.826000
27.632320 479.236800 349.345500
27.648650 478.480800 346.290000
27.665190 487.116000 326.203500
27.681640 472.886400 324.964500
27.698060 469.627200 313.183500
27.714390 456.556800 304.972500
27.731200 469.509600 282.712500
27.747920 468.636000 279.709500
27.763700 462.907200 313.089000
27.779790 461.882400 319.683000
27.796540 464.385600 328.293000
27.812500 557.944800 333.018000
27.828950 559.490400 332.262000
27.845860 558.868800 329.532000
27.862850 558.196800 335.622000
27.879580 564.396000 337.092000
27.895200 564.379200 336.945000
27.911380 567.218400 325.626000
27.928340 546.655200 327.726000
27.944550 547.209600 330.708000
27.961910 564.631200 328.891500
27.977390 557.088000 327.726000
27.993410 555.962400 321.972000
28.009980 459.110400 349.555500
28.026460 493.852800 329.185500
28.043120 494.524800 332.167500
28.059390 507.696000 357.609000
28.076200 500.287200 374.556000
28.092070 503.311200 385.612500
28.108090 503.529600 383.754000
28.124940 501.732000 395.094000
28.141540 500.169600 389.550000
28.158200 481.807200 373.243500
28.174590 478.867200 374.272500
28.191250 475.372800 362.407500
28.207310 446.964000 342.573000
28.223480 447.652800 327.568500
28.239810 445.687200 321.100500
28.256440 448.744800 324.124500
28.273250 452.054400 320.197500
28.289610 455.683200 332.419500
28.305940 478.716000 361.725000
28.322420 517.557600 368.970000
28.338500 518.515200 372.487500
28.355130 531.585600 363.762000
28.371430 530.846400 338.079000
28.388150 528.292800 326.739000
28.404480 527.318400 326.130000
28.421080 522.664800 329.301000
28.437380 523.269600 332.167500
28.453670 540.288000 342.037500
28.470090 535.080000 343.507500
28.486510 535.012800 342.972000
28.503050 622.591200 326.613000
28.519200 625.010400 328.849500
28.536040 624.842400 328.807500
28.552340 601.120800 334.624500
28.568660 595.627200 347.014500
28.586400 596.702400 352.726500
28.601500 614.258400 333.480000
28.618130 617.836800 330.907500
28.634800 615.283200 313.372500
28.650540 621.096000 302.043000
28.667390 651.100800 308.784000
28.683810 651.033600 308.133000
28.699890 699.636000 317.121000
28.716770 696.662400 325.720500
28.735500 696.360000 320.197500
28.749330 695.856000 317.173500
28.765810 680.215200 318.129000
28.782290 681.122400 330.067500
28.798280 666.691200 336.252000
28.815280 657.434400 313.194000
28.831700 657.736800 316.659000
28.847840 674.436000 303.387000
28.864350 704.340000 339.181500
28.880740 705.062400 353.986500
28.897090 801.561600 372.981000
28.914090 789.465600 355.509000
28.947300 793.564800 354.343500
28.963070 793.968000 357.052500
28.979310 794.203200 351.372000
28.995910 792.960000 344.106000
29.012420 792.439200 369.390000
29.029050 792.674400 363.132000
29.045010 797.395200 343.791000
29.063260 792.170400 328.020000
29.078610 792.405600 321.594000
29.094240 779.805600 334.372500
29.111110 775.773600 339.087000
29.127230 775.639200 345.376500
29.143550 777.403200 310.453500
29.160220 768.062400 332.818500
29.176640 767.995200 339.307500
29.192810 759.578400 354.931500
29.210390 752.472000 341.869500
29.226720 752.539200 344.757000
29.244840 730.917600 349.996500
29.259490 735.369600 362.092500
29.291230 728.347200 341.355000
29.307460 733.152000 340.210500
29.323970 733.168800 343.066500
29.340390 751.514400 352.873500
29.356900 747.146400 344.011500
29.375700 747.096000 337.281000
29.390870 824.292000 336.630000
29.406310 813.741600 319.420500
29.439000 826.526400 341.218500
29.455170 837.816000 366.628500
29.472080 837.261600 372.981000
29.488370 844.704000 341.071500
29.504330 833.431200 346.668000
29.521060 833.616000 343.728000
29.537630 826.929600 342.352500
29.553860 830.088000 352.852500
29.570280 830.508000 347.298000
29.586760 820.663200 329.941500
29.602870 814.161600 322.770000
29.619480 814.396800 319.861500
29.635800 820.058400 335.559000
29.652650 850.953600 349.933500
29.668910 850.634400 352.579500
29.685390 911.013600 341.218500
29.701810 900.446400 329.437500
29.718080 900.916800 326.739000
29.734590 911.316000 346.920000
29.751190 908.342400 331.537500
29.767700 907.485600 337.155000
29.783720 912.676800 335.695500
29.800380 892.869600 335.874000
29.833340 862.108800 351.540000
29.849790 859.051200 356.286000
29.882480 878.236800 348.012000
29.898740 888.081600 348.169500
29.915560 888.434400 345.345000
29.931430 894.835200 320.995500
29.948060 876.876000 387.292500
29.965000 876.523200 390.022500
29.980740 941.774400 522.028500
29.997470 943.437600 409.888500
30.013820 943.588800 409.122000
30.178800 922.656000 348.852000
30.195100 918.019200 318.528000
30.210820 916.994400 324.975000
30.227910 905.083200 327.726000
30.243650 899.337600 335.485500
30.260100 898.783200 339.087000
30.276730 908.191200 349.398000
30.292970 902.731200 333.826500
30.309230 902.395200 336.808500
30.325740 929.224800 341.260500
30.342680 913.147200 343.360500
30.358920 911.282400 354.826500
30.375030 909.703200 356.181000
30.391850 910.560000 379.827000
30.408170 911.971200 371.343000
30.424680 975.256800 381.255000
30.441160 976.214400 341.922000
30.457550 978.734400 330.697500
30.474060 953.719200 330.876000
30.490510 941.068800 348.915000
30.506930 940.598400 351.697500
30.523130 944.697600 340.242000
30.539520 971.258400 346.237500
30.555910 968.788800 357.399000
30.572270 957.012000 362.859000
30.590000 960.136800 345.975000
30.621890 962.959200 369.337500
30.638430 959.649600 354.228000
30.654910 961.363200 345.723000
30.670870 965.731200 346.206000
30.687470 960.220800 314.601000
30.703670 959.179200 320.355000
30.720150 928.704000 325.468500
30.736790 945.252000 356.223000
30.753270 942.446400 370.104000
30.769680 980.078400 357.021000
30.786010 977.541600 365.106000
30.802340 978.247200 362.554500
30.819060 970.401600 367.720500
30.836000 951.081600 364.654500
30.851720 950.040000 369.747000
30.867830 973.425600 366.964500
30.884310 952.711200 360.633000
30.917080 1014.232800 367.426500
30.933620 1004.136000 365.284500
30.950070 1004.808000 362.670000
30.966740 1008.016800 359.100000
30.983120 1011.410400 355.708500
30.999730 1011.376800 355.834500
31.015990 1004.068800 352.044000
31.032230 1002.288000 362.974500
31.049130 1000.272000 370.828500
31.064940 1016.366400 379.732500
31.081510 978.230400 371.679000
31.097990 978.264000 371.553000
31.114500 533.316000 398.874000
31.131130 525.050400 376.099500
31.149900 524.378400 373.464000
31.165440 493.231200 377.412000
31.180480 505.159200 389.413500
31.196900 502.202400 378.630000
31.212920 474.768000 345.271500
31.229800 493.113600 341.554500
31.246370 493.718400 344.148000
31.262630 457.900800 373.884000
31.278840 445.552800 375.963000
31.295070 448.392000 384.310500
31.311550 441.638400 370.020000
31.328130 436.665600 353.703000
31.344120 433.221600 343.171500
31.360840 452.860800 345.156000
31.377350 436.900800 374.682000
31.396300 437.673600 377.328000
31.412110 449.551200 361.231500
31.426450 441.604800 362.638500
31.443300 445.032000 373.054500
31.459630 487.452000 372.246000
31.476230 490.207200 378.126000
31.492920 491.013600 380.719500
31.508970 474.196800 390.999000
31.525450 473.928000 402.118500
31.541380 472.365600 397.141500
31.558990 485.520000 379.827000
31.575260 481.908000 387.082500
31.591740 482.596800 389.749500
31.608250 471.710400 409.689000
31.624690 477.540000 399.672000
31.641720 479.085600 404.701500
31.657780 522.933600 399.220500
31.674710 563.640000 401.845500
31.706390 538.792800 402.549000
31.722990 540.405600 387.975000
31.739140 539.750400 385.287000
31.755370 521.673600 406.665000
31.771940 535.970400 396.354000
31.788700 534.139200 388.731000
31.804600 529.754400 389.056500
31.821590 550.754400 371.605500
31.838040 551.863200 376.719000
31.854370 548.520000 390.148500
31.871030 512.282400 413.553000
31.887270 513.004800 415.999500
31.903290 556.617600 390.589500
31.920350 533.517600 390.705000
31.936460 532.896000 388.321500
31.952970 561.388800 406.413000
31.969510 606.984000 396.973500
31.985810 607.807200 402.024000
32.002200 598.432800 402.528000
32.021640 613.771200 421.029000
32.037480 612.595200 413.479500
32.054140 586.320000 410.098500
32.069790 618.340800 368.151000
32.084440 617.601600 363.048000
32.100430 624.237600 373.054500
32.117920 576.928800 381.675000
32.133390 577.416000 384.279000
32.150050 657.720000 377.254500
32.166530 635.997600 399.231000
32.182740 635.980800 399.105000
32.199070 644.044800 377.800500
32.215940 629.277600 417.637500
32.232510 628.908000 415.096500
32.248500 648.530400 378.567000
32.265440 647.068800 359.614500
32.281430 647.085600 359.740500
32.298000 638.467200 376.866000
32.314240 653.100000 390.631500
32.330900 653.923200 398.286000
32.347230 649.437600 382.546500
32.363310 648.984000 428.074500
32.379730 649.588800 432.904500
32.396060 644.632800 438.868500
32.413060 657.468000 403.410000
32.429440 656.611200 395.619000
32.445950 687.708000 401.698500
32.462160 715.764000 365.830500
32.479060 715.461600 358.123500
32.494870 686.599200 371.563500
32.511230 695.150400 396.091500
32.527950 695.486400 400.995000
32.544100 689.035200 410.214000
32.560670 703.836000 399.115500
32.577330 703.701600 396.574500
32.593230 689.673600 363.226500
32.609990 695.318400 348.694500
32.626620 695.469600 351.466500
32.642460 698.426400 373.222500
32.659390 700.442400 406.224000
32.675660 701.047200 416.220000
32.692380 704.306400 420.336000
32.708560 775.252800 391.450500
32.725100 775.471200 383.544000
32.741300 740.695200 386.526000
32.759310 743.853600 354.721500
32.774570 743.870400 354.648000
32.790410 736.495200 389.970000
32.807830 768.852000 393.036000
32.823700 768.616800 407.946000
32.840000 744.088800 419.454000
32.856230 755.596800 425.827500
32.890010 801.948000 412.828500
32.905670 821.587200 420.462000
32.922550 821.990400 415.285500
32.938660 813.304800 413.500500
32.955320 833.028000 407.295000
32.972380 833.649600 399.756000
32.988620 830.474400 409.752000
33.006290 827.584800 414.130500
33.020320 827.937600 409.741500
33.037080 822.242400 373.180500
33.053530 828.676800 436.663500
33.069820 828.777600 434.259000
33.086980 833.448000 454.492500
33.104490 819.991200 426.625500
33.120820 819.823200 429.019500
33.137600 887.611200 580.618500
33.365360 834.472800 543.721500
33.383300 834.960000 354.375000
33.397980 876.321600 384.247500
33.431270 860.899200 377.349000
33.447480 858.362400 404.260500
33.463500 857.505600 411.715500
33.480410 877.749600 384.688500
33.496250 869.853600 391.408500
33.513120 870.962400 382.368000
33.529360 872.306400 401.226000
33.545680 879.043200 387.439500
33.562470 879.967200 380.404500
33.578860 918.825600 392.080500
33.595400 913.617600 390.799500
33.611660 911.820000 401.457000
33.628020 946.394400 392.563500
33.644620 932.198400 417.763500
33.661010 931.308000 422.100000
33.677280 918.153600 380.614500
33.693880 922.084800 400.732500
33.726650 918.926400 400.984500
33.742890 920.354400 399.672000
33.759160 919.800000 402.549000
33.775760 953.652000 391.324500
33.792660 970.132800 393.235500
33.808780 972.014400 385.696500
33.825160 973.761600 381.507000
33.841860 970.368000 374.524500
33.858120 970.267200 374.094000
33.874110 974.232000 370.051500
33.891050 971.527200 372.697500
33.907100 972.568800 368.182500
33.923830 953.635200 375.039000
33.940370 742.207200 386.515500
33.956270 742.140000 383.911500
33.972990 547.982400 402.150000
33.989650 521.572800 414.529500
34.006040 521.539200 414.403500
34.022090 535.130400 418.792500
34.038790 534.693600 408.303000
34.055240 535.231200 410.571000
34.071410 514.298400 424.347000
34.087830 514.651200 428.211000
34.120570 430.365600 412.923000
34.137570 468.115200 408.313500
34.153690 467.476800 406.602000
34.170170 444.460800 410.445000
34.186770 465.830400 423.622500
34.202820 467.460000 428.452500
34.219640 449.836800 412.828500
34.235840 457.800000 403.504500
34.252170 456.926400 400.921500
34.268830 447.720000 405.079500
34.285280 461.143200 437.146500
34.301700 462.000000 439.656000
34.318360 455.599200 435.382500
34.335300 463.848000 442.018500
34.351350 465.511200 446.764500
34.367650 448.425600 461.821500
34.384430 456.506400 460.173000
34.401210 453.902400 452.917500
34.417050 464.150400 456.099000
34.434140 453.532800 433.597500
34.450590 451.869600 428.925000
34.465550 517.154400 443.929500
34.482240 527.318400 431.875500
34.499180 528.444000 436.653000
34.515110 538.876800 457.117500
34.533840 554.769600 454.471500
34.565000 531.568800 462.042000
34.581390 523.404000 432.274500
34.598330 523.454400 432.894000
34.614440 561.220800 425.764500
34.630920 563.455200 426.552000
34.647160 566.160000 438.585000
34.663360 581.313600 473.760000
34.680330 579.112800 460.719000
34.696530 577.651200 454.051500
34.712620 482.025600 470.011500
34.729770 472.869600 510.436500
34.746400 471.240000 506.184000
34.761780 449.534400 497.679000
34.778230 445.401600 514.794000
34.794530 443.587200 510.510000
34.810940 457.044000 450.607500
34.827880 445.149600 441.063000
34.844020 443.402400 436.369500
34.860050 447.115200 444.486000
34.876920 445.536000 469.896000
34.893190 448.140000 476.689500
34.909640 469.173600 474.915000
34.926180 514.382400 499.821000
34.942570 515.071200 501.858000
34.958980 487.586400 474.747000
34.975520 523.723200 463.228500
34.992130 523.051200 461.097000
35.007930 649.135200 465.706500
35.024540 628.017600 462.031500
35.044070 629.479200 471.282000
35.058960 642.667200 489.415500
35.076690 631.747200 500.965500
35.106600 631.209600 493.615500
35.123230 627.396000 493.951500
35.155790 629.109600 476.731500
35.172210 631.747200 459.984000
35.205410 675.948000 467.428500
35.221830 689.824800 462.063000
35.254610 694.713600 463.837500
35.271000 698.913600 464.079000
35.287660 698.745600 461.685000
35.303740 692.143200 452.287500
35.320560 705.448800 443.131500
35.336730 705.163200 438.438000
35.353120 696.847200 481.866000
35.370390 695.419200 497.049000
35.403080 718.586400 456.592500
35.419220 777.386400 462.252000
35.435730 777.319200 464.614500
35.452060 784.660800 475.650000
35.468810 778.125600 463.144500
35.501130 800.167200 480.963000
35.519130 793.329600 505.029000
35.534610 793.548000 500.671500
35.550380 806.551200 463.795500
35.566960 799.226400 491.893500
35.583010 799.612800 484.669500
35.599460 798.218400 427.980000
35.616030 848.416800 427.234500
35.632810 848.148000 429.775500
35.648770 870.122400 471.933000
35.664980 863.100000 480.805500
35.681880 862.092000 487.966500
35.699160 862.612800 488.827500
35.716310 853.759200 482.832000
35.733060 853.994400 480.658500
35.749210 868.106400 479.167500
35.765530 872.138400 497.353500
35.781520 872.239200 496.723500
35.797850 868.610400 472.332000
35.814300 863.822400 463.512000
35.830930 864.444000 458.976000
35.853150 870.592800 483.042000
35.863430 872.692800 477.708000
35.878810 871.567200 485.026500
35.895480 867.064800 474.348000
35.912110 924.302400 450.460500
35.928710 923.848800 452.959500
35.944850 943.168800 441.189000
35.961120 936.482400 458.766000
35.977940 935.457600 463.375500
35.994110 932.517600 465.780000
36.010860 931.963200 478.894500
36.043120 944.092800 472.279500
36.059750 928.015200 460.267500
36.076450 929.493600 453.096000
36.092800 965.781600 461.076000
36.109310 987.571200 453.369000
36.125760 989.520000 446.659500
36.142030 993.132000 448.360500
36.158390 975.945600 434.364000
36.174650 973.476000 443.751000
36.190980 964.084800 461.863500
36.207890 963.715200 453.117000
36.224000 962.488800 457.894500
36.240690 958.238400 498.078000
36.257110 1027.958400 482.349000
36.275090 1029.571200 477.750000
36.289640 1017.223200 476.836500
36.306300 1016.685600 470.662500
36.338960 879.715200 472.563000
36.355710 618.223200 530.607000
36.390290 495.801600 485.646000
36.404970 460.790400 508.483500
36.421510 459.060000 504.126000
36.437680 470.198400 512.379000
36.454130 468.350400 521.041500
36.470640 470.030400 525.273000
36.486540 464.940000 510.006000
36.505040 498.288000 513.208500
36.535830 484.814400 515.161500
36.552400 446.073600 499.873500
36.569060 445.250400 497.668500
36.585750 431.760000 492.586500
36.604190 420.168000 513.691500
36.618470 420.218400 513.796500
36.635160 445.972800 484.879500
36.651670 477.506400 490.486500
36.668090 476.616000 488.334000
36.684110 505.394400 469.948500
36.700560 499.648800 473.602500
36.717190 499.598400 473.497500
36.733250 530.728800 458.734500
36.750180 514.231200 478.443000
36.766510 513.609600 476.196000
36.782750 536.541600 496.723500
36.799320 528.628800 482.527500
36.815860 528.662400 482.643000
36.831790 511.593600 511.129500
36.848540 526.528800 475.723500
36.865080 527.856000 480.238500
36.881260 579.079200 470.946000
36.898160 588.252000 479.388000
36.914250 586.672800 472.185000
36.932430 584.136000 478.264500
36.947020 581.145600 461.265000
36.963530 581.128800 461.149500
36.979920 597.475200 493.605000
36.996490 573.652800 536.298000
37.012880 574.845600 540.865500
37.028750 567.722400 474.978000
37.045900 599.726400 495.820500
37.078490 669.043200 482.769000
37.097260 659.131200 478.516500
37.129850 639.945600 477.099000
37.144260 658.576800 468.930000
37.179290 651.050400 478.537500
37.193480 653.973600 493.962000
37.226350 655.754400 493.993500
37.242740 663.650400 507.748500
37.260680 663.801600 509.659500
37.275730 697.720800 479.577000
37.291780 695.402400 499.894500
37.308720 695.940000 506.247000
37.324980 697.300800 517.009500
37.341520 699.484800 538.996500
37.357510 699.518400 539.511000
37.376500 723.559200 524.884500
37.390530 705.499200 531.636000
37.423580 731.505600 511.171500
37.442470 728.515200 542.797500
37.456270 728.162400 531.804000
37.472810 769.255200 487.137000
37.489040 777.420000 469.770000
37.505400 777.537600 465.454500
37.522610 783.736800 513.271500
37.541080 777.184800 514.573500
37.555970 776.949600 521.367000
37.571930 758.940000 518.133000
37.591520 768.230400 528.307500
37.606690 768.448800 521.503500
37.619960 827.148000 497.217000
37.636510 824.527200 484.449000
37.653110 824.896800 480.259500
37.669740 838.723200 491.883000
37.686220 853.927200 497.847000
37.702970 852.969600 504.619500
37.719150 830.390400 496.366500
37.735660 841.747200 505.228500
37.751770 841.528800 507.276000
37.768430 836.455200 477.372000
37.784640 860.764800 516.232500
37.800900 861.352800 512.148000
37.817540 866.292000 502.036500
37.834080 880.320000 512.547000
37.850340 879.261600 518.773500
37.868130 868.896000 509.355000
37.883330 873.062400 510.940500
37.899570 872.709600 512.935500
37.916050 871.096800 512.683500
37.932800 874.053600 516.852000
37.949130 875.112000 510.646500
37.965120 868.795200 517.912500
37.981900 883.192800 525.346500
37.998050 882.789600 527.299500
38.014650 869.568000 507.139500
38.031040 869.114400 493.353000
38.047670 869.383200 491.295000
38.063720 962.488800 509.922000
38.080600 937.591200 498.897000
38.097050 937.070400 500.976000
38.113370 952.375200 503.254500
38.129820 941.673600 516.348000
38.145940 942.732000 512.284500
38.162630 958.776000 490.822500
38.178800 966.537600 505.543500
38.196560 965.848800 507.622500
38.211880 971.241600 517.713000
38.228520 960.775200 520.380000
38.244810 960.187200 522.322500
38.260930 981.607200 490.455000
38.277650 967.948800 494.728500
38.293950 968.520000 492.733500
38.310520 979.255200 497.584500
38.326810 943.353600 514.678500
38.343600 941.220000 522.994500
38.359710 973.543200 548.614500
38.376040 985.068000 537.915000
38.409090 988.596000 534.061500
38.425630 1003.161600 532.539000
38.441830 1004.623200 528.381000
38.458370 982.380000 523.719000
38.474670 999.180000 517.492500
38.491330 999.902400 515.434500
38.507480 1006.068000 518.931000
38.524050 1023.892800 510.657000
38.540590 1024.615200 508.651500
38.556550 1010.940000 519.718500
38.573330 1044.103200 508.662000
38.589660 1042.473600 512.809500
38.605770 1027.051200 516.631500
38.622340 994.980000 508.305000
38.654940 999.818400 519.676500
38.671630 1016.097600 514.647000
38.687840 1016.786400 512.473500
38.704190 1046.808000 487.011000
38.720760 1025.505600 520.485000
38.737370 1027.941600 513.891000
38.753630 1059.307200 505.680000
38.770110 1019.625600 494.739000
38.786410 1018.936800 496.765500
38.803010 862.663200 487.536000
38.821380 597.592800 561.939000
38.835910 597.727200 562.495500
38.852110 551.292000 523.330500
38.868840 513.676800 518.469000
38.901520 528.393600 519.613500
38.918000 510.904800 497.038500
38.950930 530.006400 502.498500
38.967160 460.454400 535.101000
38.983460 459.597600 532.854000
38.999940 457.111200 524.779500
39.016720 446.527200 516.589500
39.033080 445.569600 514.374000
39.049410 419.025600 512.967000
39.065610 473.844000 541.191000
39.082400 475.591200 545.485500
39.098570 436.598400 536.151000
39.115330 433.809600 536.445000
39.132050 432.818400 534.250500
39.148070 468.384000 525.451500
39.164580 427.459200 548.257500
39.180880 426.384000 546.304500
39.197170 469.862400 565.173000
39.213530 492.912000 554.568000
39.230320 492.878400 554.463000
39.246370 480.144000 573.436500
39.262760 465.393600 588.304500
39.295870 452.004000 559.135500
39.312160 458.640000 596.127000
39.328860 460.572000 600.148500
39.344760 472.164000 575.284500
39.361630 461.731200 561.004500
39.377960 460.773600 558.778500
39.394320 484.260000 586.582500
39.410680 497.599200 556.017000
39.427220 496.792800 553.990500
39.443420 480.765600 556.185000
39.460300 524.832000 581.070000
39.476720 524.781600 580.965000
39.492740 523.555200 557.224500
39.509860 507.981600 558.043500
39.542140 549.343200 536.949000
39.558620 556.399200 597.775500
39.575040 557.692800 601.776000
39.591400 559.826400 550.284000
39.608150 572.376000 575.652000
39.640590 552.031200 538.534500
39.657100 561.237600 558.820500
39.689670 558.028800 564.280500
39.706540 543.782400 566.632500
39.739260 568.041600 543.417000
39.756010 604.900800 546.976500
39.788880 607.488000 542.052000
39.804930 619.684800 568.323000
39.821230 620.037600 570.307500
39.837890 637.425600 577.447500
39.854220 599.188800 580.335000
39.870880 600.096000 584.031000
39.887420 624.993600 587.307000
39.903870 608.815200 565.887000
39.920260 608.462400 563.850000
39.936400 634.468800 566.380500
39.953090 698.544000 592.063500
39.969420 698.342400 590.310000
39.985870 674.150400 551.124000
40.002170 708.825600 582.414000
40.018890 709.094400 586.089000
40.035030 693.403200 567.546000
40.051670 692.311200 570.496500
40.067810 692.227200 568.575000
40.084320 664.809600 565.918500
40.100800 683.524800 544.918500
40.117370 682.651200 536.560500
40.133330 685.221600 543.417000
40.149960 703.533600 540.477000
40.166110 703.214400 536.119500
40.182950 717.679200 529.389000
40.199040 717.780000 554.631000
40.217010 718.015200 558.852000
40.232120 732.883200 555.429000
40.248410 732.345600 543.658500
40.281310 716.402400 548.635500
40.297910 737.452800 565.183500
40.314330 737.335200 561.015000
40.330840 775.471200 533.977500
40.347380 776.546400 529.399500
40.363590 776.412000 533.799000
40.380130 783.266400 550.200000
40.396480 796.269600 526.102500
40.413060 796.017600 530.617500
40.429570 778.495200 539.374500
40.445710 781.720800 572.869500
40.462400 781.888800 568.659000
40.478610 764.618400 527.803500
40.496460 766.533600 536.833500
40.514310 766.567200 534.576000
40.529360 839.596800 533.746500
40.545440 823.183200 546.714000
40.561000 823.603200 542.535000
40.577090 833.246400 555.859500
40.593960 855.993600 542.766000
40.610320 855.372000 546.829500
40.626460 848.030400 535.657500
40.643190 845.560800 535.930500
40.659060 845.090400 539.994000
40.675660 845.812800 522.186000
40.691990 845.275200 534.261000
40.708250 846.316800 526.207500
40.725130 855.993600 523.477500
40.741490 946.125600 526.543500
40.758210 945.554400 528.738000
40.774260 918.254400 535.500000
40.790770 897.909600 539.689500
40.807130 895.843200 549.612000
40.823490 907.435200 560.521500
40.840150 907.552800 556.059000
40.856260 905.251200 566.286000
40.872960 903.100800 576.597000
40.889100 897.842400 576.072000
40.905490 898.850400 571.809000
40.922330 536.390400 588.304500
40.938720 500.908800 608.800500
40.955050 498.086400 602.133000
40.971740 488.090400 577.815000
40.987760 479.539200 591.465000
41.020900 485.083200 592.263000
41.036900 501.177600 595.843500
41.053830 501.799200 597.618000
41.069950 498.976800 593.995500
41.086880 435.825600 616.276500
41.103000 434.683200 614.008500
41.119510 446.930400 604.642500
41.135770 441.520800 609.546000
41.152070 439.740000 606.144000
41.168300 449.517600 595.959000
41.185270 435.859200 601.356000
41.201260 437.942400 605.335500
41.217930 456.220800 574.255500
41.234310 443.721600 592.399500
41.250850 445.552800 596.053500
41.267270 496.070400 589.491000
41.283750 535.214400 645.939000
41.316440 520.380000 602.070000
41.333470 523.336800 610.984500
41.350250 521.976000 607.435500
41.366490 528.108000 591.066000
41.384120 513.525600 595.381500
41.415860 514.449600 627.123000
41.432800 530.846400 598.437000
41.465060 517.608000 560.679000
41.482030 542.421600 600.432000
41.514370 494.121600 583.411500
41.531250 505.377600 596.106000
41.547210 506.839200 599.728500
41.563450 469.442400 591.454500
41.580410 473.356800 630.178500
41.612670 476.179200 607.078500
41.629670 472.063200 611.121000
41.662350 505.159200 598.888500
41.678710 489.451200 641.959500
41.695400 491.064000 645.351000
41.711880 509.443200 604.380000
41.727840 594.031200 619.794000
41.744720 594.451200 621.642000
41.761170 590.654400 617.043000
41.776980 623.767200 614.733000
41.793030 622.843200 610.554000
41.809200 597.021600 576.334500
41.826050 589.243200 569.373000
41.842500 587.882400 563.619000
41.858800 591.511200 563.797500
41.875340 592.300800 583.842000
41.891690 592.804800 586.152000
41.908230 655.888800 595.969500
41.924710 661.332000 626.314500
41.940950 661.264800 625.821000
41.957550 642.868800 575.316000
41.973790 672.873600 571.935000
41.990110 672.336000 567.703500
42.006500 686.229600 567.724500
42.023100 665.952000 559.482000
42.039550 666.321600 561.771000
42.056060 662.944800 584.398500
42.071990 657.300000 560.637000
42.088530 657.384000 561.183000
42.104920 640.718400 560.227500
42.121890 662.793600 595.056000
42.138090 662.188800 591.013500
42.154660 771.187200 589.144500
42.171020 769.087200 576.943500
42.203800 749.212800 564.175500
42.220370 742.644000 574.140000
42.236820 742.694400 576.219000
42.252690 771.556800 598.888500
42.269780 752.959200 592.389000
42.285770 752.908800 594.037500
42.302340 752.640000 638.494500
42.318700 755.008800 603.865500
42.335540 755.076000 609.378000
42.351440 759.494400 599.413500
42.368040 816.261600 608.233500
42.384490 816.765600 602.700000
42.400630 834.456000 603.970500
42.417390 835.060800 591.244500
42.433750 835.010400 591.570000
42.449980 826.375200 606.438000
42.466830 825.921600 597.891000
42.482850 824.997600 604.810500
42.499660 838.420800 617.715000
42.516080 848.198400 607.887000
42.532560 848.416800 606.921000
42.548830 848.702400 604.380000
42.565310 843.948000 588.714000
42.581820 845.392800 578.256000
42.597840 846.652800 551.827500
42.614650 856.044000 594.709500
42.630800 855.691200 596.494500
42.647430 825.871200 627.889500
42.663670 832.977600 604.002000
42.680210 832.843200 605.713500
42.696260 888.736800 582.277500
42.713170 868.694400 587.800500
42.729190 868.593600 588.325500
42.745790 864.612000 587.128500
42.762080 852.852000 608.086500
42.778810 852.583200 609.787500
42.794890 869.584800 632.898000
42.811280 863.704800 620.277000
42.828090 864.595200 615.961500
42.844360 876.943200 587.811000
42.860780 914.155200 532.171500
42.877380 915.096000 528.013500
42.893920 909.468000 553.329000
42.910130 902.176800 600.484500
42.926820 901.236000 604.422000
42.943150 903.000000 608.937000
42.959560 888.367200 592.987500
42.976100 889.509600 587.454000
42.992190 893.726400 548.068500
43.008670 906.914400 555.292500
43.025090 905.620800 561.036000
43.041470 910.492800 581.773500
43.058200 907.804800 573.699000
43.074340 908.292000 571.714500
43.090880 1011.242400 580.807500
43.107030 1015.140000 592.504500
43.123810 1015.005600 592.819500
43.141050 1014.619200 607.740000
43.157960 1001.515200 627.973500
43.174560 999.213600 633.496500
43.189610 1004.606400 584.482500
43.206020 1012.435200 591.664500
43.222260 1011.679200 593.386500
43.238920 990.007200 607.299000
43.255520 1000.944000 600.243000
43.271970 1002.355200 596.725500
43.287930 919.060800 585.774000
43.304930 643.020000 587.065500
43.339900 491.400000 631.260000
43.353880 463.898400 610.260000
43.370450 463.108800 608.328000
43.386320 497.330400 610.375500
43.403140 513.139200 624.162000
43.419770 512.282400 622.240500
43.435850 500.908800 617.526000
43.452730 469.845600 628.204500
43.468690 471.660000 631.879500
43.485050 471.626400 639.607500
43.501460 446.594400 621.873000
43.518340 448.408800 625.317000
43.534450 439.471200 611.688000
43.551330 447.652800 617.505000
43.583890 454.540800 608.601000
43.600460 460.353600 625.075500
43.633330 452.978400 640.815000
43.649570 468.871200 623.469000
43.666140 469.744800 625.180500
43.682220 462.840000 633.055500
43.698730 483.453600 646.653000
43.715390 483.403200 646.569000
43.731510 460.958400 612.811500
43.748350 455.649600 614.166000
43.781070 453.398400 603.288000
43.797580 512.080800 656.796000
43.813660 511.408800 655.137000
43.831910 518.028000 639.639000
43.847410 526.528800 623.973000
43.862580 527.133600 625.737000
43.879550 532.207200 651.357000
43.896180 544.101600 650.884500
43.912510 543.916800 650.401500
43.928740 608.630400 626.094000
43.945560 586.723200 615.741000
43.962250 585.715200 612.213000
43.978270 608.109600 621.705000
43.994320 615.669600 619.321500
44.010800 616.224000 621.547500
44.027130 571.502400 616.885500
44.044010 572.376000 628.215000
44.060180 572.829600 630.168000
44.076510 573.904800 606.606000
44.093290 589.948800 616.812000
44.109770 589.360800 614.418000
44.125760 696.360000 580.429500
44.142270 669.009600 600.621000
44.159180 668.522400 597.145500
44.174990 691.252800 619.573500
44.191890 702.660000 635.082000
44.208160 703.012800 638.883000
44.224460 681.676800 602.290500
44.242160 677.275200 605.902500
44.273620 688.380000 622.555500
44.290650 696.477600 637.024500
44.323150 718.502400 650.034000
44.339290 720.115200 643.419000
44.356080 719.678400 636.384000
44.372530 725.491200 598.804500
44.388640 721.644000 600.033000
44.405240 721.711200 601.818000
44.421810 723.844800 598.710000
44.438050 789.213600 613.998000
44.454830 789.163200 613.683000
44.470890 795.144000 614.166000
44.487400 800.436000 608.233500
44.504000 800.956800 601.156500
44.520110 787.046400 570.391500
44.537050 818.664000 595.455000
44.553220 817.941600 603.225000
44.570250 850.164000 617.988000
44.586240 849.072000 623.385000
44.602450 848.820000 624.907500
44.618530 861.470400 609.651000
44.635190 851.054400 617.715000
44.651760 852.213600 610.543500
44.667850 872.642400 586.866000
44.684570 861.621600 604.128000
44.703190 860.949600 607.981500
44.717350 843.880800 629.527500
44.734130 845.611200 620.907000
44.750430 845.023200 624.729000
44.766820 904.797600 612.538500
44.782960 901.404000 598.689000
44.799590 900.547200 602.280000
44.820500 905.805600 613.851000
44.833310 907.720800 623.500500
44.849180 906.796800 626.997000
44.865420 900.312000 615.510000
44.881560 902.076000 621.211500
44.898410 902.966400 617.683500
44.914310 903.067200 604.516500
44.930940 919.396800 602.773500
44.946810 921.429600 595.182000
44.963680 929.292000 609.126000
44.979830 936.381600 607.225500
44.996640 934.785600 612.528000
45.012970 945.252000 605.839500
45.029940 955.768800 639.460500
45.045930 952.005600 650.023500
45.062260 963.698400 631.249500
45.078580 950.023200 636.394500
45.095280 951.484800 632.488500
45.111420 969.914400 619.951500
45.127660 965.848800 608.265000
45.144010 968.822400 599.319000
45.160860 644.263200 648.700500
45.177220 573.266400 620.550000
45.193820 572.863200 618.922500
45.210660 591.645600 615.426000
45.227140 588.084000 629.716500
45.244510 588.067200 629.926500
45.259190 589.579200 587.370000
45.276210 564.211200 592.977000
45.292240 566.546400 600.537000
45.308690 573.938400 640.510500
45.325620 601.104000 694.354500
45.341980 600.028800 690.952500
45.359620 598.416000 613.893000
45.374730 639.962400 642.106500
45.391050 639.660000 640.447500
45.407200 611.755200 624.508500
45.423860 622.255200 628.341000
45.440400 622.624800 630.567000
45.456390 629.227200 631.627500
45.472870 652.125600 638.515500
45.489260 652.461600 640.132500
45.506010 638.131200 626.493000
45.522400 626.388000 630.882000
45.538940 626.404800 630.966000
45.555110 684.465600 640.531500
45.571840 669.093600 662.707500
45.587800 668.505600 659.095500
45.604370 680.769600 642.579000
45.621060 683.121600 608.128500
45.653900 704.071200 596.053500
45.670260 675.460800 638.841000
45.686920 676.468800 645.981000
45.703090 683.592000 637.518000
45.719570 688.178400 627.280500
45.752410 672.453600 638.715000
45.768740 721.996800 668.913000
45.785220 721.560000 662.098500
45.801360 749.985600 653.845500
45.818210 767.911200 639.366000
45.834320 767.844000 637.791000
45.850800 774.883200 603.561000
45.867190 782.191200 634.368000
45.883790 781.989600 639.828000
45.899930 799.915200 603.666000
45.916350 779.906400 630.073500
45.933200 779.889600 630.157500
45.949010 781.418400 657.688500
45.966030 779.688000 652.470000
45.982450 779.570400 654.192000
45.998780 895.893600 653.236500
46.016200 1027.622400 642.495000
46.031590 1030.327200 636.919500
46.047970 1013.678400 614.019000
46.064390 1019.440800 618.523500
46.081120 1022.649600 611.383500
46.096950 1031.570400 598.762500
46.113950 1029.722400 577.636500
46.146450 1038.928800 582.340500
46.163210 1007.647200 596.767500
46.195430 1000.876800 590.992500
46.212370 971.947200 588.409500
46.230290 968.738400 597.744000
46.247010 1021.876800 611.436000
46.262020 1014.132000 609.924000
46.278380 1010.856000 617.494500
46.294590 1023.792000 652.816500
46.311130 1031.049600 660.345000
46.346650 720.888000 640.657500
46.360600 540.724800 656.103000
46.376890 538.708800 650.611500
46.393130 491.265600 625.894500
46.410060 508.804800 633.213000
46.426390 505.932000 626.598000
46.442870 511.072800 645.792000
46.459010 497.935200 633.864000
46.475740 500.354400 639.030000
46.492770 512.416800 597.744000
46.509190 519.338400 642.064500
46.525700 519.187200 641.875500
46.542510 484.881600 638.221500
46.560670 528.108000 650.811000
46.574770 530.930400 657.615000
46.590210 562.984800 642.652500
46.606780 564.396000 646.558500
46.624240 565.572000 650.002500
46.640350 569.738400 663.841500
46.657100 567.655200 681.345000
46.673580 564.614400 672.966000
46.690310 558.230400 622.041000
46.705080 596.030400 637.717500
46.721710 595.106400 634.483500
46.738010 543.580800 644.752500
46.754550 561.338400 629.191500
46.787200 579.079200 570.948000
46.803740 561.237600 619.941000
46.821350 560.632800 618.250500
46.836520 619.701600 634.756500
46.853090 603.422400 660.838500
46.869780 604.900800 665.878500
46.885770 631.142400 630.577500
46.902340 637.022400 604.401000
46.918950 635.863200 598.783500
46.934940 636.132000 629.832000
46.951540 637.072800 603.981000
46.968020 636.972000 603.477000
46.984160 626.203200 605.787000
47.000820 630.856800 635.145000
47.017580 632.116800 640.531500
47.033940 626.640000 636.825000
47.050450 626.908800 654.129000
47.066800 627.799200 657.909000
47.083220 626.942400 642.642000
47.099820 636.652800 658.056000
47.132480 626.354400 658.266000
47.149080 646.178400 657.720000
47.165370 645.523200 654.433500
47.181670 673.209600 633.759000
47.197970 683.491200 631.270500
47.215550 683.071200 627.868500
47.231050 657.132000 663.621000
47.247340 664.876800 636.300000
47.263790 665.414400 639.639000
47.280300 654.410400 642.474000
47.296910 699.300000 660.691500
47.312840 698.930400 657.058500
47.329590 737.116800 631.816500
47.345760 763.408800 644.332500
47.378600 739.552800 617.442000
47.395320 751.094400 630.703500
47.411500 751.144800 636.058500
47.427760 753.698400 653.656500
47.444460 755.025600 647.545500
47.461300 754.941600 646.023000
47.477200 771.758400 664.167000
47.493990 757.764000 661.174500
47.526820 864.964800 665.490000
47.544530 876.993600 658.098000
47.560460 876.758400 659.641500
47.575840 866.292000 686.427000
47.592770 869.803200 685.534500
47.609190 870.240000 684.190500
47.625550 885.931200 683.676000
47.642760 789.784800 622.681500
47.665920 790.137600 617.484000
47.675260 488.930400 696.843000
47.691250 511.056000 703.941000
47.707730 512.652000 707.070000
47.724180 485.251200 705.316500
47.740480 493.584000 716.026500
47.773070 491.685600 677.281500
47.789860 493.668000 712.530000
47.806180 494.407200 713.937000
48.118650 542.337600 732.732000
48.136050 579.650400 732.921000
48.150600 578.726400 730.275000
48.167210 551.964000 733.540500
48.183690 550.956000 729.571500
48.201720 548.956800 725.487000
48.216640 542.001600 715.690500
48.232820 547.965600 698.449500
48.249510 549.309600 701.610000
48.265780 566.563200 688.023000
48.282410 564.900000 716.236500
48.298770 564.328800 714.682500
48.314700 566.227200 727.713000
48.331790 648.597600 689.713500
48.347810 648.160800 688.159500
48.364170 627.664800 690.879000
48.380550 633.192000 724.647000
48.397220 633.679200 726.243000
48.413640 641.004000 684.411000
48.430210 631.360800 698.092500
48.446290 630.873600 696.454500
48.462620 633.914400 677.764500
48.479370 636.283200 681.513000
48.495510 637.980000 689.136000
48.512050 645.741600 670.330500
48.530150 696.780000 700.749000
48.545070 697.132800 703.699500
48.561280 760.099200 729.708000
48.577940 758.788800 735.420000
48.594240 758.805600 732.648000
48.610530 745.281600 727.734000
48.626920 726.549600 747.442500
48.643430 726.516000 744.376500
48.660060 708.909600 737.929500
48.676420 725.172000 732.795000
48.692960 724.920000 730.012500
48.709350 813.691200 700.591500
48.725650 793.329600 750.046500
48.743190 792.993600 755.349000
48.758480 810.499200 728.962500
48.775120 825.048000 773.514000
48.791410 825.350400 771.057000
48.807830 858.261600 713.590500
48.824340 820.982400 738.276000
48.840640 821.200800 736.680000
48.856990 821.503200 734.401500
48.873470 889.492800 755.317500
48.889920 890.265600 752.860500
48.906590 894.314400 717.654000
48.922790 912.374400 710.724000
48.939480 911.332800 713.884500
48.955690 900.765600 729.099000
48.972170 910.039200 727.944000
49.004940 889.022400 756.126000
49.021580 709.430400 792.414000
49.037600 709.564800 793.663500
49.053830 511.459200 807.397500
49.071560 512.366400 859.887000
49.087160 512.131200 859.614000
49.103210 481.740000 849.198000
49.120000 471.307200 832.366500
49.152650 478.178400 830.497500
49.170960 483.537600 844.389000
49.202880 491.551200 809.959500
49.219020 498.976800 809.287500
49.235320 498.304800 808.216500
49.251890 519.405600 873.631500
49.268220 476.061600 805.182000
49.284700 475.490400 804.226500
49.300720 445.368000 806.872500
49.317410 454.020000 805.833000
49.334080 451.617600 803.292000
49.350310 607.286400 780.979500
49.366940 622.843200 813.445500
49.383300 624.237600 816.795000
49.399480 594.132000 807.387000
49.415800 573.988800 806.830500
49.432370 574.156800 807.145500
49.448520 627.261600 770.395500
49.466520 608.563200 783.205500
49.482850 609.453600 785.578500
49.499450 627.664800 833.542500
49.516200 646.010400 869.599500
49.533020 646.212000 870.439500
49.548190 674.772000 748.219500
49.564060 689.488800 811.954500
49.579930 689.858400 812.973000
49.596500 680.080800 793.642500
49.613220 669.547200 824.827500
49.629520 668.522400 821.299500
49.645840 685.692000 761.995500
49.662600 688.077600 789.127500
49.679110 687.960000 787.804500
49.694950 670.252800 777.283500
49.711790 654.192000 815.062500
49.729400 654.276000 815.367000
49.744570 756.436800 825.594000
49.761020 790.692000 798.546000
49.793850 814.262400 773.199000
49.810550 818.697600 815.083500
49.826900 818.412000 816.375000
49.845520 791.162400 772.579500
49.859860 771.002400 792.025500
49.876010 771.019200 793.159500
49.892210 845.342400 803.281500
49.909150 858.429600 827.526000
49.925570 859.051200 825.489000
49.941470 851.155200 819.966000
49.958010 850.197600 811.996500
49.990810 871.231200 790.314000
50.007390 858.009600 814.999500
50.024110 858.228000 813.844500
50.040100 854.212800 784.444500
50.057530 852.549600 782.712000
50.073030 851.978400 785.011500
50.088780 889.560000 845.155500
50.105410 896.817600 849.555000
50.122280 897.136800 849.366000
50.138430 920.119200 819.493500
50.154850 922.068000 809.413500
50.170990 922.857600 807.366000
50.187870 900.261600 865.536000
50.204220 920.152800 816.501000
50.220670 918.019200 820.953000
50.236940 894.936000 842.331000
50.253630 923.227200 823.452000
50.270020 923.832000 822.339000
50.285920 943.857600 781.935000
50.302460 915.146400 822.759000
50.319030 916.104000 820.690500
50.337550 535.735200 837.805500
50.353270 598.180800 829.405500
50.370000 599.172000 831.463500
50.387970 578.088000 861.073500
50.403750 582.926400 817.582500
50.434020 563.068800 843.517500
