0.000000 35.846382 62.417766
0.017090 18.241147 40.427728
0.029790 -2.990925 5.218022
0.046390 1.476315 8.613499
0.062010 4.039174 -3.142285
0.078610 8.139225 -4.684126
0.094730 0.993132 -5.192007
0.111570 -0.400088 1.141279
0.127690 -0.025972 6.309534
0.143800 1.612563 -2.233199
0.160890 -0.807510 -7.144327
0.177250 -3.320847 -1.337534
0.195800 -2.853240 4.312553
0.216310 -0.678294 5.307973
0.230710 0.888110 0.719283
0.242680 6.593289 3.024736
0.260010 8.626371 1.028787
0.276370 2.676616 -3.669945
0.292970 -11.718591 -5.521427
0.309570 14.131329 1.139389
0.327390 37.379126 9.289344
0.342530 52.298657 0.250977
0.358400 34.488148 -7.288126
0.374760 0.783315 -7.623876
0.391850 -1.178716 -2.773713
0.407960 -3.766375 -0.122251
0.428220 7.621797 -2.906502
0.440670 11.570740 -6.783696
0.456050 10.083646 -1.392232
0.472170 -7.832707 5.846475
0.487790 17.154475 5.155857
0.504640 61.031582 -6.957904
0.520750 79.318805 -18.178386
0.538570 54.630812 -17.371018
0.553470 -1.982143 -9.728864
0.570070 -15.708894 -2.468392
0.586430 -16.644252 -5.958471
0.603030 -0.407044 1.407071
0.619380 21.813654 7.156874
0.636230 16.778300 14.492323
0.652340 5.986036 8.932496
0.668950 -31.013766 -6.051872
0.685060 -63.231224 -10.155743
0.701900 -76.412819 -7.157110
0.719970 -52.156622 3.691541
0.737300 -15.989733 8.100943
0.755370 -4.209824 8.215609
0.769040 -5.631504 5.218896
0.785400 1.899955 8.908206
0.801270 9.905135 6.680467
0.818120 4.185894 -4.504436
0.833980 -4.301576 -7.898029
0.850340 -6.528833 -11.011436
0.866460 2.604938 -6.947697
0.883540 -7.602214 -4.804534
0.899660 7.642173 7.522419
0.916260 9.333121 20.842178
0.932620 57.867447 13.307777
0.948970 76.737917 2.379220
0.965330 45.412473 -6.878680
0.983150 27.213524 -11.140466
0.998290 -8.176500 -11.313797
1.014890 4.121361 -9.515412
1.031740 -4.045071 0.200106
1.047610 -5.541908 9.026628
1.063480 5.697625 9.464424
1.082760 1.005834 12.871571
1.097170 -0.267204 10.019578
1.113530 0.503484 3.262056
1.129390 1.014340 -1.358350
1.146730 -4.491658 -8.504150
1.162840 -6.423472 -10.238321
1.178960 -0.970033 -10.002967
1.212400 5.120916 -2.752802
1.228270 8.553636 4.440262
1.261960 6.583460 2.847290
1.277830 3.974830 -2.211722
1.294920 -9.342156 -9.897210
1.310550 -36.453262 -13.670052
1.327390 20.210223 -6.965394
1.344240 99.206806 2.111539
1.360350 120.564253 8.774309
1.376710 65.500405 6.544252
1.392580 -7.594994 2.999053
1.410160 -4.962061 7.497964
1.425780 -0.296049 11.283695
1.442870 -0.669258 16.045086
1.458250 0.788532 15.493138
1.475830 -1.386302 6.693509
1.491700 -9.637709 -1.015649
1.507570 -7.894744 -4.109023
1.524900 1.753651 -1.393083
1.557370 10.658910 -2.654888
1.574220 3.325383 -9.238804
1.590820 0.362472 -14.758741
1.606200 4.675048 -16.790369
1.622800 8.252978 -8.620185
1.638670 0.837490 3.251990
1.654540 -14.084529 14.671179
1.672120 -7.409752 16.388171
1.688960 6.217929 8.319996
1.704830 20.491997 -2.955672
1.721920 2.781524 -14.282916
1.739500 -12.156585 -9.052477
1.754640 -10.309298 1.965353
1.770020 -0.466625 4.395724
1.786620 4.345732 0.451389
1.803470 -5.904756 -2.265310
1.819820 -6.391565 2.602717
1.836180 1.515518 0.360752
1.852540 8.782578 -3.160692
1.869140 7.317925 1.823136
1.885740 0.842593 9.131582
1.901610 -3.345344 9.604559
1.918460 -4.191867 2.888521
1.934570 -4.969508 -5.717326
1.951170 -3.073074 -10.365579
1.967290 -0.726797 -6.578465
1.984620 5.194975 -1.546594
2.000490 4.880289 2.353962
2.018070 6.524826 1.577310
2.033450 1.756524 -0.079248
2.049320 -3.304250 2.470235
2.067870 -4.978392 2.742359
2.082280 -5.460099 3.825889
2.098880 -3.657951 2.853552
2.115230 0.684947 4.585999
2.132320 6.456097 8.381806
2.148680 8.090722 7.677629
2.164790 3.404622 1.870486
2.182130 -0.706194 -6.519443
2.197750 1.667267 -10.668767
2.214600 5.276444 -11.052595
2.230220 5.851716 -9.651815
2.247070 1.133917 -7.141232
2.263180 3.469986 4.457109
2.280270 1.781588 9.634448
2.297360 -0.763052 4.156444
2.312740 -3.154203 13.803569
2.329830 -4.332992 28.461697
2.345950 2.242693 42.974975
2.362550 4.434913 21.732546
2.396240 8.157825 -7.671155
2.411620 -3.859564 -7.139673
2.427980 -13.461642 2.300894
2.444090 -12.934433 12.981815
2.461180 -0.958956 9.190391
2.476810 9.043768 3.570944
2.493410 20.126113 0.547484
2.510500 -23.682765 -5.653152
2.526610 -88.691947 -3.184272
2.542240 -105.733475 3.366066
2.559330 -58.569671 -2.480632
2.575680 1.190511 -1.540262
2.592040 0.599319 -3.237412
2.608640 -4.386220 3.027312
2.641360 -0.154055 2.887411
2.658200 5.668477 -2.499061
2.673580 0.228984 3.408974
2.689700 -2.245642 -4.937535
2.706300 -1.827672 -2.671569
2.739990 -18.010137 1.819214
2.756840 37.399951 7.157086
2.772460 88.394905 10.458104
2.789790 89.431462 -1.645453
2.805660 42.351861 -4.593749
2.837890 -17.432967 -5.663761
2.855470 1.340331 -3.855046
2.871090 6.663379 0.664915
2.887940 28.295868 -0.259790
2.904050 -29.181722 -3.625241
2.920410 -121.980267 4.193067
2.936770 -141.325609 10.776060
2.955080 -106.756992 19.815150
2.969970 -34.451108 10.021373
2.987060 -26.828725 -7.088542
3.003170 -7.553182 -9.605883
3.019040 8.389527 -7.650694
3.036130 -10.685070 -0.003237
3.053710 -12.381404 3.347683
3.067870 -8.362157 3.734496
3.084470 4.527686 0.775258
3.101810 0.542045 4.595521
3.118410 3.292909 5.066874
3.134280 9.324653 5.438281
3.150630 -9.752709 0.212250
3.183590 34.565139 -5.159826
3.199710 85.007005 -0.808030
3.232420 90.010424 -6.065789
3.249270 47.767759 -4.493520
3.281740 -8.791500 -3.073504
3.298580 -5.314475 -2.591919
3.331050 -0.936878 1.216558
3.347660 3.075607 -0.618652
3.382320 6.870434 -0.506702
3.396240 2.106785 -0.447372
3.413570 -4.330232 0.303407
3.429440 -4.013958 -2.338722
3.445800 -8.122478 -5.317849
3.462650 13.035898 8.892943
3.479000 70.912806 8.907592
3.496580 91.163331 -3.227582
3.528080 61.913500 -9.272379
3.545410 8.320232 -9.260896
3.577880 -8.322500 0.938551
3.593990 8.627278 -4.373868
3.626950 -0.711373 3.457719
3.644290 -4.275680 14.177468
3.675290 -5.640389 15.263721
3.692140 2.440601 2.586320
3.710450 2.838572 -5.711584
3.724370 9.316033 -0.669972
3.740720 -25.281990 -4.889996
3.759030 -77.066978 -7.516583
3.775150 -90.708538 -5.974656
3.791260 -57.664942 -1.530007
3.824220 -3.465979 -0.367014
3.841060 4.237043 -4.221231
3.874020 2.200654 1.931541
3.889890 3.083055 2.126259
3.923100 0.850721 -5.175444
3.939450 -9.722806 -1.569868
3.972410 -5.714977 1.836013
3.987790 6.794145 2.482829
4.020510 15.668105 -3.207522
4.037110 7.553447 -0.992187
4.054690 -7.417729 5.358867
4.070560 -6.679673 2.101450
4.086670 0.144301 -1.263389
4.119380 4.295489 -5.816090
4.136230 5.640729 -0.699318
4.152100 -0.663739 6.726848
4.168950 -17.855033 12.610678
4.185550 8.565204 -0.986871
4.218260 25.982501 -16.792637
4.234620 72.397498 -15.591095
4.251220 73.333241 -3.033479
4.267580 41.409475 14.383189
4.283690 21.924071 10.334651
4.316160 -11.380360 4.704091
4.334230 4.131190 -0.666735
4.349610 2.201448 -0.000614
4.365970 4.472529 5.059998
4.383060 -2.430243 5.963646
4.398440 -8.405707 1.530621
4.415530 -7.576923 -6.549899
4.432130 0.886938 -5.742418
4.447750 2.897509 0.646746
4.464600 1.224195 3.364601
4.480710 4.834659 1.208997
4.514160 2.685349 -5.027605
4.530760 -3.191781 -4.546115
4.563480 1.584777 -5.451252
4.579830 8.921433 0.874070
4.613040 19.562221 8.377576
4.628910 -20.249650 14.711156
4.645020 -74.233422 15.456020
4.662350 -80.182317 8.679940
4.678710 -51.772156 -0.332517
4.693850 -4.690170 -9.687917
4.709470 1.171873 -7.391686
4.725830 1.712444 -3.827638
4.758300 13.129651 1.830366
4.775390 3.363415 -5.235813
4.807860 4.782716 2.047956
4.824460 -8.126787 -0.431849
4.841060 -15.021180 -2.814117
4.859380 -28.287930 -2.003417
4.875730 16.700427 -7.830453
4.892090 81.134309 4.190019
4.907960 80.423442 10.968931
4.925540 42.393810 8.296628
4.941650 -4.024883 -1.392091
4.958010 7.950203 -13.404908
4.973880 6.334329 0.274912
4.990480 0.409199 6.113872
5.006100 -1.571091 -4.719284
5.022950 7.345371 -9.434157
5.040530 6.749346 -3.307090
5.056400 1.088135 11.387656
5.072270 -8.685232 7.753403
5.088870 -10.662199 -4.712692
5.105710 -2.858570 -13.648244
5.121830 1.141554 -6.093717
5.138430 29.394679 3.991923
5.155030 -28.563069 14.782534
5.171390 -104.414784 21.525725
5.204100 -137.242612 20.307047
5.220460 -93.628313 17.617019
5.252200 -10.237017 6.089984
5.268310 -2.045579 12.798870
5.284910 -5.742499 6.275722
5.301270 -10.905883 -5.388851
5.318120 -10.126894 -15.086329
5.334230 -9.395233 0.418995
5.354000 28.692039 1.388735
5.367190 -3.109821 5.346628
5.382810 -41.523949 14.517107
5.402100 -55.174776 13.037080
5.418950 -37.127564 28.543413
5.434810 1.787524 4.529434
5.450930 -23.199406 0.543798
5.467290 -4.769938 1.541703
5.484380 10.089921 4.835982
5.500490 11.089950 20.063107
5.517090 2.719903 6.451371
5.533200 0.120522 -12.974727
5.549560 11.264604 -17.841093
5.566410 5.327102 -11.762906
5.598630 0.770878 -0.587108
5.615230 -3.291397 -0.857318
5.648680 -2.137104 -1.032520
5.664790 4.239349 3.002644
5.697020 -1.777468 5.021154
5.713130 -5.288504 6.136129
5.746830 -7.836337 8.406993
5.762940 1.242946 1.996802
5.779050 10.652407 -3.446353
5.795170 9.411262 -6.072948
5.811280 3.076666 4.199470
5.828610 -6.357994 7.790735
5.845460 -4.958280 0.149849
5.861080 -14.070050 -5.212445
5.877690 -6.852061 -4.562513
5.894290 -12.500032 2.805044
5.909910 40.309894 4.955799
5.927490 84.202218 -6.057401
5.943600 73.045122 -22.218080
5.959960 40.545496 -8.053026
5.976560 -8.447065 5.579977
5.992680 -0.793220 9.377687
6.009770 3.004459 -6.524358
6.026610 -0.817529 -6.452529
6.041990 -8.665574 7.480503
6.058840 5.348159 3.001864
6.075680 23.110649 5.063519
6.091310 32.045982 7.605163
6.107670 11.973350 5.908640
6.123540 -6.425740 3.693974
6.141110 1.529506 5.462830
6.156740 4.406333 2.919875
6.174070 5.348915 -3.557405
6.190190 1.324907 -16.802041
6.206300 -5.539942 3.882407
6.222410 19.035071 16.510865
6.238770 28.715587 10.925787
6.255860 66.402058 -6.347362
6.269780 74.245960 -24.182760
6.434570 48.131773 -17.457374
6.453130 20.359011 -8.019806
6.468990 -15.842301 5.949682
6.485110 0.357936 4.767225
6.501710 -0.016332 8.380884
6.518310 -3.009449 7.660901
6.535160 -5.525689 4.117032
6.552980 -3.390596 -5.382212
6.567380 2.218914 -9.490462
6.583740 6.720955 -4.204030
6.600340 1.278482 -1.046319
6.616700 1.681255 -1.673807
6.633300 -2.144250 -0.669547
6.649900 -0.037502 -3.964750
6.683350 16.554281 6.952989
6.699460 -29.631827 2.607443
6.732420 -89.799345 -7.677795
6.748540 -105.670438 -13.774059
6.927730 -58.754567 -16.687238
6.946780 12.517800 3.020153
6.962160 9.816333 3.733527
6.978520 -3.905950 4.099642
6.995360 -10.664013 6.156685
7.011470 -2.978411 2.479119
7.027830 6.722165 -5.897748
7.044190 6.687876 -15.416327
7.077390 5.890882 -15.230407
7.093510 -4.030516 0.564591
7.110110 -5.572378 8.419752
7.126460 -9.863210 11.474888
7.142580 -1.578388 -3.747397
7.159670 0.743431 -15.422801
7.175290 -4.876660 -15.769833
7.192140 -6.169841 -8.271086
7.208980 -0.480990 4.343789
7.224850 7.245983 5.318369
7.241700 2.918491 4.573595
7.258060 0.393624 -0.566410
7.273930 0.151446 -2.500054
7.291260 4.801618 3.876855
7.306640 4.729071 6.300839
7.322750 6.102436 8.496589
7.340330 4.284450 -1.277211
7.372560 -4.192736 -5.813278
7.389400 -9.648785 -0.296815
7.421880 -14.345296 -4.453872
7.437740 2.873654 6.133459
7.470950 16.003002 6.836434
7.488280 13.210248 10.113639
7.503660 -0.605671 0.009617
7.520020 -9.869788 -15.632891
7.536620 -10.451744 -4.871802
7.552980 -6.396555 2.791647
7.569580 -1.067834 6.526862
7.586180 0.754470 4.615676
7.602290 1.253758 4.003240
7.618900 -7.563011 2.660464
7.635500 8.146559 -6.591343
7.652830 4.533545 -14.480060
7.668460 -11.239616 -17.349731
7.684810 -9.695171 -2.860876
7.701170 0.986176 4.235928
7.717530 18.527840 6.012674
7.733890 8.036170 6.759360
7.750730 -3.349124 4.294880
7.767330 -4.511694 5.180075
7.783450 -2.189691 -4.626285
7.799560 5.707945 -2.685108
7.816410 11.631113 2.245864
7.832280 2.408618 10.979421
7.848390 -5.305024 6.759856
7.866460 -4.143477 -2.836800
7.881350 0.257980 -12.011324
7.899170 1.049499 -9.044089
7.915040 -3.132995 7.313715
7.931640 -7.281217 -0.923122
7.947750 -4.557022 -43.937423
7.964110 -0.054666 -63.814633
7.981200 7.385746 -55.272133
7.997310 4.970264 -24.314542
8.013670 -4.636034 -1.801823
8.030030 -4.147786 -1.153377
8.046390 -3.010772 12.743346
8.062990 -0.096175 11.041183
8.079350 1.820225 -0.785914
8.095950 4.498954 -8.881129
8.111570 4.470298 -10.382284
8.128420 2.475684 -5.389749
8.144780 -1.423275 2.807123
8.160890 -0.659316 -0.725309
8.177730 -5.417984 4.040265
8.193600 -0.838926 2.206264
8.210690 6.923927 0.020013
8.227540 7.764244 -5.265088
8.243650 4.638378 -8.655414
8.259770 -0.019848 -7.404445
8.276120 -3.710462 -5.240185
8.292720 -8.003696 -1.514909
8.309810 -7.709768 -1.018508
8.325930 -3.075040 6.577497
8.342040 2.031780 10.562774
8.358400 -0.868754 12.279518
8.375000 3.554517 9.726430
8.392090 11.510065 0.384924
8.407230 16.708706 -7.073373
8.424560 3.065892 -7.044193
8.439940 -14.668136 2.202389
8.456790 -17.894688 9.926816
8.473880 -7.114159 3.297828
8.489260 2.006754 -12.401388
8.506350 -2.239896 -21.264564
8.522460 -1.930728 -12.426905
8.539060 -8.876257 -4.578509
8.555910 24.811226 -0.109634
8.571780 69.012090 5.672338
8.605220 92.838896 10.894032
8.621340 70.336490 13.971464
8.652100 17.695166 7.436508
8.668950 1.673958 6.737150
8.685550 -4.457633 0.542522
8.701420 0.251553 -10.698372
8.718020 -10.189497 -14.727364
8.734860 0.386289 -7.238791
8.751220 -10.681592 2.444150
8.767580 -6.314103 -5.886241
8.783690 4.420018 -1.289616
8.801510 5.904340 9.313964
8.817630 16.374831 12.655925
8.834720 -7.107884 8.544978
8.852050 3.676589 1.163253
8.867920 -24.426682 -3.393380
8.884280 -52.787405 -6.982241
8.899410 -54.433470 -12.069826
8.916260 -23.349476 0.051084
8.933350 15.378269 5.263458
8.949950 10.804417 -2.070828
8.966310 3.261002 -6.102719
8.999760 -5.104546 -7.377840
9.015630 -5.164996 3.549820
9.048830 -16.599342 2.945559
9.064450 17.310487 4.279427
9.081050 54.068367 1.631891
9.097410 59.990068 0.408245
9.113770 29.248399 -4.622244
9.131100 -8.674420 -6.694053
9.146480 -5.795614 0.334005
9.164060 5.989400 10.260224
9.179440 4.363613 11.278426
9.196530 -4.936316 3.356662
9.213130 -7.529668 1.939433
9.229250 -5.229037 1.788214
9.245360 16.835458 5.982643
9.262210 -11.057968 12.136762
9.293950 -28.142782 17.780160
9.311520 -52.277459 1.794617
9.327880 -52.272396 -15.697700
9.343990 -26.021322 -21.498366
9.359860 -17.177006 -7.797209
9.376950 5.080540 7.565138
9.393070 -2.094461 9.154808
9.410160 1.710402 7.364089
9.425540 2.821068 3.020460
9.442630 -0.760935 1.011774
9.459720 0.689786 1.422429
9.475100 3.466584 0.858618
9.491940 9.140849 -7.677346
9.509030 -2.171696 -2.424610
9.541500 20.544390 -13.095203
9.557370 50.916799 -11.454687
9.590330 54.306555 -4.433765
9.606930 32.189725 3.481370
9.623050 -2.482867 10.976728
9.640140 -0.881154 1.801800
9.656250 -1.467847 7.133293
9.672360 -4.793603 7.490876
9.688960 -3.422692 6.143477
9.705570 -3.166074 3.370720
9.721680 -2.592727 2.472078
9.738040 15.250343 5.859612
9.754880 -37.693238 -1.303769
9.771240 -81.579919 -7.603155
9.787110 -81.095079 -11.328351
9.803960 -33.134767 -5.928842
9.820560 21.491359 -3.940059
9.836180 4.018608 -11.348080
9.853760 2.823034 -8.533377
9.869380 -5.075059 -2.517562
9.885740 -8.217820 7.143618
9.902340 -8.257212 2.575262
9.918460 -2.442718 -0.348773
9.934570 1.192741 0.995636
9.951660 5.773007 -4.419422
9.967530 7.270178 -4.600365
9.984620 2.819972 -7.365554
10.001220 1.612904 -3.157785
10.018310 -1.966000 -3.108285
10.033450 -0.301531 -2.769531
10.051270 -2.527476 6.215022
10.082520 -1.990800 12.798350
10.100100 -0.266751 4.289138
10.115970 0.769668 -1.290254
10.132570 2.588266 0.557597
10.149410 1.272774 2.402423
10.166020 1.143406 -3.573897
10.182130 1.385243 -16.148028
10.199950 0.423981 -11.058455
10.216310 -2.679300 -5.283305
10.231930 -8.350400 -3.749642
10.248540 -6.929636 -2.758307
10.283450 -2.372968 -0.517689
10.297610 5.743028 3.962695
10.329830 9.355047 1.082328
10.346920 3.001434 -0.633868
10.379390 -3.156887 3.442644
10.395260 -15.552957 4.072848
10.411620 21.434430 2.390444
10.428470 42.442221 -1.525990
10.445310 63.277651 1.775856
10.461180 57.205864 10.567642
10.478030 27.028042 14.211680
10.497310 18.309305 10.335808
10.511230 -9.200239 4.230281
10.527830 -6.600208 -1.523817
10.544680 -1.704316 -2.346756
10.560790 4.502243 -0.973332
10.576420 7.654649 -0.857531
10.593510 3.723240 -1.830437
10.611570 0.756172 -3.212838
10.626220 -3.453050 -6.576717
10.641850 -9.061838 -7.061417
10.675050 -11.973313 -8.991754
10.690670 1.479150 -3.630911
10.709470 5.595855 1.143075
10.724850 7.871532 0.848032
10.741700 4.258705 0.629544
10.774900 -0.063966 2.251511
10.791260 0.995173 6.488963
10.807620 -5.508262 9.398621
10.824710 0.215374 10.369596
10.840580 1.717925 15.195439
10.856930 -6.927179 3.758880
10.872310 4.071950 -21.096843
10.888920 -46.106519 0.780716
10.906010 -88.533555 27.704604
10.921880 -84.303133 37.302549
10.939940 -44.927399 8.799897
10.954100 7.149355 -14.926729
10.969730 -9.223678 0.620566
10.986330 0.421712 2.944047
11.003170 5.272096 6.694407
11.019040 2.193509 11.600752
11.036620 -4.839990 2.721424
11.052730 -5.565271 -2.015917
11.068360 -2.428995 -6.332193
11.085940 11.763388 12.246133
11.104000 23.811893 24.067350
11.120610 22.143130 11.353136
11.137210 5.911674 3.153414
11.153560 -13.029018 -6.227781
11.173100 -9.390961 -1.218070
11.185300 -4.604845 -5.210532
11.201420 3.142257 -5.859849
11.217290 2.733361 1.252118
11.234130 7.181451 4.379657
11.250240 4.896886 8.735890
11.268070 2.913727 1.207910
11.283450 -0.055271 -1.097213
11.315430 -1.205066 -2.321899
11.332520 -0.115494 -4.595072
11.348880 -5.370955 -0.037994
11.367680 -4.093612 -2.732529
11.381590 -1.335795 1.946781
11.414790 4.174628 -5.343864
11.431150 0.284973 -7.340768
11.464110 3.757567 -1.271257
11.481930 -0.777834 0.546516
11.513430 -6.804730 1.384813
11.529540 -4.232431 -5.070560
11.546140 9.213622 2.300657
11.562740 -26.764428 6.436344
11.578860 -86.009174 1.405299
11.611570 -100.728537 2.384844
11.627440 -61.975719 4.288784
11.660640 -4.856548 10.534870
11.677250 -0.015689 -3.192873
11.694580 1.129645 -9.286154
11.709960 2.391795 -5.716711
11.726810 -3.148873 -1.563819
11.743650 -7.754301 -2.671002
11.759520 -4.454269 -3.109655
11.775630 3.894798 6.352796
11.808350 0.819041 9.811962
11.824710 19.905615 11.278190
11.841550 56.672617 -6.123086
11.857910 62.520348 -16.406032
11.874270 63.991686 -9.512365
11.891110 46.412878 5.336823
11.907230 39.817448 12.348699
11.924800 18.651416 4.930636
11.940430 -6.018699 -1.767256
11.956540 3.954869 1.040364
11.972900 10.738638 -5.545197
11.989750 11.110100 -3.663116
12.005620 5.875268 3.673796
12.022950 -0.473392 4.063090
12.038090 -8.651133 -0.012546
12.054690 -8.728480 -4.925461
12.070310 0.172844 -4.628411
12.087890 7.296641 4.705084
12.104000 6.009550 16.233368
12.120850 -0.570096 10.638524
12.136960 -6.725794 -0.670043
12.153320 -2.500144 -7.167908
12.170650 -7.197064 -3.424852
12.186770 -7.567018 -1.863398
12.202880 -5.782987 -5.519159
12.219970 -4.075958 1.285434
12.235840 0.221876 4.719662
12.253170 -1.255762 1.054163
12.268800 0.848226 -6.340864
12.284910 -3.421331 -11.110624
12.301030 -2.373044 -2.031724
12.317870 3.418232 6.799692
12.351810 4.974725 14.584681
12.367430 5.072110 0.286300
12.383790 3.222554 -7.525963
12.399410 7.481467 -4.309694
12.416990 1.869787 7.813796
12.432620 -7.887524 5.867339
12.449710 -10.431746 -10.976751
12.465580 -8.224058 -4.813985
12.482180 4.316357 5.180642
12.498050 10.580580 8.796259
12.514890 2.935049 0.924091
12.547120 -8.107696 -0.532622
12.567380 -4.860555 -0.196396
12.579590 8.403326 -5.061936
12.597410 13.794350 -13.319047
12.613280 -0.532783 -1.589479
12.629880 -8.942944 2.399470
12.646240 -4.352688 -2.081508
12.663090 2.220918 -4.941859
12.679200 5.040468 -12.773376
12.695560 -6.514807 -9.538048
12.712400 12.354147 -6.119660
12.729250 26.674086 14.662154
12.745360 27.931220 26.006480
12.761720 8.026795 17.970803
12.778320 -12.954318 -2.104900
12.797120 -3.016103 -1.923248
12.810550 2.740846 2.410527
12.844480 -5.757394 -1.324255
12.860350 25.535516 0.500961
12.876460 60.926936 -9.447979
12.896000 71.763081 -4.041659
12.909420 38.354791 -4.925225
12.941890 -8.646672 0.394446
12.958500 -8.799212 6.373825
12.975340 -3.404244 1.041664
12.991210 5.317500 2.182045
13.008540 2.957241 2.010978
13.024410 0.046651 3.485576
13.040770 -3.415585 3.692462
13.057860 -0.244862 2.547404
13.073000 -0.289093 6.671795
13.088620 -1.178451 8.694305
13.106200 -3.208415 5.895456
13.123540 8.710145 -7.888743
13.138920 -11.748872 -13.180284
13.155520 -53.970053 -4.145102
13.187740 -68.075407 4.061649
13.205080 -50.051564 6.061300
13.223390 -11.411397 -3.218367
13.237550 -7.666633 -8.137472
13.254150 -5.324985 -10.204817
13.270020 5.253307 -5.631155
13.286870 2.242807 4.496544
13.305420 -3.759419 2.812439
13.340090 -5.475863 -1.548626
13.352540 -0.185244 -1.883482
13.369140 1.173688 0.957950
13.385990 1.985848 3.302199
13.402830 -0.396988 -3.686650
13.435550 -1.755201 -10.725213
13.451660 -9.920673 1.462762
13.468020 -13.638259 8.322406
13.484380 -8.081951 7.061630
13.501220 -1.894058 0.605491
13.533450 6.947442 -5.813727
13.553710 -1.539940 13.400159
13.566160 -3.431614 11.939615
13.583740 -10.347707 3.899939
13.599370 -10.529469 -5.254905
13.633540 6.336786 -14.602543
13.651120 -18.800962 4.572153
13.669190 -75.631121 31.256083
13.681640 -101.692755 39.013025
13.698490 -64.079136 28.647313
13.730220 2.707465 5.142436
13.746830 10.842108 4.783434
13.763180 -2.679641 15.213939
13.778810 -2.309910 5.595429
13.796630 -0.703698 -8.274701
13.829100 0.242291 -20.896258
13.845210 -4.942780 -7.813630
13.862300 -0.960847 2.624691
13.879150 -1.376926 -0.221371
13.894530 -5.577784 -3.722375
13.911620 -2.458823 2.208768
13.927250 2.787913 13.438908
13.944090 8.905631 13.243392
13.960690 8.316263 -0.861973
13.976560 5.377571 -9.618122
13.992430 -8.388431 -9.100701
14.010010 -9.567280 2.406723
14.025880 -1.605796 13.531762
14.042480 11.809206 12.199280
14.058840 10.610521 2.786047
14.075440 -11.118568 -9.056021
14.092040 -9.589887 -10.323853
14.107670 -3.663395 -5.347502
14.123540 5.364226 1.758277
14.142090 3.434677 4.561733
14.157470 -4.667600 4.046668
14.173830 -8.383516 4.041754
14.190430 -7.329682 -2.583272
14.208010 -0.450936 -12.351322
14.222900 7.561083 -12.202186
14.239750 -2.247797 -7.194158
14.255370 -0.968672 8.645680
14.272220 7.474095 20.508531
14.289310 12.038751 8.992557
14.304930 14.362383 -0.315268
14.321290 8.149470 -1.475734
14.338620 8.292862 5.530618
14.354740 4.603786 5.723020
14.371580 -15.063520 -6.106878
14.387940 28.243063 -5.727651
14.404300 70.662777 2.245415
14.420650 71.145384 9.520989
14.437010 39.436263 1.913915
14.453610 -4.286378 -12.870129
14.470460 2.418561 -14.631368
14.486330 0.415134 -0.991242
14.518800 -2.816494 11.013870
14.536620 8.979236 2.502582
14.552250 -4.984101 -2.105727
14.568600 -6.823178 2.489327
14.583980 -50.450591 2.173468
14.601320 -81.664985 -1.137972
14.617430 -70.694578 -7.420158
14.634030 -38.199343 -5.443951
14.650630 13.904244 0.110295
14.667480 8.979538 3.233844
14.683350 4.447766 4.817931
14.700200 -0.735719 6.152031
14.716310 -0.174998 5.417346
14.732910 -4.421681 2.824324
14.748780 -3.218774 -2.003725
14.765380 -3.656666 -5.374674
14.781740 6.648975 -3.176404
14.798580 -0.429425 -4.408530
14.813960 -8.289232 -4.542264
14.830320 -7.087658 0.024644
14.864990 -5.937381 4.933873
14.880860 7.313351 3.824755
14.896970 7.570005 -2.926964
14.912840 15.037549 -4.621016
14.929440 -1.294965 -0.696128
14.945560 -8.678125 -0.122015
14.962400 -1.354583 -4.902826
14.978760 4.913746 0.542877
14.995610 2.879325 11.297092
15.011470 -10.273611 18.684984
15.028080 1.350727 8.100613
15.045170 9.274071 -4.988689
15.061280 9.046641 -6.284701
15.077640 -2.599154 -6.921801
15.094240 -7.693096 -8.470362
15.109860 -1.057438 -13.501685
15.127200 -1.505500 -3.152847
15.142090 -1.238712 5.758060
15.158200 -2.209312 6.086487
15.175050 0.643513 2.605931
15.192870 7.427633 1.645194
15.208980 11.754353 7.937959
15.225340 8.482715 7.148462
15.241460 -1.263928 -0.267965
15.258300 -11.274396 -4.252917
15.275150 -5.487091 -6.020589
15.291020 31.838587 -22.664276
15.307860 42.671126 -38.287545
15.323970 64.950602 -12.845037
15.340090 58.928468 18.471779
15.356690 35.710015 28.726100
15.372800 22.936651 12.980799
15.389400 -3.369501 -4.832816
15.405760 6.682017 0.928982
15.421880 6.239893 -0.817056
15.438480 -5.046327 1.642169
15.456050 -13.514604 1.537663
15.471190 -3.393054 7.644314
15.488280 6.100583 11.870009
15.504390 10.681101 11.293642
15.520260 -0.777078 2.347819
15.537840 -5.729267 -16.886057
15.553710 4.673800 -22.051897
15.570070 -1.970083 -17.367758
15.586430 -5.836292 10.038787
15.603270 -1.193308 21.138543
15.619870 1.930426 8.513908
15.652830 0.429387 -3.307634
15.669190 1.988229 -8.479034
15.686040 4.341460 5.675079
15.701900 6.336937 11.679856
15.718020 -0.931661 9.872732
15.734860 -6.431222 -0.219150
15.750980 1.416735 -7.440785
15.767820 2.699072 -2.567653
15.800290 3.109934 1.230546
15.817140 -1.468867 -7.875748
15.833740 -3.071524 -11.775382
15.850830 -0.058257 -7.059882
15.866460 0.486699 -11.562711
15.883060 -0.625518 2.957090
15.898440 -5.166546 3.950148
15.915530 -2.273617 -5.947933
15.948490 -4.977523 5.841017
15.964840 -0.991544 7.131025
15.997070 -0.461861 14.262620
16.014400 10.197436 -3.595304
16.030520 13.871960 -10.756685
16.046140 4.842598 8.918272
16.063230 -2.993609 6.982524
16.080080 -9.608637 -2.045617
16.095950 -2.678393 -13.528076
16.113040 -0.943078 -3.297285
16.128420 -1.384563 9.916656
16.144780 -4.945389 11.168275
16.161130 -4.007569 5.352984
16.178710 -1.774368 -3.010323
16.193600 -1.615134 -3.810342
16.211430 0.713868 -6.875703
16.227290 5.296632 -0.822609
16.243650 8.127203 10.456876
16.260250 0.093642 5.304074
16.276120 -0.383643 -2.014121
16.292480 -12.254648 -8.568701
16.309810 46.052518 -3.815493
16.325930 85.451579 2.962288
16.342290 73.231423 0.762428
16.358640 32.490214 0.073412
16.391600 -15.729346 -0.065544
16.408200 10.609991 -4.811268
16.424320 3.882889 -5.953131
16.441160 -3.280320 -5.312037
16.457030 -2.681984 0.126457
16.474120 -5.330845 -0.928580
16.490480 -3.269432 -9.362873
16.507320 -1.877046 -3.903696
16.523680 -16.192054 9.685366
16.540280 -16.941041 20.792115
16.556150 -56.112613 0.422870
16.570560 -28.251189 -3.013466
16.735110 13.439111 8.184231
16.753420 44.938887 14.014418
16.767580 55.654729 5.165213
16.932860 30.725028 -14.448660
16.950440 -21.423430 -12.811038
16.966800 -80.040118 -1.691717
16.983150 -74.248906 7.303602
17.000000 -34.853259 -2.111799
17.016110 11.922618 -16.443599
17.032710 -4.886187 -22.858692
17.049320 -5.004553 -16.947368
17.065190 -4.801807 -3.844815
17.081790 -7.225380 1.990304
17.098630 -2.202582 0.984649
17.114010 0.357407 -0.007703
17.130860 -4.026244 -7.673565
17.147710 -2.267871 2.107499
17.163090 -0.207019 11.598578
17.180910 2.300308 10.886660
17.195800 -7.751315 12.867743
17.212160 -1.214139 3.169694
17.229980 9.711881 -3.639843
17.246090 14.541117 0.703618
17.263180 4.805398 10.023122
17.278560 -9.999419 18.030980
17.296140 -11.609376 0.465306
17.311520 -13.890030 -6.877333
17.328860 -11.444551 -5.688854
17.344730 -7.444419 12.802319
17.360600 1.173196 13.249394
17.376950 5.344870 -9.179168
17.393550 16.329581 -0.190253
17.426270 0.239796 -26.626516
17.442380 -23.260870 -55.309538
17.475830 -53.328215 -88.804455
17.491940 -57.188258 -82.287684
17.525390 -33.521126 -34.006462
17.541500 -15.720878 -7.615606
17.558350 6.095593 12.278620
17.574460 6.449481 17.044214
17.591060 5.050486 4.194508
17.607180 2.299552 -5.147445
17.624510 7.913949 -5.190093
17.640630 -18.307755 -3.863859
17.656740 -44.486498 -2.511939
17.672610 -48.932119 -7.224709
17.689450 -21.797399 -8.962810
17.705810 10.644544 -5.014893
17.722170 6.529097 4.950625
17.739010 0.936614 5.884327
17.755860 -2.314258 1.244652
17.771000 0.609943 -4.927115
17.788820 2.620174 1.450877
17.804690 3.612018 8.286255
17.820310 0.676290 6.650270
17.837890 0.779573 1.960816
17.853760 -1.012715 0.752764
17.869870 -1.720950 2.743682
17.886470 -6.074234 -2.601725
17.904050 -6.097408 -6.297885
17.919430 -5.966264 -10.024303
17.936520 1.858748 -0.343551
17.952880 7.344577 4.078826
17.968510 4.925088 -0.577539
17.986080 2.329455 -0.348820
18.001710 -7.323520 -3.794109
18.017330 -9.628674 -1.826349
18.034670 -11.000053 -6.990581
18.050780 1.727528 -6.017943
18.067140 14.233890 2.346850
18.083740 12.485288 5.648521
18.099610 0.994909 2.798404
18.116460 -2.732416 0.345489
18.133300 2.767348 3.127943
18.166260 4.919606 5.947650
18.183110 -1.493667 6.232247
18.215820 -5.457074 1.361729
18.231690 1.770663 1.115171
18.266850 3.475922 0.350616
18.281250 3.807166 -0.341732
18.313960 -8.124141 2.350465
18.331540 -7.318303 -0.427974
18.362300 -2.976559 -1.740036
18.379390 3.457662 -3.361836
18.412110 4.662459 -4.801108
18.428220 4.441718 3.504691
18.461910 -8.672946 7.128733
18.478760 42.584810 3.583136
18.494870 86.988925 -7.080958
18.510990 85.464112 -12.974184
18.527340 32.624394 -9.378231
18.543950 -29.068099 -7.026117
18.560060 -12.210456 -5.502950
18.576660 -3.502952 0.186118
18.592770 7.203075 12.824883
18.609620 5.289297 18.407208
18.625980 4.132551 13.783982
18.641850 2.851274 -6.246471
18.659420 2.719411 -23.348356
18.675290 0.905387 -19.235385
18.693120 1.689231 -13.468749
18.707520 2.080775 6.749578
18.725340 -19.748245 8.464739
18.757570 -26.076812 7.497184
18.772950 -50.416697 -2.094102
18.789550 -56.664985 -8.983342
18.807370 -43.773537 4.386816
18.823730 -19.762232 5.132536
18.839600 11.718024 5.018413
18.855710 6.798606 -1.463353
18.872800 5.457490 -1.477648
18.905270 -0.440766 1.836509
18.921390 0.297032 3.064337
18.954350 -1.783403 1.245124
18.971440 -1.278634 4.265652
19.003170 -4.143326 9.889626
19.020510 -2.689659 1.095394
19.036130 5.950159 -2.049067
19.053220 -3.092090 -1.279172
19.068600 28.212370 0.936401
19.102780 50.725903 -1.598552
19.119140 61.577735 -15.484632
19.135010 44.079493 -5.014822
19.152590 11.216026 4.329187
19.168460 11.660033 9.440938
19.184810 -0.553387 8.941285
19.200680 3.484201 2.739216
19.217770 1.549127 -1.797074
19.233640 -0.040565 -11.414804
19.250240 -3.127022 -16.248465
19.267330 8.005322 -3.134535
19.282470 11.194554 14.315120
19.298340 6.133700 16.202866
19.315430 5.305062 4.493000
19.348630 1.682653 -7.281534
19.364500 9.727720 -3.932522
19.381100 6.404607 -3.458333
19.396970 5.626930 -4.670398
19.413820 -5.178341 3.995349
19.430420 -16.909589 10.020546
19.447750 -16.145821 9.232566
19.463380 -6.416553 -1.968472
19.480710 3.923378 -11.929715
19.496580 -0.732430 -5.328387
19.513180 1.505387 3.991308
19.545650 4.909059 11.387703
19.562260 9.192187 7.872747
19.579100 0.257224 -3.143632
19.595210 -6.487172 -3.609410
19.612300 -1.072522 -0.039813
19.644040 3.892605 3.528012
19.661130 7.195514 -0.727931
19.677730 -0.758893 -9.617791
19.693360 -4.534301 -12.338114
19.709960 -4.531542 -7.377817
19.727050 -3.847277 3.194031
19.743160 -1.164123 10.731640
19.759770 -1.481910 8.732889
19.776370 -0.526507 3.502328
19.792970 -0.819873 4.041329
19.809570 2.183037 3.488128
19.825440 3.088763 -0.116415
19.841550 1.018197 -5.698919
19.859130 -0.833558 -7.218235
19.874270 -0.016974 -4.044306
19.890380 2.730753 -2.160945
19.908200 1.518996 -6.742466
19.923580 6.144285 -6.612655
19.940430 12.964941 -3.043970
19.957030 2.103231 8.273898
19.973140 -9.464452 15.656778
19.989010 -12.858751 14.260163
20.006100 -0.531120 4.827264
20.022220 11.873095 -1.999613
20.038820 7.688597 -1.414868
20.054930 7.355125 -0.277582
20.071530 2.132417 -3.322638
20.088380 -0.459290 -11.654126
20.104490 1.628214 -7.053148
20.121340 -3.352716 -8.025902
20.137940 -7.363215 -8.551500
20.154050 -3.512101 -1.447994
20.170410 2.359056 8.807931
20.186770 6.937310 16.651869
20.203860 -0.403226 6.017399
20.219480 -1.781475 -4.970118
20.236330 5.033209 -8.617893
20.252930 0.793031 -3.613309
20.268310 -6.303745 4.662979
20.285400 -10.021118 1.412883
20.301030 -8.237743 1.784244
20.317140 -2.579647 -0.842740
20.335450 -1.193233 0.722355
20.350100 1.491664 -0.678431
20.367190 1.192250 -6.334225
20.383540 -2.322991 -10.403170
20.400150 4.602501 -4.842693
20.433590 -6.385100 8.740285
20.448970 42.636055 9.622115
20.466060 80.826962 6.620263
20.482180 74.682825 3.295253
20.498540 40.964052 8.140213
20.515140 -6.459121 5.511905
20.532470 6.613817 -3.362427
20.548100 1.302791 1.085163
20.564450 -6.956968 0.875417
20.581540 -6.014843 -2.354316
20.596920 -1.533060 -5.486245
20.613530 5.202914 0.884207
20.629150 6.603156 9.438694
20.646240 2.921742 11.785281
20.663330 1.984865 2.702711
20.679440 3.982807 -7.964541
20.695310 7.511332 -4.067508
20.712160 4.427843 3.571038
20.729000 -0.805620 9.077144
20.745120 2.536890 4.246584
20.761720 -1.103408 -1.478640
20.778080 -0.654099 -2.876471
20.794680 -6.880792 -4.335071
20.811280 -6.646518 -3.045907
20.827390 1.332732 2.024564
20.843990 -4.758558 3.210358
20.861080 -1.409211 3.014860
20.875980 0.041699 1.461321
20.894040 11.133122 -2.712375
20.909180 13.240302 -4.413775
20.926030 5.472007 -3.710821
20.943120 -2.780126 3.403232
20.958250 -9.755620 9.989901
20.975590 -3.692467 8.599842
20.991700 -0.420238 2.531384
21.008540 0.195715 -5.073632
21.024410 -4.494569 -7.285858
21.041260 -0.551232 -4.415547
21.057370 2.897547 1.576696
21.073970 2.089319 6.167554
21.090090 2.139373 4.179363
21.106690 3.242364 -1.975938
21.123050 8.924457 -6.536408
21.140140 7.417729 -8.382089
21.156250 -32.350288 1.320002
21.172610 -46.913017 4.002602
21.189210 -70.795572 7.161528
21.205080 -57.271113 4.780788
21.221920 -26.762916 -1.822545
21.237790 -10.774212 0.790900
21.254150 13.472718 0.452453
21.271240 0.621435 7.813441
21.286870 -6.978593 5.397735
21.303220 -9.125576 -0.648092
21.319340 -5.475334 -3.101173
21.336910 1.459378 -3.466650
21.368410 6.981806 -0.834777
21.385250 -1.599710 7.102790
21.402340 -0.418386 11.857014
21.418950 3.230115 4.706478
21.435550 -4.962855 13.844184
21.452390 -12.394333 21.741099
21.467770 -14.625343 21.204979
21.484130 -3.321867 9.924146
21.500980 1.776371 -8.086719
21.517330 -3.952903 -1.889696
21.533200 -1.226766 1.176863
21.565920 6.298452 0.682802
21.582030 9.250972 2.844502
21.615480 1.606288 -6.185157
21.632320 -2.338944 -3.112302
21.664550 -2.122814 3.398011
21.681880 -1.572604 1.902053
21.698490 -3.293400 2.272186
21.714110 -5.520132 -1.039939
21.730960 5.552795 -0.968984
21.747310 10.625680 0.601474
21.762940 5.475976 -3.110364
21.780030 1.159927 5.692067
21.797120 -3.996492 5.116115
21.812500 0.167248 1.223150
21.829590 -1.152479 -1.468716
21.845460 13.875703 -4.451604
21.863770 -11.932069 -2.364973
21.878660 -73.943007 -4.274158
21.911130 -102.621322 -6.100144
21.928470 -75.242870 -4.334858
21.960940 -13.516494 -5.119257
21.978030 4.324183 -2.944378
22.010250 -1.089345 1.177454
22.026370 2.536285 5.800141
22.043210 3.954000 10.748061
22.059570 5.705148 8.161312
22.076170 2.660738 6.032545
22.091800 -2.430469 -2.901564
22.109130 -3.257826 -6.679545
22.125490 0.993510 -4.436505
22.141600 -1.026703 8.949248
22.158450 -5.383960 15.587150
22.174320 -13.673265 11.292579
22.191160 -6.197552 -1.757096
22.207760 6.317468 -10.390601
22.223630 5.644093 -3.917896
22.239990 6.858563 -1.761278
22.257080 6.954700 0.459635
22.272460 2.600553 1.785048
22.289550 -4.423950 8.441229
22.305660 -9.632416 13.339721
22.322750 2.208140 5.569746
22.339110 5.271983 -5.879720
22.354980 -3.937366 -11.636453
22.371580 -14.561229 -10.063950
22.387210 -12.349687 -9.863919
22.403320 0.858963 -9.285469
22.420650 8.467064 -1.334675
22.437260 6.930467 13.968865
22.453860 -3.683696 25.966932
22.469730 -1.047420 9.706229
22.487060 9.092611 -6.584160
22.502440 3.370144 -5.980752
22.518800 39.673833 -4.070745
22.536620 70.383437 -0.943962
22.552000 67.575839 -6.446717
22.569090 33.165080 -0.828657
22.585210 -15.050100 -0.244455
22.601560 -4.818592 -8.109284
22.617430 -12.258996 -9.286343
22.634030 -9.923432 -8.450397
22.650390 -2.985556 -3.218367
22.667240 5.719249 2.212998
22.683590 11.795635 2.768916
22.699950 4.609457 3.623067
22.716550 2.296905 -2.082075
22.748540 -2.147425 -7.355961
22.765870 -2.007245 -5.170411
22.781980 4.073084 -6.547584
22.798580 -4.982400 9.846695
22.815190 -40.288919 10.873594
22.848390 -57.185236 5.387386
22.864500 -41.916157 -0.853916
22.880860 -15.713242 -6.659627
22.897220 -11.894530 1.267264
22.930180 -17.902626 -1.205240
22.946780 -3.685133 2.256355
22.962400 3.091334 3.622831
22.979000 7.874330 3.342887
22.996090 4.104387 7.027133
23.011960 8.677671 2.858301
23.044920 9.785863 -3.336176
23.061280 1.881053 -6.316551
23.077390 -3.902056 -8.972568
23.094970 -9.314559 2.825765
23.111570 -2.853316 1.745400
23.144040 3.428325 -0.253150
23.159910 -0.527112 -2.869808
23.177490 -5.646551 0.916034
23.193600 -1.959573 14.273040
23.209470 -1.809715 6.257529
23.225590 2.752679 -0.417341
23.242680 0.354042 -7.330514
23.258300 5.613774 4.612037
23.274900 4.693345 0.158166
23.290770 -0.127024 -11.065401
23.308350 1.235650 -4.463370
23.324710 -1.192741 -4.572838
23.340820 1.156486 9.582491
23.357180 -6.366349 6.374959
23.389890 -9.684775 4.818427
23.406490 -4.695652 7.537375
23.422360 -0.466322 -0.414908
23.438480 3.376344 3.831205
23.455080 0.733413 0.305203
23.473140 0.588318 2.035292
23.488040 1.058345 7.806778
23.505620 2.585960 -2.789709
23.521970 1.539751 -10.282528
23.537600 -0.599055 -12.057256
23.554440 -6.773881 -6.561879
23.570560 -11.045606 0.105617
23.586910 -1.427320 -1.437220
23.604250 41.342772 -6.034648
23.636720 88.589347 -4.306954
23.653320 89.470191 0.332800
23.686040 43.878974 -0.196467
23.701900 -7.381172 -0.086030
23.734620 -9.959308 9.443112
23.751460 9.638163 18.175196
23.783940 2.597529 4.124711
23.800050 -0.934837 -11.323933
23.834720 -2.274978 -16.488915
23.849610 7.057301 -6.035853
23.883300 9.337922 -2.515506
23.899410 -7.616315 2.043845
23.932130 -3.067782 6.605945
23.948490 -9.594083 -1.286922
23.981690 -6.493032 -0.197719
23.998050 1.620049 -0.487327
24.030760 10.161031 4.147512
24.047120 11.480880 1.334273
24.080320 -1.378325 7.382991
24.096190 -3.122561 4.962888
24.129640 0.781614 -8.414932
24.145260 3.440763 -4.990698
24.163090 -2.308663 3.307185
24.178710 -8.893609 14.453007
24.195070 0.484922 1.672484
24.211670 8.525660 -12.653042
24.228030 9.938894 -12.695713
24.244380 2.675142 -8.928833
24.260990 -13.057522 -7.561357
24.277590 -16.528651 -10.307408
24.293700 -10.946825 1.045397
24.310300 0.446966 12.237840
24.326420 6.181863 14.791913
24.343020 2.533563 14.784660
24.359130 -0.546506 6.831921
24.376220 3.604344 8.748578
24.391600 6.823897 3.518324
24.424800 2.927715 -3.608607
24.441160 -10.408912 -1.953539
24.473630 -2.391190 -5.316621
24.490230 54.632248 -2.611814
24.523440 83.959309 -1.896146
24.539550 71.553960 -0.636207
24.556400 23.334620 2.193977
24.572750 -6.336181 2.133182
24.589360 3.488586 -4.686985
24.605470 3.259679 -6.934962
24.622070 11.221130 -8.210718
24.638670 3.497999 -6.242643
24.655030 0.767853 -7.720230
24.671140 3.451235 -12.420384
24.687990 7.601307 -0.782796
24.704100 2.924124 13.070488
24.720700 -6.451371 19.700492
24.737790 -5.460099 11.152705
24.753170 -4.689452 -1.920530
24.769780 -1.289408 -5.480905
24.787110 2.648300 -9.485949
24.802490 4.520087 -3.940508
24.826660 4.632593 2.764758
24.840090 -2.599532 5.628201
24.852780 -3.841682 4.137660
24.869630 2.127426 -2.236035
24.885990 2.935163 0.374267
24.902100 5.054833 1.831240
24.918700 4.239236 6.275793
24.935060 -2.673176 4.336465
24.951660 -4.351062 -4.005272
24.968510 0.256392 -8.934882
24.984130 3.908974 -10.416827
25.000730 -0.199685 -2.043301
25.017580 -1.502778 -1.668491
25.037110 2.965558 2.186723
25.066410 2.896110 10.837775
25.083010 -3.035118 1.988839
25.099850 -6.266772 -4.041541
25.115720 -0.083813 -9.679860
25.132320 -0.415248 2.546530
25.148930 -3.370824 9.602055
25.164550 -6.456626 -1.053360
25.181640 -0.113868 -2.051335
25.197750 3.000414 0.038443
25.214840 0.937748 4.547557
25.230710 -1.419683 1.755867
25.247070 1.415449 -1.428407
25.264650 7.088566 -0.889381
25.280030 5.853039 1.033890
25.296630 -3.651146 -0.781685
25.312260 -10.806912 -2.261175
25.328610 -8.977005 -0.548051
25.345700 3.936458 -2.649595
25.363770 15.167630 -6.926077
25.377690 8.565128 0.069844
25.394290 -5.171007 11.808791
25.410640 -6.301552 11.576155
25.427490 -2.420224 1.858200
25.459960 -0.573310 -6.296964
25.476320 -0.828643 -2.996076
25.492680 -0.536715 -3.212390
25.508790 5.248733 -9.437583
25.525390 1.592413 0.178958
25.543210 0.352000 6.002230
25.558840 2.531446 3.985945
25.575200 2.031213 -0.794042
25.608150 0.151370 -9.454217
25.625240 -0.986705 -2.904257
25.657230 -0.282893 0.933140
25.674320 2.460260 3.567754
25.692630 2.853769 5.678741
25.706300 2.276113 2.813857
25.723390 -1.872131 9.105284
25.739010 -7.919922 12.407106
25.756350 -6.499383 8.999244
25.772220 -5.538543 1.768059
25.788570 -3.696285 -6.631911
25.805660 -2.060021 -10.631412
25.822270 1.668477 -13.851579
25.838130 14.672824 -7.846662
25.854000 0.527944 4.421360
25.871340 -69.623099 4.036532
25.904300 -100.407777 -7.975149
25.919920 -104.686828 -0.664561
25.936770 -71.900027 12.370909
25.953370 -41.837247 19.242614
25.969970 -31.174558 7.968864
25.986080 10.792093 2.053178
26.002690 15.467295 12.904011
26.021240 8.350249 16.996465
26.035160 -0.990448 14.466735
26.051270 -7.929751 3.399948
26.067870 -4.640759 1.509782
26.083740 0.238926 -6.877617
26.101560 -0.790309 -13.893872
26.116940 -0.570739 -1.988603
26.134770 -1.648402 2.043987
26.150390 -2.638018 3.658178
26.167240 -0.216546 -10.464153
26.183350 0.326633 -16.267320
26.199220 -3.221496 -5.126818
26.215820 2.118353 -2.577884
26.232670 11.597354 7.650457
26.248540 19.083080 10.133864
26.265380 4.662610 11.975647
26.281980 -15.211141 5.221188
26.298580 -20.221714 0.018950
26.314450 -4.853448 -3.776554
26.331540 13.206581 -8.499991
26.349370 18.935160 -7.225252
26.363530 -3.016065 -8.993762
26.380130 -36.328273 2.305690
26.396240 -43.086002 12.780771
26.414060 -23.057199 15.687847
26.429690 9.679860 8.692580
26.445800 18.217483 0.886641
26.462160 8.164743 4.671816
26.479000 -5.254593 1.824128
26.495360 -10.434921 -3.058123
26.512210 -8.892324 -3.929568
26.528560 -1.774406 0.043877
26.543700 0.399181 4.175890
26.560300 2.158578 -0.653550
26.576900 1.354508 -9.554634
26.593990 -3.613720 -15.104499
26.610840 3.626535 -5.250203
26.626950 -3.502574 19.330929
26.643070 -12.013498 29.276143
26.659180 -10.812810 25.349468
26.677980 -1.817994 13.768554
26.692870 12.122259 8.223075
26.708740 -2.552465 5.804914
26.725100 -12.654233 0.850679
26.741460 -10.906979 2.960492
26.758300 -7.452055 1.291459
26.774900 -2.562257 -4.649346
26.790280 -7.290555 -7.135443
26.808110 7.573294 2.637001
26.823970 18.799979 2.674664
26.840090 20.478200 -1.699278
26.857180 5.455184 -1.144635
26.873050 -11.883680 -4.388706
26.889890 -10.829292 -6.068294
26.905520 -5.165639 -9.262692
26.922610 -6.225943 -3.733669
26.938480 -15.370557 3.741679
26.955080 -12.654460 -3.669047
26.971680 0.154622 -1.806171
26.988530 11.411208 7.919388
27.006100 7.949220 4.231935
27.021480 4.466933 -1.442418
27.037840 4.317265 -4.627159
27.053220 6.835011 0.738044
27.070070 2.382949 7.719049
27.086430 -4.818895 -1.207509
27.102780 -6.137405 2.584453
27.135990 -3.298353 1.889838
27.151860 5.415981 6.728691
27.185300 6.981579 4.719497
27.202150 2.354331 0.921137
27.234380 0.968408 7.712362
27.250980 -12.037277 -2.159882
27.267090 -1.384109 -2.737775
27.283450 11.195007 -4.992304
27.300050 15.339445 -3.024146
27.316650 4.381192 -6.404116
27.334720 -11.524166 -11.852005
27.349610 -5.265859 -2.161465
27.365720 -3.623322 5.747333
27.381840 -19.502532 4.289185
27.398190 28.809820 1.956256
27.415530 88.872609 -2.998651
27.431640 97.667969 -6.098821
27.449220 54.877763 -0.671508
27.465090 -0.458875 5.872041
27.481200 10.300339 6.046320
27.497560 5.160459 5.429751
27.513920 -5.682465 3.881060
27.530270 -5.142313 7.994122
27.546390 -5.914812 -10.152034
27.563960 -7.423210 -16.267390
27.579100 -10.307030 -8.604284
27.595210 -4.150168 8.513199
27.611820 5.244348 14.386166
27.628660 3.584875 1.257954
27.645510 9.026756 -7.063638
27.663090 4.064314 -11.115303
27.678710 -1.275987 -0.229003
27.694580 -10.629196 -0.844346
27.710690 -4.512223 2.909739
27.727540 12.235973 2.540458
27.743410 9.197555 4.214190
27.760250 -3.595158 1.685148
27.776370 -16.612044 -3.013844
27.792970 -8.992051 -4.547297
27.809570 -2.347412 -0.926596
27.826170 -4.921194 2.940999
27.842530 2.748407 -3.113412
27.858400 15.890386 -4.423794
27.874510 23.697016 -3.606480
27.891110 3.449496 1.355869
27.908450 -20.384640 4.595876
27.925050 -24.241384 0.784686
27.940670 -2.618019 3.860528
27.957520 17.736484 4.623780
27.974120 15.684360 -5.916910
27.992680 7.402872 -4.001775
28.022950 -1.501039 3.771474
28.039550 1.993560 1.978277
28.056640 -7.034014 0.879765
28.072510 -0.610623 -8.553390
28.088620 10.325667 4.480501
28.122070 6.245412 5.894275
28.138430 -6.110072 13.391748
28.170650 -10.490266 4.660923
28.187260 5.615778 -11.255177
28.219970 -0.943192 -14.317601
28.236080 31.118693 -14.390655
28.253170 72.674028 3.686815
28.269290 81.068611 -1.217645
28.432370 45.239962 7.729634
28.451170 -3.116512 8.118357
28.466550 1.785558 4.897840
28.483400 6.324424 -1.402841
28.499270 4.728277 -3.277272
28.515870 2.463057 5.059242
28.532710 0.217415 4.221231
28.550290 -8.688899 3.541574
28.565190 -10.118917 0.758411
28.581790 -7.777853 -3.788581
28.597660 1.524062 -5.307808
28.614260 10.180235 -8.361557
28.630370 6.952734 -3.746806
28.647710 3.565897 -7.395018
28.663090 -2.179484 -8.438630
28.680420 9.455304 -15.528106
28.696780 -1.962295 -14.702438
28.713130 -19.406099 -6.066710
28.729490 -19.913780 4.583802
28.746340 -4.732398 7.689443
28.763180 17.682011 -3.840751
28.779540 3.773634 -5.747427
28.794920 -8.812368 -0.989422
28.812010 -12.397773 7.118927
28.827880 -7.047245 1.285694
28.843990 18.115605 7.422544
28.860350 32.231945 13.629130
28.878170 17.698001 17.795399
28.893800 2.976332 -0.389342
28.910890 -2.444760 -8.779814
28.926030 6.806923 -7.135514
28.959470 2.935427 -1.874810
28.978270 -2.298947 6.690721
29.009280 4.474721 7.476463
29.025390 8.910621 9.411026
29.058110 12.412743 0.083950
29.074710 3.247316 -6.152858
29.092290 -19.961448 -21.284929
29.107420 -72.452109 -38.775869
29.123780 -90.368259 -45.290014
29.156740 -60.502460 -27.414707
29.173580 -20.061926 -6.099719
29.189210 3.121540 -1.000079
29.205810 -3.694395 -4.533285
29.222660 -2.329304 -6.307124
29.238770 -0.674891 -0.639681
29.254640 -0.831252 3.034731
29.271480 -7.569854 7.821664
29.287600 -7.495568 10.019696
29.305910 2.760354 16.958520
29.321040 -3.635911 -6.661281
29.337400 -37.086367 -62.968004
29.353520 -30.844923 -79.736451
29.370610 -106.395680 -74.846086
29.386720 -150.061780 -40.616764
