0.000000 214.784590 197.446580
0.016240 93.890579 92.479729
0.032960 -43.475592 -35.166782
0.049650 2.880081 0.378237
0.065580 5.175543 0.420791
0.081570 5.234859 -5.443904
0.098850 2.327187 -11.518670
0.115200 4.156897 -7.443974
0.147740 4.098111 2.923656
0.165890 3.065249 6.445653
0.181030 -0.038826 5.793360
0.197450 2.235208 7.256701
0.214050 -8.442037 5.827408
0.230190 -22.743261 -29.456489
0.246580 -39.243478 -89.039318
0.263370 -40.938806 -106.309077
0.296050 -24.453634 -68.573685
0.312590 -12.777889 -17.165915
0.329160 3.149138 8.425635
0.345120 7.483055 12.628588
0.363190 -1.114788 -14.338416
0.379030 -10.854772 -40.381881
0.396420 -12.861548 -42.019646
0.412660 -7.788098 -16.831716
0.427400 0.451276 12.277274
0.443790 0.123735 10.752196
0.459930 6.160919 1.878118
0.476620 0.135379 -12.435482
0.492920 -10.651538 -20.860370
0.509670 -11.005685 -16.284378
0.525940 -2.705310 -5.754752
0.542210 7.890624 -3.766205
0.558960 5.675244 -0.804132
0.575290 -2.369906 0.835415
0.591280 -8.992392 0.562157
0.607820 -4.112174 -4.342183
0.624600 2.832220 -5.106285
0.640440 8.930544 1.487264
0.658450 2.701114 3.981337
0.691650 -1.525348 3.843468
0.708100 -2.553826 -1.622109
0.726930 -8.076167 -1.588085
0.741360 -9.879806 2.929634
0.755490 -1.994202 4.342325
0.772370 6.587921 6.620074
0.788480 7.919846 2.355143
0.805110 -1.422972 -5.098654
0.838010 -3.031187 -12.779165
0.854490 2.124440 -7.443526
0.887050 3.500873 0.368644
0.904240 -2.087051 0.793594
0.920620 -9.890845 -10.875248
0.936400 -6.545164 -16.940328
0.953460 -0.905085 -7.600745
0.986180 5.489964 1.732972
1.002780 0.668842 7.144540
1.019010 -3.515087 4.234983
1.035430 -4.124083 1.393485
1.051970 -4.801240 8.580963
1.068210 5.640086 22.200078
1.084560 13.008528 28.935033
1.101320 11.481410 17.498035
1.117550 0.785357 4.336110
1.133790 -11.066625 2.810194
1.152560 -2.269308 4.402907
1.167080 0.600983 -10.415528
1.183200 -2.232259 -27.711243
1.199890 -10.864261 -24.372188
1.216400 -1.206540 -8.461549
1.232180 16.549102 9.169906
1.248720 12.454176 10.116096
1.265290 -3.469608 7.086156
1.281800 -16.276090 4.931912
1.298950 -9.918253 5.028242
1.315830 -4.124726 4.454817
1.331570 -5.063869 2.247683
1.349370 -0.683889 -0.581934
1.365840 -1.046701 6.079895
1.379820 3.385266 9.608293
1.396390 5.259848 3.514496
1.429080 1.220414 -3.677836
1.445710 -1.171155 -3.896513
1.480500 -6.223561 4.234723
1.495420 2.540406 3.931411
1.511750 5.185297 1.696584
1.527860 -0.741995 -0.271013
1.544560 -3.347953 -4.795909
1.577120 -1.560090 -4.580281
1.593510 -2.434288 -1.227592
1.626460 0.626766 2.175973
1.643100 -10.516162 1.054730
1.675960 22.937672 -0.967283
1.692470 52.090120 4.697145
1.724910 49.277345 6.149975
1.741360 22.352435 2.214203
1.757900 -13.345093 -1.313858
1.774050 -4.242412 -0.315292
1.790560 -2.428693 0.498952
1.808900 -1.356323 -0.298091
1.823300 -1.694486 0.029819
1.840120 -4.127107 -0.694994
1.856380 0.435473 -2.427492
1.872590 4.444477 -7.010830
1.888980 5.922259 -0.865541
1.905640 4.206535 3.426601
1.921940 -2.219594 1.267666
1.938540 1.237994 -5.542267
1.954650 11.747964 -9.495896
1.971280 15.272458 -3.545449
1.987520 20.106267 -0.527519
2.003750 15.717173 4.104321
2.020170 8.610985 3.037944
2.036870 6.057902 3.163551
2.053650 1.583491 -0.161356
2.069550 6.760385 -5.665793
2.086330 2.589552 -4.264163
2.102940 -6.022366 -1.857420
2.118740 -3.433013 4.255728
2.135650 0.929809 -3.495003
2.168240 4.216780 -12.440397
2.184690 0.260777 -4.677037
2.201350 -2.828024 5.753004
2.217500 0.424208 14.087118
2.234160 -1.631125 -2.517302
2.250580 13.348004 -15.981860
2.266720 23.324489 -16.644497
2.283390 22.558074 -11.324382
2.299710 11.096755 -0.746078
2.316130 -1.485199 3.819510
2.332310 1.368004 12.193727
2.349550 0.664797 12.951171
2.365360 0.089182 11.765694
2.381930 5.397986 2.311337
2.398250 -4.556644 -11.305503
2.414920 -12.434707 -16.135647
2.431340 -17.519346 -12.216291
2.447630 -16.311511 2.450175
2.463620 -11.563482 8.332164
2.480680 1.787675 9.368851
2.497010 19.090980 2.169640
2.513150 21.654737 -5.046696
2.529970 3.579393 -6.435470
2.546200 -17.435387 -2.751006
2.562160 -14.707716 2.497549
2.578770 -11.764296 10.055539
2.595060 0.736929 14.479800
2.611720 6.571514 9.242325
2.627990 2.202582 -1.954555
2.644290 -6.184169 -13.508726
2.661070 -9.957569 -4.889948
2.678070 11.605595 1.687322
2.710110 28.430357 8.267968
2.726530 14.921304 1.657858
2.742890 -6.178423 -0.580540
2.759400 -16.268151 4.936921
2.775850 -4.852465 2.854851
2.792510 6.504109 -4.249821
2.808690 7.248970 -15.502967
2.824980 5.168361 -13.286181
2.841520 -1.695129 -8.524611
2.857970 -11.702827 -1.633214
2.874330 -3.968706 5.874214
2.907710 4.818290 0.554833
2.924160 13.216637 -5.915918
2.956910 4.923311 -5.678812
2.973450 -13.922277 0.700688
3.006070 -16.042846 5.717491
3.025120 -13.090789 1.144162
3.041110 2.047847 0.848718
3.057650 6.829000 3.128770
3.071750 5.747943 1.520154
3.088170 0.566959 -3.416771
3.104640 -4.941873 -8.545593
3.121060 -0.807775 -5.517812
3.137790 4.204758 2.875384
3.154020 6.707988 7.313597
3.170380 4.633992 5.359954
3.187100 -2.701908 3.775491
3.203460 -5.826878 2.465982
3.219700 -3.531457 1.840172
3.235990 0.546279 -0.588219
3.252590 2.641647 -1.095087
3.268950 -0.878243 -0.497724
3.301910 2.020704 -10.100596
3.318570 -1.350954 7.332333
3.334440 -25.286148 40.394093
3.351040 -39.095931 55.204265
3.367710 -29.031245 40.750693
3.384060 -5.261700 5.600344
3.400240 5.763783 -5.024509
3.416900 -0.086875 1.191324
3.433440 -0.905576 -1.221591
3.449310 -1.055094 -4.943182
3.466340 1.448415 -9.163219
3.482700 -1.171268 -5.167316
3.498990 -6.290475 3.820266
3.515660 -2.432284 5.065173
3.531770 5.991442 3.297001
3.549160 19.753311 -1.602663
3.564480 -12.544489 0.984791
3.580780 -36.616235 3.634574
3.597380 -33.626616 5.464035
3.613980 -7.105275 5.644079
3.630580 13.276934 5.561051
3.646390 -3.095719 6.934442
3.662870 -2.568759 1.564244
3.679660 -4.416464 -0.506537
3.696750 -2.185306 -0.916459
3.713470 -6.419540 -2.776761
3.729710 -7.791123 -4.487825
3.746120 -0.212123 -1.443222
3.762660 -12.133827 7.123015
3.781460 -15.844834 4.128327
3.795680 -10.136269 1.021675
3.811610 -4.575244 -3.732700
3.827970 -1.267330 -7.544605
3.844390 -11.760629 -10.086845
3.861050 -11.557320 -20.323609
3.877840 -4.770732 -20.008058
3.893400 -7.554996 -16.425501
3.909520 11.870562 -6.991408
3.926910 33.385927 4.464812
3.943080 34.491512 12.506340
3.959630 24.574784 13.805908
3.975920 3.809813 -0.776251
3.993190 3.642413 -16.306516
4.008760 -3.905232 -13.239116
4.025300 -7.545243 -2.098969
4.041720 -4.254585 2.210871
4.058440 4.599136 -1.149856
4.074860 8.570534 0.091369
4.090910 2.954821 5.361396
4.109590 -1.175313 5.583497
4.125030 -3.941411 -0.800138
4.140170 0.271816 -4.560812
4.157500 1.823741 1.716408
4.173310 2.720999 11.400887
4.189300 -1.897687 18.577035
4.207610 1.142272 10.294767
4.222260 28.026587 -1.375811
4.238490 43.682045 -5.559633
4.255280 39.178057 -11.336006
4.271820 12.775129 -11.000426
4.287990 -6.069319 -6.065836
4.304230 -1.400630 -2.948796
4.322420 -4.133194 1.100639
4.337310 0.100636 1.739942
4.353910 8.293920 4.703713
4.386690 15.221310 1.854750
4.403290 13.211155 -5.567265
4.419650 2.176610 -3.402595
4.435520 -3.331810 1.737390
4.452550 -0.558868 -1.593921
4.469020 -2.333311 -6.888509
4.484770 -3.679802 -4.826319
4.501860 0.588091 -1.331248
4.517970 -20.275431 20.501490
4.535250 -31.771157 30.068824
4.550810 -43.359233 40.215804
4.567470 -33.097650 29.702959
4.583650 -13.719877 4.987059
4.600370 -8.039648 0.894131
4.616490 8.420754 -8.325525
4.632900 4.947657 -1.307597
4.650670 3.683696 -2.140483
4.665920 6.214073 2.441267
4.682400 11.070217 13.788046
4.698820 45.702397 31.829308
4.715420 -83.466388 -44.260345
4.731540 -191.752886 -109.853391
