0.000000 263.850741 199.036297
0.032470 111.602306 90.112231
0.049800 -61.500026 -38.135683
0.065800 4.905203 2.177225
0.081670 5.804990 -6.137759
0.098880 0.486699 -5.654523
0.131230 -3.405491 -3.833852
0.147580 -9.850659 4.004185
0.163940 -3.951731 4.305772
0.181640 2.713514 -1.430132
0.201170 0.656594 -5.763991
0.217040 1.721365 -4.544178
0.233400 -0.481482 0.473930
0.247560 0.977405 9.066488
0.263790 3.641620 8.147655
0.280150 18.412165 20.425485
0.296750 -24.478506 -42.283032
0.315430 -90.024390 -98.433517
0.328980 -108.983857 -92.765467
0.347530 -63.647249 -46.617728
0.361820 -8.847639 -12.100092
0.378170 -18.905787 -41.435897
0.395260 -11.799831 -52.918348
0.410520 6.150637 -44.861616
0.427250 14.525051 -26.128952
0.444090 0.570588 -8.545215
0.460450 -8.335240 22.185595
0.478030 -1.716602 23.568876
0.494750 -4.414650 -10.660805
0.528320 -5.695621 -33.766218
0.542600 -12.499465 -29.027522
0.575320 -1.998134 -9.563755
0.591800 1.279125 2.079523
0.624630 -4.141322 -8.513199
0.722780 -7.024412 -0.098103
0.739750 -7.455231 2.230151
0.756590 -4.576529 1.312393
0.788820 -12.667086 9.173143
0.887820 2.136991 7.257953
0.904660 14.498815 6.150140
0.919680 12.800495 -4.508854
0.936160 9.546677 -0.856987
0.969240 8.188182 5.628272
0.986080 16.414789 0.571325
1.001950 4.724459 -0.322286
1.019170 -6.886009 -5.877853
1.037110 -3.005895 -6.969553
1.052610 0.081772 -7.011681
1.086550 6.124438 -5.943397
1.100710 0.834427 -0.827004
1.117190 -4.796892 2.701459
1.185180 -3.502914 4.517573
1.200070 -4.946334 2.518271
1.216060 2.326280 -4.400804
1.232790 1.960896 0.370109
1.494380 -2.098959 0.088770
1.511110 5.908914 -0.724529
1.560550 15.226451 -3.069795
1.760250 23.335111 0.016729
1.774050 11.210620 3.290527
1.790410 -10.414469 -1.882419
1.872440 8.030802 8.361628
1.889160 33.112920 8.054822
1.905270 39.833662 0.523785
1.922730 18.876907 -11.449891
1.938480 -6.242842 -6.640299
1.954590 -3.532288 8.678664
1.972530 0.789289 9.361904
1.988770 -1.233986 7.684647
2.004640 -8.395084 -0.564567
2.021850 3.001737 -6.697124
2.037840 3.156131 -9.287217
2.054440 -1.430155 -2.849700
2.172970 -18.581255 0.245967
2.184690 4.768879 -2.764096
2.201050 39.707281 -7.536855
2.813350 32.157749 -1.256702
2.830320 8.159337 6.955541
2.844600 -22.531084 6.351780
2.860600 8.208898 -2.751692
2.877080 34.986528 -6.006743
2.909420 37.679027 3.132645
3.008540 15.740989 4.843118
3.024290 -7.418334 -0.358342
3.040530 -2.839441 -7.054258
3.123660 2.464116 -3.549891
3.140260 3.003854 1.215495
3.155760 2.503584 -0.331855
3.172970 1.431970 -2.038670
3.188480 2.388052 -2.125999
3.287110 3.933850 3.379463
3.435300 1.592829 7.726208
3.451780 8.830968 4.665578
3.468510 9.508305 3.949109
3.599000 4.947582 7.306957
3.615720 -1.072938 9.818413
3.631710 -6.340907 4.164973
3.648440 0.744074 -2.823851
3.682130 29.975490 -6.853233
3.697750 -49.943910 -10.224405
3.714970 -111.640511 -7.634343
3.811280 -118.799546 -0.465212
3.827390 -53.996653 5.033039
3.844480 8.206214 1.666671
3.860470 -24.221878 1.490643
3.942870 -16.975593 7.979379
3.959230 -10.890383 11.054533
3.975710 8.076205 2.549176
3.992310 6.034992 -11.811602
4.025020 5.862642 -15.337389
4.041380 0.270040 -10.788866
4.075200 -3.040222 0.857200
4.141720 0.591834 8.207741
4.157350 -2.468879 11.866016
4.172490 5.588974 6.865992
4.189580 11.583140 -0.812945
4.223390 9.924340 -3.240483
4.241820 8.886275 -4.784875
4.257450 2.646372 -3.656382
4.272950 0.140785 -8.005865
4.289920 -2.183189 -1.391429
4.306270 -0.399899 -1.366596
4.322270 7.858528 -2.641538
4.338990 4.468257 1.600797
4.356450 -3.193369 7.198907
4.371460 -5.139138 15.159880
4.388920 -3.520115 21.388128
4.405400 1.561300 21.406036
4.420780 4.341762 13.623341
4.438480 1.781929 -2.165505
4.455810 -5.941691 -16.471266
4.469970 -14.023212 -23.121361
4.487920 -9.310401 -20.676796
4.503910 0.114246 -6.673709
4.536130 6.976060 6.461933
4.552490 8.733811 11.348694
4.569340 8.069816 9.928824
4.585940 7.689013 6.440030
4.602170 2.887151 0.316922
4.618900 -3.349011 -6.794234
4.634280 4.122193 -9.882869
4.650630 6.549058 -12.956369
4.666990 3.640901 -10.195130
4.683960 -2.747349 0.806802
4.717290 -6.777548 10.723630
4.733890 -2.803943 6.005703
4.749630 4.820445 -6.240351
4.766360 11.849808 -8.638213
4.864620 13.113660 -5.195079
4.881100 1.130741 -0.212770
4.899290 -5.636041 -0.651660
4.913940 -0.330868 -1.026424
4.963500 3.202669 1.351663
4.980220 5.722651 -0.545759
4.996700 -1.100233 4.096452
5.019530 -3.040714 14.202749
5.030400 4.432682 13.649520
5.045780 5.712671 10.326452
5.062010 6.393984 1.750244
5.078370 -3.551644 8.758478
5.112300 -10.703594 13.498401
5.127440 -5.670405 1.729238
5.144290 4.394046 -16.343776
5.160160 16.000771 -28.502047
5.176880 10.365891 -19.650451
5.193730 6.622059 -8.115829
5.209470 6.823556 -1.759789
5.226200 4.482396 0.288829
5.242800 -4.212584 4.286137
5.259030 -10.874619 9.334000
5.273320 0.964362 5.610173
5.289790 5.328879 -1.372928
5.306400 -0.947917 -2.259852
5.322750 -3.224634 -1.094780
5.338990 0.132770 -2.532991
5.355350 6.712222 -6.599518
5.371950 6.041419 2.294042
5.388430 4.080645 16.497634
5.404660 1.964488 23.825473
5.422610 2.253090 6.103310
5.443120 -1.012186 -19.497448
5.457890 -2.572956 -23.644407
5.569820 -0.274463 -11.761063
5.586180 0.034932 2.019177
5.602290 2.828100 0.601734
5.636350 -2.495531 -3.852589
5.669070 10.680798 2.284590
5.686770 25.075677 3.928529
5.699950 22.362717 -0.691591
5.716550 14.055760 -3.783737
5.733640 0.457703 5.385307
5.749760 4.812695 22.767473
5.767460 -3.745129 20.303669
5.782960 -10.709454 12.362474
5.798830 -7.950581 3.938263
5.815430 -2.419733 -6.215826
5.832280 -1.319501 -11.162888
5.848140 -6.214602 -14.606512
5.864750 -5.619218 -5.464035
5.883060 -11.470673 2.413268
5.897580 -14.763363 2.936013
5.914550 -11.819867 5.707449
5.930540 -2.842881 3.846280
5.947020 2.773283 1.429352
5.964480 -1.887706 4.660971
5.980830 -1.465276 6.433840
5.996340 -0.301115 3.003896
6.012940 4.108923 -3.223991
6.028810 5.033814 -14.056592
6.045040 1.411291 -14.777383
6.062260 2.743833 -9.978064
6.078610 -2.890667 3.892142
6.095090 -6.258001 16.383894
6.111450 -0.487984 12.727397
6.127930 0.609413 1.109264
6.144410 -1.015928 -10.915367
6.161130 -2.404271 -6.226884
6.177250 1.018575 4.355792
6.193360 3.907387 11.033315
6.211060 12.852815 3.390119
6.226810 18.566134 -5.566320
6.242800 18.752273 -11.325870
6.259770 6.228136 -13.409444
6.275880 -0.135417 -12.779117
6.292360 -1.341579 -5.314707
6.375730 -5.483122 6.445748
6.390750 -6.468497 6.538015
6.407350 8.691999 2.967887
6.423950 16.985837 -4.704210
6.439700 3.969235 -0.988997
6.456670 1.824951 -3.221935
6.473020 6.735964 -6.253536
6.505980 14.404912 -0.655133
6.571530 9.641376 7.604974
6.587890 -0.499742 16.448183
6.604250 2.981322 12.500221
6.620970 16.504759 11.619772
6.637210 16.390708 9.353280
6.654300 19.064481 2.828223
6.670290 12.218583 -10.252451
6.686520 9.544522 -21.112365
6.705080 5.068405 -17.983325
6.719730 -13.505040 -6.139980
6.735470 -13.555848 4.299322
6.753050 -5.877272 5.785941
6.784300 12.031719 -3.289180
6.800900 7.040252 -4.641903
6.869630 -11.227027 3.821731
6.883420 -15.376908 14.633400
6.900390 -8.030500 23.842979
6.916750 3.868145 18.744736
6.932860 2.832939 10.413141
6.949220 -0.094739 -10.923897
6.966060 -0.444962 -17.051326
6.981930 4.167142 -12.339933
6.998900 -1.603830 -3.672875
7.015260 -0.165661 -0.103160
7.031860 2.471488 -2.495305
7.048340 3.565254 -2.586556
7.064580 -2.246965 -11.663293
7.082520 -0.832726 -10.460396
7.097170 10.972531 0.056731
7.178960 10.456658 12.742448
7.198120 5.744238 10.219656
7.212400 10.741814 -2.444481
7.228760 22.035812 -11.421231
7.245240 14.358679 -11.953272
7.261600 0.941604 -6.372407
7.343380 -10.084629 1.871786
7.359990 0.517737 5.245477
7.375980 13.280071 1.679289
7.392700 11.524090 -1.140263
7.410520 1.776636 0.005482
7.425780 -10.309601 4.997762
7.441890 -3.145244 3.381660
7.458250 2.440412 0.484634
7.474850 32.988115 -5.103781
7.491090 -58.578587 -4.532482
7.508060 -135.906658 2.655738
7.639040 -148.287126 -1.445017
7.655520 -71.670437 1.054919
7.672000 27.064443 5.660075
7.803220 1.632600 9.138340
7.819090 3.104528 6.782988
7.836060 -10.220761 -2.520799
7.852170 0.901682 4.660120
7.868770 12.376527 14.579317
7.886350 9.541724 3.239420
7.902950 -2.991454 -10.054050
7.918820 -15.057698 -18.701428
7.935910 -9.470048 -8.418996
7.952030 -2.490088 6.966764
7.968750 -4.823393 7.748229
7.985230 7.858641 4.458928
8.001340 22.167928 -7.218755
8.017940 26.189720 -10.557836
8.034420 9.060023 -0.663663
8.050660 -10.732098 7.104562
8.069340 -5.721517 12.346171
8.084470 -2.722435 14.222738
8.099120 -0.301191 11.387939
8.114990 -5.121369 7.965155
8.132080 2.787271 -2.078932
8.148190 6.969444 -3.805026
8.164670 2.548269 -2.243478
8.181640 -3.435017 -8.025098
8.197750 0.201537 -14.082416
8.213990 3.247430 -8.640245
8.230350 -3.171896 1.393532
8.263060 -5.605230 9.596101
8.280030 -8.207915 3.982211
8.297000 0.879529 2.896673
8.312620 2.687542 8.556698
8.328860 5.638990 10.187191
8.345580 2.552768 7.894319
8.361820 0.249020 -1.396958
8.378170 2.051704 -3.039669
8.411130 0.863310 -4.607099
8.427860 -0.912457 -5.284581
8.460450 -4.847059 -3.398223
8.493040 -0.708159 -3.345533
8.509520 0.221271 -4.808361
8.526250 -1.008859 -6.755130
8.542720 -1.547766 -5.739867
8.558840 -5.578427 -3.372823
8.575440 2.838118 -2.974078
8.591920 21.022317 -4.846922
8.608280 22.814932 -3.227086
8.624630 15.859690 7.369358
8.657350 4.407958 16.619618
8.674070 -4.146766 8.034715
8.690310 -8.431188 -8.118239
8.706670 -14.816778 -17.281710
8.723880 -7.482714 -12.471041
8.739620 1.118530 2.108255
8.756100 0.418499 8.164596
8.772580 0.479403 8.166936
8.788940 2.057450 2.683241
8.805420 4.261465 -2.630149
8.822140 2.651854 0.391303
8.854250 -0.823540 1.460352
8.870970 -1.734786 2.929019
8.904050 -1.210358 -4.746102
8.920650 4.535851 -10.379354
8.954100 9.992387 -6.123394
8.969970 11.134408 0.065828
9.004030 8.305715 5.176531
9.021730 1.611656 0.862209
9.053470 -1.686396 1.476679
9.070560 -5.784008 0.298540
9.103150 -3.067706 -3.694589
9.119870 0.183353 -4.084709
9.152220 0.490857 -0.160576
9.168460 1.997151 6.997882
9.185180 3.797791 11.386876
9.201540 7.326166 10.663498
9.218750 3.053832 7.259394
9.236210 -0.102678 -1.298689
9.251100 0.442316 -7.089700
9.267460 2.006640 -7.086038
9.283450 -0.893932 -2.794813
9.299930 -5.772402 2.886087
9.316890 1.509167 1.481712
9.333370 0.586655 1.635104
9.349370 -5.156074 -0.396856
9.366090 -5.530604 -6.365673
9.382320 1.240300 -7.134167
9.398800 6.844425 -3.415165
9.415890 13.076046 8.343482
9.431520 18.298456 16.404615
9.448360 19.412336 15.060907
9.462650 8.724473 8.237393
9.479250 -7.903893 -5.131189
9.495120 -6.130487 -10.984619
9.511960 -4.189825 -5.862637
9.544560 -0.412677 5.386228
9.561280 3.002682 13.044947
9.577760 0.698406 13.168258
9.593750 -0.098141 10.576218
9.610840 -2.910249 5.428381
9.629030 -1.366908 -0.893776
9.645630 0.211896 -8.567259
9.661250 7.183644 -11.387467
9.678960 8.802501 -12.333247
9.694950 2.938754 -12.350707
9.710690 1.643110 -7.271303
9.726930 2.122663 -2.525548
9.743160 6.571514 5.019028
9.758540 6.325180 8.035636
9.774540 4.421643 7.460585
9.790770 4.013958 3.982424
9.807500 1.858483 -4.518258
9.823850 -1.760947 -13.591799
9.840330 -2.665691 -21.645603
9.856810 5.267522 -14.781258
9.873540 2.391909 -3.318054
9.889890 -8.718538 4.221397
9.906250 0.804335 3.938429
9.922240 14.601678 1.683873
9.938840 23.813669 6.008657
9.957520 8.684212 8.776293
9.973750 -3.730725 9.694250
9.989870 1.735656 8.435559
10.006470 4.339721 6.464130
10.023440 0.878394 3.280745
10.041020 -3.317860 -1.839297
10.054200 -2.307377 -6.216983
10.071780 -2.241861 -11.641532
10.087770 0.242404 -15.636057
10.104740 -2.372212 -15.748450
10.120970 -3.976153 -2.380591
10.137080 2.561236 7.372524
10.157470 9.977379 5.899260
10.185670 15.830809 -1.369526
10.202270 3.541588 1.539860
10.218750 -11.402286 9.931116
10.234740 -15.361484 9.843552
10.253050 -0.572554 6.115691
10.269780 12.037163 -0.075988
10.283940 9.330815 1.319009
10.300540 1.065528 0.111713
10.316650 -4.734061 2.784794
10.333250 -2.287567 6.068010
10.349610 6.636084 7.718671
10.366940 8.508497 7.505218
10.382080 2.067506 4.413823
10.399290 0.042493 -7.822491
10.415770 2.534017 -19.473892
10.432860 11.036987 -23.784152
10.449580 7.167804 -13.744430
10.465940 0.036633 2.981001
10.487180 -1.701783 9.105450
10.497560 -8.085959 5.687342
10.513920 -1.580202 -1.883340
10.531130 7.508535 -6.803591
10.549680 11.489613 -6.788824
10.564580 10.724197 -1.933809
10.580810 1.682616 2.862554
10.598140 3.257032 3.284077
10.612550 0.397064 3.261229
10.628910 -2.505890 7.242099
10.645140 -0.665931 13.687276
10.661990 1.926645 10.982894
10.678100 2.454778 -1.872660
10.695070 2.504491 -5.372501
10.727420 2.090378 -3.894670
10.744140 1.510831 -4.741376
10.760380 3.317822 -8.499826
10.776860 3.918501 -11.675178
10.793460 6.607050 -9.681680
10.809450 6.536356 -6.669834
10.842410 0.739537 1.808770
10.858890 -7.542597 9.755658
10.875490 -11.724224 9.592604
10.891360 -12.575564 8.827211
10.907710 -8.715400 11.800734
10.924190 -5.555290 18.010897
10.940550 -0.180934 7.241036
10.959470 1.706773 -3.879099
10.975950 -2.368394 -6.566675
10.992310 -5.363092 -9.112515
11.008670 0.534182 -10.186931
11.024410 5.681558 -10.177409
11.040530 2.613898 -0.253198
11.075200 -2.324730 8.097234
11.091920 -2.576774 7.629948
11.108890 13.852945 6.926219
11.124390 13.775373 3.816603
11.143070 10.730700 -5.558735
11.173220 -2.438408 -1.402747
11.189580 -8.473113 5.019193
11.222780 -0.557961 6.231798
11.239990 0.088010 -2.308856
11.271480 8.115295 -6.671559
11.288570 6.238721 6.087054
11.320190 2.857134 11.011342
11.337520 5.447812 0.805644
11.354740 7.010159 -13.912514
11.370610 11.952861 -19.952773
11.387210 8.545999 -20.051105
11.402830 -3.043549 -11.650771
11.452880 -66.264224 8.699551
11.469120 -96.462196 28.976635
11.483400 -95.331017 25.244431
11.499880 -54.812399 3.307327
11.515870 -11.831700 -9.737228
11.534420 -8.665952 -1.025171
11.552000 5.589655 9.981065
11.567870 -8.240314 9.686831
11.584960 -4.633765 -3.830355
11.601200 1.364375 -14.491259
11.616210 6.007887 -14.097420
11.633540 0.612816 -7.587938
11.650020 -4.896054 2.979961
11.666380 -3.342131 4.460535
11.683720 -4.929284 2.568599
11.699340 -3.161500 -10.302423
11.715940 -2.087618 -20.349645
11.731810 -0.855371 -12.300050
11.779300 2.139978 3.128369
11.797360 0.602684 9.727446
11.813840 -4.327245 3.579001
11.828250 4.682496 6.756832
11.844850 25.614896 12.577364
11.861080 34.741194 13.704855
11.877810 21.968186 2.654793
11.893800 0.307958 -6.472164
11.910160 -3.855556 -9.085674
11.926760 -5.734219 -14.663312
11.943360 -6.863743 -14.069516
11.959590 -9.206023 -10.058917
11.975950 -12.895458 -3.404579
12.010500 4.870309 5.735070
12.041990 21.906910 14.609962
12.058230 28.746658 21.511479
12.074830 14.590791 22.093998
12.091550 -0.573234 13.123130
12.107300 2.005582 3.030856
12.123900 4.895033 -7.928178
12.140630 -1.058988 -9.612097
12.156860 -8.529592 -5.083225
12.173580 -5.729759 -8.116467
12.190060 2.086030 -9.966652
12.206300 9.461050 -11.109750
12.222900 -1.032373 -0.606153
12.239010 4.175535 4.374884
12.255490 12.604332 3.805569
12.271730 20.314631 1.170058
12.288330 15.344473 -2.626771
12.304690 1.779018 2.348575
12.321170 1.389818 4.276048
12.354000 -3.749514 5.066354
12.370730 3.472973 -2.005804
12.387080 7.842121 -5.747427
12.403440 -1.829449 -5.591531
12.419800 -3.038256 -2.283173
12.452390 -5.728473 1.561645
12.469850 20.244962 7.719332
12.485720 35.786400 13.391913
12.501590 26.233303 12.580530
12.518680 12.560593 6.985808
12.534790 -7.278646 -5.161953
12.551390 -1.577367 -14.099192
12.567500 0.779308 -14.696720
12.584230 -3.389046 -7.291410
12.600220 -9.728628 2.111090
12.616940 -8.602895 -1.182392
12.633540 16.987803 -2.094007
12.649660 34.376423 3.079979
12.668700 28.297985 1.495109
12.682740 12.091449 -4.331456
12.698970 -0.398727 -16.760505
12.715820 1.546367 -8.778396
12.798460 -4.018684 9.889342
12.814330 -4.707787 23.552362
12.830570 -1.724050 21.837091
12.846920 0.035990 7.356599
12.863650 -0.746304 -2.738413
12.896120 -3.878126 -4.073959
12.912720 -2.029777 0.621771
12.945560 0.822595 -1.444994
12.961910 9.200579 -17.107746
12.978520 8.385369 -20.516658
12.996090 1.909973 -3.295276
13.109380 -8.916027 18.446286
13.125980 -7.366012 21.785633
13.141970 0.620036 6.986470
13.158940 3.939256 0.888271
13.191650 4.153949 -1.163655
13.208250 0.065440 -0.128016
13.224730 4.096221 -1.495865
13.240720 2.887000 -2.606096
13.257930 5.918781 -10.285931
13.274290 0.372339 -14.417519
13.290530 -0.551761 -15.715916
13.307250 10.665034 -10.877516
13.324340 -67.464676 -2.637828
13.339600 -123.563252 8.618862
13.389040 -112.970159 20.974460
13.406740 -43.043411 18.104789
13.422000 22.051311 6.064206
13.437870 -2.318681 -8.571583
13.455080 2.242051 -8.839781
13.471440 1.581223 -0.720299
13.487670 -4.256702 6.544748
13.504030 -0.304480 4.275245
13.520630 -4.663480 -1.778763
13.536870 -9.407444 -5.150139
13.553100 -11.682488 0.111288
13.586060 -5.133164 6.791186
13.602910 7.343330 6.790454
13.635380 7.585391 -0.347237
13.652340 -0.805809 -4.120813
13.688350 -9.305146 -3.067149
13.703740 -9.287302 2.216116
13.720090 9.856443 0.185503
13.736210 24.666223 -6.625130
13.752690 7.224888 -11.340803
13.769410 4.525417 -9.105592
13.785160 5.313228 -0.189733
13.802000 11.426102 2.097788
13.834230 10.622467 3.823148
13.850950 -3.916233 0.416113
13.883910 -1.441270 2.807335
13.900510 1.012034 0.124685
13.916990 10.897150 7.492175
13.933230 16.609776 16.716748
13.949710 11.110062 13.663058
13.964230 -1.363619 2.819575
13.981450 -4.833525 -10.827993
13.996950 -6.143605 -11.422294
14.013430 -3.759192 -10.354994
14.029420 1.303320 -10.780123
14.046260 -0.514561 -10.226484
14.063110 -3.344134 -10.880328
14.080320 -1.268162 2.150100
14.094730 6.881435 9.859146
14.128420 9.921466 8.415050
14.144900 12.707914 1.566418
14.163450 5.209757 -3.285778
14.179930 -0.842026 3.358032
14.198730 -3.089671 3.094959
14.212160 -2.766402 0.840660
14.229000 -0.390713 2.552366
14.245000 -1.254439 -1.672862
14.278320 -4.710320 -6.573551
14.295410 15.663417 6.588862
14.311650 29.621281 19.566696
14.325560 23.330235 27.798157
14.341800 11.761800 2.740728
14.358150 2.000970 -22.489682
14.374760 12.774449 -23.885292
14.391600 8.390094 -13.798277
14.407960 -8.000407 6.755721
14.423830 -11.328228 8.329234
14.441280 -21.151788 16.334396
14.457150 -28.104794 18.760943
14.473510 -26.594064 11.716219
14.490230 -12.389040 2.485688
14.506590 7.934552 -6.828920
14.522460 6.403246 -3.100228
14.539550 1.148888 -0.424453
14.555660 0.140898 5.951926
14.572140 6.067315 14.026042
14.588750 0.152769 4.137778
14.604860 -4.605601 -10.226767
14.621460 -3.819604 -18.252762
14.640010 -4.446027 -9.874433
14.654170 -6.497493 7.071010
14.670780 -13.356359 13.089650
14.687130 0.777078 5.284014
14.703610 19.083609 -1.255568
14.720090 19.901570 -5.069733
14.736940 13.707742 -4.887751
14.752440 1.477789 0.525345
14.768310 -1.103976 -1.768933
14.785280 -4.177199 6.251149
14.818240 -4.460885 1.889200
14.835210 -1.510793 -6.292403
14.867550 16.998161 -5.917075
14.884030 25.925007 -2.616043
14.916990 17.712744 2.495375
14.933840 10.090148 -2.327617
14.949950 -0.443790 -9.120879
14.967160 2.703382 -11.325185
14.983150 -3.724865 -7.817175
15.001100 2.657109 -0.789553
15.015870 15.210650 7.660948
15.032230 9.773539 11.533224
15.049190 -2.844394 6.808128
15.064940 -14.137718 -0.258301
15.081300 0.536715 3.378116
15.098270 11.136336 11.643281
15.113890 10.950719 16.665762
15.130490 2.262994 3.006897
15.146970 -9.840036 -10.475116
15.163090 -8.098283 -16.560174
15.180050 0.010737 -11.385010
15.196290 -10.472498 5.103734
15.212160 -42.761032 8.959360
15.228880 -58.572467 9.206222
15.261840 -34.066228 2.366910
15.278810 -0.641850 2.803342
15.311400 10.283214 1.813732
15.329100 0.752882 -2.985183
15.360600 4.098716 -4.804817
15.377690 1.645529 -2.807950
15.409180 4.862370 0.576972
15.425540 11.840092 -0.311630
15.458740 6.392963 -2.051666
15.475460 3.229510 -3.714980
15.508540 -6.606370 -1.714872
15.525390 6.408879 4.535672
15.541020 8.665498 13.188010
15.557130 4.679774 15.925439
15.573730 3.363150 12.595486
15.590450 -4.232545 6.505834
15.606450 -4.656108 0.661229
15.623050 -9.749533 -3.677671
15.639280 -5.170100 -7.978859
15.656860 0.633344 -12.143165
15.672120 5.048558 -12.178441
15.688840 18.591046 -6.801748
15.704960 17.946024 -0.604475
15.721440 5.949138 2.793797
15.754390 -3.720669 1.382403
15.771120 -3.845840 -2.666655
15.803830 4.982626 -2.598913
15.820190 3.316990 -0.667373
15.853030 0.881683 1.265610
15.869510 1.158830 -0.771690
15.902220 -4.363765 -2.501850
15.918820 -1.671463 5.934513
15.935180 8.948501 10.683227
15.951420 16.527517 9.174230
15.968140 12.810589 1.055155
15.984620 -1.054111 -4.185057
16.000980 -11.303391 -6.799740
16.017330 -1.493440 -9.554965
16.033450 4.836512 -10.237778
16.049930 5.113317 -10.044481
16.066410 0.322551 -11.539982
16.082400 0.622002 -6.581017
16.099240 8.686480 6.213699
16.116090 1.648364 14.950852
16.132450 -9.562630 13.440869
16.148800 -6.974888 4.771974
16.165040 1.774935 2.254157
16.197630 12.131295 1.543404
16.214230 10.724084 1.255119
16.246700 6.249117 -4.504483
16.263670 5.018503 -7.548929
16.296140 1.159397 -4.205684
16.313480 2.343518 1.103711
16.346800 -4.334012 4.407112
16.364870 -7.287228 -0.908993
16.395510 -6.097635 -2.524981
16.411740 -1.469548 0.743053
16.444340 0.652397 -0.330556
16.460940 1.320521 3.195259
16.493650 3.377062 -2.687660
16.510010 4.712550 2.246124
16.542720 -0.127894 9.446160
16.559690 4.104614 7.245974
16.575930 14.291124 6.947933
16.592160 14.260806 2.039308
16.609010 6.989631 11.224296
16.625240 -0.937219 10.771452
16.641720 1.501984 -1.889601
16.658200 -0.089786 -5.682309
16.690550 5.545272 -2.295695
16.707030 -0.829740 6.121125
16.739870 -9.133288 3.261087
16.756590 -6.184018 -2.112909
16.773070 0.833823 -4.272717
16.789060 12.267577 -6.520672
16.805910 -0.406213 -8.324958
16.822510 -10.251307 -10.758268
16.838620 -5.852434 -10.992747
16.855100 -0.283536 -10.634082
16.887820 12.671547 2.287497
16.904540 11.741349 9.696093
16.937380 -0.502690 7.743125
16.953610 -6.647010 -1.001898
16.986690 -9.794369 -3.595257
17.003050 12.281413 0.720559
17.019410 18.522057 6.946799
17.035640 8.649280 14.838742
17.052490 3.118894 15.480923
17.068600 -4.217271 5.536100
17.085080 4.639625 -5.515307
17.101560 0.139916 -3.401484
17.134400 -2.411227 1.712462
17.150510 -2.174304 0.907788
17.183720 -4.248838 -4.024246
17.199950 0.837074 -3.018900
17.233890 5.754180 -2.785621
17.252200 -2.066901 3.137772
17.281980 2.880648 -0.443710
17.298340 4.894050 1.788923
17.331300 3.794766 5.638007
17.348270 5.215238 5.203987
17.364870 3.418156 0.409237
17.380980 10.725823 -9.388178
17.397830 4.959414 -3.288944
17.430050 1.695469 1.933549
17.446660 6.717213 1.907748
17.481690 8.378451 -5.378030
17.496220 1.489962 -9.079058
17.512940 0.766757 -10.332855
17.529170 3.900052 -13.459203
17.546630 -0.115494 -7.955019
17.563350 -4.397108 0.795838
17.581180 -8.143232 7.845504
17.596800 0.425984 2.624361
17.611210 22.116782 0.876835
17.627080 -37.088295 1.583832
17.644170 -118.674031 2.777115
17.676390 -135.245051 3.752359
17.693480 -77.836597 -1.681722
17.725710 1.262037 -0.133002
17.742190 7.080400 1.271777
17.775150 0.139197 7.870880
17.791990 1.093088 4.514997
17.824830 -3.071902 -1.457587
17.841060 -3.658934 -0.769517
17.873780 9.539078 3.889803
17.890500 18.749702 6.652539
17.923100 5.390576 -3.035251
17.939820 -6.235470 -7.378124
17.972530 -10.626058 -6.798133
17.989750 -2.745005 -2.268641
18.022830 3.295291 0.944695
18.038940 -1.886913 1.410520
18.070920 -2.322688 0.015146
18.088620 -0.637616 3.658981
18.120970 0.723886 9.245349
18.139650 9.980441 4.391022
18.154300 10.312890 5.470036
18.170530 4.955029 7.963785
18.188230 5.546860 9.175269
18.203490 3.095946 2.449017
18.219600 2.757518 -14.636259
18.236940 -1.790699 -13.765128
18.253910 -4.714289 -13.843546
18.267820 -2.653139 -18.268237
18.284550 -2.121983 -9.411168
18.300660 3.004761 0.077145
18.316890 9.735924 12.658429
18.334110 6.358902 14.949860
18.352170 -0.634856 16.108713
18.366460 -10.811071 17.839628
18.383060 9.326127 0.824074
18.399410 30.525114 -17.096099
18.416750 32.609577 -28.708524
18.433720 10.670856 -25.345759
18.449950 -12.385260 -10.170014
18.471310 -6.222957 0.697262
18.482790 -0.085288 10.953100
18.499270 5.663601 9.408427
18.515380 4.102723 7.474572
18.532100 2.633027 8.616736
18.548710 2.377656 14.175318
18.567380 2.953044 21.079431
18.582400 3.863193 13.766758
18.596680 3.690652 -1.698569
18.612920 -0.020906 -16.610877
18.629880 3.803499 -15.455831
18.646120 10.398705 -3.514402
18.662350 -1.565685 2.405636
18.680420 -16.363868 5.552899
18.711550 -15.552276 -4.419800
18.728150 3.521287 -3.406989
18.761110 18.060754 4.365504
18.777470 10.425168 4.074266
18.794680 -2.926543 12.435506
18.809810 -8.168561 15.270974
18.827030 -6.221180 7.073019
18.843990 -1.478545 -10.592710
18.859380 1.152177 -26.014371
18.876100 3.108875 -15.349274
18.893430 6.183186 -0.656362
18.908570 -6.880603 3.722233
18.925290 -6.030305 3.369019
18.960450 1.288690 -0.329587
18.974730 13.950629 0.890705
18.991210 11.067457 4.660333
19.007810 -4.097544 7.806802
19.024050 -2.203565 10.300462
19.040410 -1.755390 3.034022
19.056520 0.136853 -8.899228
19.073240 1.365282 -14.300825
19.089840 0.972150 -12.647064
19.105960 -0.311814 8.105480
19.122190 -0.772012 3.870948
19.155270 1.414202 -6.982382
19.172360 -5.417077 -8.778207
19.188350 -9.121984 -3.515654
19.204350 -6.245866 8.288973
19.221190 -0.312910 -4.890870
19.237300 3.960200 -10.079875
19.253780 -1.785671 -2.304627
19.270020 1.050406 6.982217
19.286620 4.171717 16.671267
19.302980 5.698948 17.904176
19.319580 5.388270 19.858929
19.337770 -3.006841 15.022135
19.352050 -8.975493 4.864170
19.368770 -7.857545 -1.030275
19.385010 -1.750513 -2.785054
19.401730 3.524916 -2.372605
19.417970 0.315972 1.054612
19.434690 1.160607 -9.068236
19.453130 1.640312 -19.391366
19.467650 6.160617 -11.474274
19.484010 7.749878 0.553131
19.500240 4.466707 8.921461
19.516480 3.781610 -4.675194
19.532960 4.602463 -11.449654
19.549440 0.102451 -5.519395
19.565800 -0.154622 -5.828707
19.598390 0.224523 -3.598990
19.615230 2.861481 -2.659873
19.647950 -0.549606 5.045987
19.665770 -10.829822 10.277425
19.697390 -8.576280 9.341632
19.714230 -3.072356 -1.725623
19.730350 6.038924 -16.123834
19.746700 5.411860 -20.929618
19.763060 12.603727 -10.610880
19.779300 15.257072 2.067237
19.795900 12.961085 5.962275
19.812620 7.441319 11.459105
19.828980 -7.847489 12.397088
19.845210 -10.059300 10.594742
19.861690 -7.235474 7.526601
19.878660 -0.972566 -0.086360
19.895260 3.530209 -8.929613
19.911130 2.164021 -15.407609
19.927250 -3.951731 -6.678198
19.944090 -11.339305 7.031906
19.960450 2.691247 8.344403
19.977170 16.979562 2.806768
19.994870 20.384338 -4.973709
20.009890 6.675817 -2.683218
20.026370 1.459076 -2.333973
20.042360 17.121663 -4.607760
20.059200 1.648629 -5.997174
20.075320 -14.000038 -8.556296
20.092040 -17.629201 -4.177165
20.108890 -2.949680 1.446907
20.124630 7.654762 7.807298
20.141240 -2.810067 15.577746
20.157470 6.466644 3.557169
20.174320 11.455779 -12.390685
20.190550 10.967768 -21.400460
20.207640 4.496913 -9.845702
20.223270 -2.388733 8.219649
20.239870 2.286660 10.296327
20.256100 -0.243652 12.331427
20.272580 -2.407144 4.152214
20.289060 -2.812373 3.726770
20.305300 1.022960 1.418270
20.321900 3.832382 1.872235
20.338130 1.633016 2.017405
20.354860 1.387096 3.235923
20.371220 16.215152 -3.363538
20.387330 30.223787 -16.958237
20.404050 22.026400 -13.649756
20.420170 -0.591985 -1.200515
20.438110 -15.548383 14.611143
20.452390 -0.928788 1.111650
20.468990 11.107680 -10.724386
20.485350 12.188114 -5.832653
20.502080 3.422806 -1.326310
20.518680 -3.656477 4.900250
20.535890 0.955781 6.286000
20.551640 1.550110 8.022925
20.567870 -11.961783 7.876905
20.584350 -23.163457 2.853032
20.600830 -16.057362 2.754976
20.617430 2.479729 -3.671882
20.633670 14.341365 -6.435612
20.649780 4.919153 -1.691788
20.666140 -2.421056 3.132362
20.682370 -3.053076 7.268586
20.698970 0.300094 5.248478
20.715580 1.253569 7.963477
20.731930 -0.652549 7.697642
20.748900 0.126230 7.448605
20.765870 0.772881 11.753195
20.781370 2.813696 12.305390
20.798580 0.598563 3.758668
20.814580 -3.776091 -11.527601
20.830440 -10.062967 -20.014083
20.846920 8.172644 -16.088346
20.863890 29.248436 -16.962679
20.880000 33.051992 -17.091893
20.896480 13.434007 -6.007523
20.912960 -8.614992 9.551303
20.928960 -6.201710 21.503658
20.945920 -2.235208 16.605253
20.962160 -1.217881 6.247889
20.978150 0.110088 2.684872
20.995120 4.314240 3.562319
21.027590 13.343543 3.924701
21.044430 3.407004 -5.728242
21.060790 -55.086099 -4.789719
21.076900 -77.598701 3.098715
21.093380 -89.901714 1.419263
21.109740 -59.500072 -9.558627
21.126460 -25.479912 -12.534646
21.142940 -16.258209 -1.375575
21.159550 3.986247 5.181776
21.175290 -5.835120 4.324745
21.192260 -0.292344 3.949912
21.224730 2.603653 4.474924
21.241700 -0.869926 -5.258024
21.257810 0.026010 -9.221887
21.274170 1.571054 -7.590466
21.290650 -3.608503 -4.216931
21.323610 0.961414 2.296239
21.340090 5.498357 2.227482
21.372680 6.360300 3.361009
21.389530 -0.173448 5.721815
21.405520 4.988524 14.403201
21.422000 16.231634 21.283228
21.438840 11.832229 13.913530
21.454710 1.205292 0.541719
21.473020 -7.793315 -8.173599
21.489010 -2.214566 -8.304661
21.504150 1.921844 -7.481613
21.520750 2.439278 -6.153968
21.536620 -0.486056 -7.386110
21.553220 -5.039144 -8.373158
21.569340 -7.748630 -8.997873
21.586060 -5.340258 -4.685189
21.602540 17.479502 -12.141298
21.619140 34.139780 -24.219851
21.635500 20.205459 -16.025405
21.651980 -7.616769 4.962793
21.668460 -20.340525 23.192734
21.684940 -7.742468 20.612533
21.701290 -2.983817 12.599266
21.717650 3.319977 9.395455
21.734010 12.539423 2.575191
21.768190 17.682162 -5.923455
21.816410 12.716685 -8.123035
21.834350 5.051809 -3.445196
21.865970 -9.011936 1.308093
21.882570 -14.103657 9.242655
21.915280 10.522664 6.163301
21.931880 30.890054 0.522864
21.964720 31.060447 -5.510771
21.981080 0.075610 -8.607143
21.997800 -11.648918 -5.854603
22.013790 -6.275656 -9.191384
22.030520 2.499312 -11.610013
22.046750 7.867261 -4.586212
22.063230 1.526255 9.573654
22.080320 3.604268 7.637415
22.096190 9.489706 -1.971709
22.112180 17.169181 -9.784058
22.128540 6.505545 -4.343979
22.144650 -6.282688 8.527329
22.161620 -12.155224 11.580928
22.178830 9.079719 13.898645
22.194950 24.096532 9.508679
22.211180 19.383115 3.378258
22.227780 8.847299 8.896416
22.244140 -5.452916 15.776850
22.260380 -1.341805 15.326238
22.276860 0.436419 -0.339865
22.293330 9.527888 -19.423261
22.309690 19.035411 -26.114446
22.326170 5.927476 -11.286223
22.342650 -6.780195 8.258257
22.359010 -5.806653 19.914616
22.375370 2.091210 2.687140
22.392090 -18.877700 -8.201078
22.408330 -32.875139 -6.384316
22.424560 -53.215655 -4.804226
22.441410 -48.500092 -4.224799
22.457520 -24.794896 -8.309978
22.474240 -13.105570 3.807223
22.490600 1.404637 4.534018
22.506840 -9.150300 3.497933
22.522710 -6.763636 3.734520
22.555660 -1.956662 6.912397
22.571900 -3.879487 8.353571
22.588500 -6.989064 10.647030
22.604860 -1.971784 16.030083
22.622190 -4.778179 16.035753
22.638550 -2.890440 6.898338
22.654660 -0.847432 -4.947600
22.671390 -6.345972 -14.555430
22.687990 -10.839008 -22.340462
22.703610 -14.551816 -27.297103
22.720700 -10.367365 -20.275010
22.737300 -1.979988 -6.888580
22.752810 2.366920 7.308115
22.769780 6.250176 3.040851
22.802370 0.653834 -5.415291
22.818970 11.530176 -5.300719
22.835820 27.125035 1.177123
22.850950 32.167160 12.285094
22.867800 13.481942 12.299672
22.884030 -8.122326 18.621926
22.900510 -6.151997 20.615014
22.917850 0.493731 10.387931
22.934080 2.987409 -4.305371
22.950200 -0.345309 -12.604677
22.966920 -11.694623 -6.800756
22.983280 1.346266 0.338046
22.999880 16.995099 -0.734665
23.016600 24.238851 -4.828823
23.032960 16.641568 -8.216436
23.048830 -1.365282 -9.225384
23.065550 -3.532137 -1.141232
23.082150 -3.120557 2.983931
23.098270 2.350399 1.670027
23.114870 11.586844 4.329164
23.131590 9.348280 2.195088
23.147220 0.637540 2.747297
23.164790 -9.322006 0.370747
23.180300 -13.075063 4.229005
23.196530 -11.345089 9.498117
23.213620 14.822298 8.848192
23.229740 37.691650 7.633871
23.246090 32.881527 2.038552
23.262570 11.255191 -2.271949
23.278930 -4.755799 -17.785996
23.295290 10.909852 -25.956018
23.311890 4.424328 -15.855504
23.328250 -4.784984 5.152194
23.345580 -11.376126 26.061503
23.361330 -2.820123 23.266139
23.377810 7.861174 11.614668
23.393800 8.420905 -1.728175
23.410520 1.858370 -11.867812
23.426640 5.836065 -18.002132
23.444090 12.251510 -20.896305
23.459110 14.453451 -18.138670
23.475340 12.947967 -4.716850
23.491700 6.029057 11.099850
23.508420 4.695387 14.310820
23.524780 -3.603475 9.187698
23.541140 -4.808536 2.907305
23.557500 0.807321 0.434802
23.590330 -0.580946 0.698987
23.607300 6.135288 3.022941
23.640380 10.916771 3.713633
23.657230 25.048120 4.282546
23.674190 19.362702 -5.384173
23.690060 6.382265 -9.717854
23.706910 0.433545 -4.269196
23.739260 -7.661340 3.126927
23.755980 1.694562 8.525698
23.772580 2.755704 1.516586
23.788700 6.003161 -3.401838
23.804930 1.086661 -6.034246
23.823850 -0.832802 -4.033720
23.837520 -3.360655 -4.498009
23.853390 -5.171914 0.721150
23.886230 -5.411520 5.379542
23.902950 0.437364 -0.503702
23.919310 7.968123 -11.025211
23.935550 6.164095 -16.554220
23.953250 -1.043790 -2.769436
23.984860 -7.705231 12.050380
24.002080 -4.033768 8.185271
24.018070 -3.336082 -3.236490
24.034300 6.468875 -5.704921
24.051150 1.711083 -2.282582
24.083860 2.463851 5.126534
24.100340 11.212662 1.806147
24.132690 16.909249 -0.642445
24.149780 8.816186 3.993080
24.165890 -11.338738 9.762864
24.182250 -12.983956 12.646828
24.199100 -2.489483 11.452112
24.215330 2.706331 -0.875323
24.231570 -2.431074 -9.620886
24.248170 4.074672 -9.305080
24.264400 -22.472568 0.751559
24.281620 -29.025084 14.396657
24.297240 -70.259328 21.795296
24.313960 -84.747868 21.565464
24.330200 -61.798317 10.906058
24.346560 -32.797580 -3.655390
24.363160 14.950451 -13.978552
24.379270 5.375341 -12.910060
24.395870 -0.652208 -13.668115
24.412230 -4.832429 -8.483003
24.428710 -2.677864 1.248574
24.445070 0.637691 4.283089
24.461430 0.248302 11.504990
24.480100 -2.386313 17.655955
24.494510 -4.126276 17.964377
24.510860 0.291286 4.740455
24.527340 3.257637 -13.229074
24.543700 -0.150955 -12.951596
24.560180 3.936042 -11.562546
24.576420 11.719044 -10.057051
24.592770 18.792456 -8.321153
24.625000 6.297205 -1.737414
24.641970 1.056001 11.998920
24.674320 8.995416 5.966174
24.692140 9.294145 -3.107033
24.724000 -1.512418 -9.064078
24.740720 -6.344725 -6.741190
24.773800 3.851247 -0.174233
24.790040 15.631927 4.068784
24.822880 14.956802 11.830008
24.839600 12.462304 8.046340
24.856080 11.157733 3.945375
24.872190 2.691284 -7.752765
24.888790 4.231070 -9.501165
24.921510 -0.629450 -8.999811
24.938230 -2.258496 3.535265
24.970830 -9.504827 13.635178
24.987550 0.585029 5.502714
25.019780 14.430732 -5.207862
25.036500 19.967270 -4.730011
25.052860 13.756735 -0.037899
25.069210 0.257602 -3.915793
25.085820 0.766417 -3.940650
25.102540 3.923264 -2.089730
25.118650 11.311897 4.371411
25.135620 6.740387 1.546783
25.151980 -5.866157 2.921624
25.167850 -13.000854 5.524570
25.184810 -7.277021 1.804115
25.200810 -3.644757 0.860437
25.218380 -6.595180 1.165734
25.233890 -1.698191 -6.093292
25.250000 12.483058 -16.819831
25.266480 15.088999 -22.361158
25.282710 21.565072 -7.636068
25.299680 21.121622 10.765829
25.315800 17.325835 19.899685
25.332280 7.293428 7.303815
25.348630 -4.025072 -10.304266
25.365360 -5.288693 -9.878025
25.381350 -8.482034 0.213857
25.414430 -0.297977 12.837264
25.431150 8.147239 7.626333
25.463750 13.082359 3.989631
25.480350 4.586925 4.315247
25.496460 -42.988046 11.225312
25.513060 -63.938234 15.132449
25.529420 -72.704883 15.692455
25.546630 -50.346451 5.955305
25.562260 -22.427320 -6.413709
25.578490 -16.477806 -9.693895
25.595210 7.358451 -10.696931
25.611450 6.390733 -2.089045
25.628050 3.093716 3.065211
25.646240 2.258004 22.954328
25.661500 3.856955 32.694843
25.677860 4.110814 24.204826
25.693970 -0.628883 1.602120
25.709840 -6.343099 -20.053609
25.726440 -13.195354 -19.182958
25.742800 -3.541777 -10.710541
25.759160 11.224268 5.033346
25.775630 11.523825 7.936943
25.791870 1.779812 7.199049
25.808470 -6.160050 -0.828492
25.824830 -1.200416 -4.201077
25.857670 -0.850343 -6.689965
25.874020 -4.905203 -5.214714
25.890750 -7.095370 2.392523
25.907100 -3.990292 3.635235
25.923220 -2.747727 3.152823
25.939820 3.738740 1.536481
25.955930 11.299951 8.257595
25.973020 4.479069 12.561486
25.988770 -9.401168 13.021486
26.006710 -20.528816 4.016779
26.022220 -2.431112 3.273680
26.038450 13.268239 -2.651296
26.054810 11.073581 -10.242432
26.071290 -3.518112 -9.661714
26.087520 0.391015 -9.497266
26.103760 20.227611 -2.297586
26.120360 17.847321 0.508333
26.136720 5.285404 6.518994
26.152950 -7.021765 10.130509
26.170040 -2.165269 3.716539
26.185910 1.037326 3.660848
26.202880 0.742562 4.533356
26.219970 2.851425 0.183495
26.235600 0.499099 -2.123471
26.252810 -1.801171 -0.805384
26.268920 -5.602811 -2.803650
26.285160 -5.759813 -4.223783
26.301880 -0.597921 -2.044766
26.317990 -1.654527 -5.591106
26.334230 1.142045 -8.039204
26.350590 1.049839 -14.586571
26.366940 0.937067 -9.305883
26.383420 -1.110327 -1.491824
26.399900 -1.800188 1.576058
26.416380 -0.293592 12.748733
26.432620 2.133551 17.557456
26.448970 4.697580 22.271073
26.465580 3.999706 8.197321
26.481930 0.360507 -6.123370
26.498540 -6.992580 -14.793638
26.514530 -3.591680 -13.785943
26.531130 9.769267 -7.512613
26.547730 16.771609 -10.257696
26.563960 13.233044 -2.827088
26.581420 2.733210 4.466300
26.597170 -0.856392 12.232831
26.614010 0.299603 10.361090
26.630130 0.220969 7.831682
26.646850 -1.072144 -1.654007
26.663570 -2.136273 -6.949327
26.695560 4.222224 -2.401974
26.711790 -1.031088 0.384097
26.745480 0.369466 5.154888
26.762330 11.175690 -3.533611
26.794190 18.905787 -8.749051
26.811040 21.640712 -5.415858
26.827390 3.877332 -8.563195
26.843750 -3.930523 -8.174922
26.861330 -2.816758 -10.490923
26.876950 0.276542 -3.092974
26.893070 6.175436 10.074299
26.909300 1.486560 9.759627
26.925900 3.508320 7.941267
26.942140 3.216392 -2.891546
26.958620 -1.299956 -3.486497
26.991460 -9.286622 0.511971
27.008420 -3.103658 6.995118
27.024410 11.488517 7.522655
27.040890 9.968835 -1.684558
27.057620 12.486498 2.669206
27.073970 8.467064 3.178649
27.090330 10.989354 -0.822396
27.108400 -11.074678 -4.934629
27.125610 -11.716625 0.858098
27.141600 10.029662 11.088462
27.156010 7.508762 1.281393
27.172120 -0.153828 -12.136526
27.189210 -21.458131 -9.227085
27.205440 -1.707340 -2.386285
27.238040 15.964480 0.022281
27.254390 12.230832 0.831800
27.271120 0.559133 0.487587
27.287350 -19.074196 2.542702
27.303960 0.508059 1.987681
27.321780 33.731237 -1.809337
27.337040 47.561320 -0.680085
27.353270 29.195518 -8.794723
27.369870 -3.434147 -7.301286
27.385740 -10.803056 -0.648352
27.402710 -8.800082 4.823034
27.418580 -1.519639 8.697991
27.435060 3.363226 5.422143
27.451780 5.534763 4.275765
27.468020 7.454664 -2.154825
27.484500 0.787058 -7.667682
27.500730 10.047430 -3.894859
27.517460 20.636702 0.579548
27.533810 25.647858 4.199328
27.550290 5.117362 1.983877
27.566770 -13.218792 3.683318
27.583130 -11.589264 10.154491
27.599610 3.711596 2.383001
27.615720 11.418088 1.339471
27.632450 2.330362 4.542217
27.651000 -1.772969 2.443985
27.665530 -5.030676 3.961206
27.681760 -2.674764 0.944789
27.698120 9.951256 3.594524
27.714480 4.050213 -3.872483
27.730960 -12.415314 -14.802026
27.747190 -6.143567 -12.490912
27.763670 5.963920 -4.199659
27.779790 36.450881 0.844535
27.797610 -31.612407 7.848434
27.812870 -83.475260 7.705557
27.829220 -71.053267 -1.610909
27.846070 -41.318924 -5.340697
27.862670 8.978707 -6.770229
27.878420 -1.668023 -0.154905
27.895020 4.320856 8.958864
27.911620 9.742880 8.751295
27.928100 2.407560 3.840562
27.944210 3.074965 0.167097
27.961060 -4.870196 -2.534196
27.976930 -5.635134 1.747219
27.993650 -17.481279 -1.362863
28.010250 -37.439522 2.971455
28.026610 -45.967907 0.752268
28.042970 -28.225221 1.155314
28.075810 2.668450 -6.432587
28.092290 0.061811 -1.865525
28.125370 0.972075 9.087587
28.141970 1.367021 -1.087100
28.174440 2.249196 -8.329636
28.191280 -2.233847 -11.993202
28.207400 -5.872509 14.267369
28.223510 2.276339 34.419600
28.240110 -1.931409 13.324292
28.257450 -0.504656 -10.026335
28.273800 -1.123747 -20.701225
28.290410 3.665361 0.718102
28.306760 3.774276 14.291493
28.323850 -4.689943 9.296692
28.339230 3.649634 -0.323940
28.355100 12.955225 -13.182954
28.371580 16.407984 -15.559979
28.388310 2.817514 -8.797156
28.404420 -6.126177 5.384244
28.420900 -1.831944 14.263967
28.437740 4.676825 -0.954311
28.454100 8.502146 -14.811902
28.470460 5.217469 -8.526620
28.486820 1.511700 -1.700058
28.505490 -0.949354 8.064226
28.521850 -6.148595 1.139980
28.537230 13.720179 0.156488
28.552120 29.657303 -6.357522
28.568850 25.379439 -17.640716
28.586060 13.353939 -9.524367
28.602420 -1.454275 -1.064677
28.618650 6.709652 9.520847
28.635380 0.701544 2.300114
28.652830 -4.943915 -9.310301
28.668210 -4.044466 -7.158693
28.685060 -1.281167 -7.007215
28.701050 1.511549 3.663400
28.717530 -1.915795 8.223051
28.734010 5.096872 5.595359
28.754760 3.400955 -3.149468
28.765750 -4.092289 -14.045346
28.782590 -4.640608 -1.740698
28.798580 8.421888 13.392480
28.815060 20.582268 18.362720
28.831670 16.854435 11.709792
28.848020 12.329499 -2.726764
28.863890 10.795155 -6.890919
28.883300 6.240082 -2.586201
28.899660 -0.491273 0.415215
28.915770 0.720900 1.584162
28.930300 -3.117835 -0.709029
28.962650 -57.887093 2.349378
28.979490 -82.197427 64.279882
29.012080 -67.906795 51.418180
29.028200 -12.886120 2.343259
29.061650 23.695013 -41.727441
29.225710 13.306496 -38.278876
29.243770 17.006364 19.375938
29.258420 6.801592 12.584405
29.275150 2.317698 8.674860
29.294070 -9.364687 8.733196
29.307620 -15.529027 6.816823
29.324100 -3.889505 -0.895312
29.340090 8.313919 -12.365144
29.356450 6.184018 -20.878869
29.372920 0.953626 -17.791241
29.390010 -5.354208 -14.834418
29.405640 0.644194 -8.147183
29.422240 -3.478870 -0.839786
29.438840 -3.013570 15.345423
29.455080 4.618757 25.412996
29.471560 -0.336652 23.283929
29.488040 -9.701598 8.917067
29.505130 -21.535851 -9.557588
29.520870 -2.611516 -9.006710
29.537230 6.188517 -0.707966
29.553590 -1.980442 8.920753
29.570070 -9.620243 1.619368
29.586550 -7.336600 -5.617970
29.602780 10.474918 -11.677517
29.619380 23.616312 -5.068197
29.652100 28.832310 3.473786
29.668580 22.700886 -0.413372
29.685060 9.594574 -5.005229
29.701290 -0.578073 -12.801941
29.717770 -1.192363 -6.238178
29.734620 4.900893 -1.720756
29.750730 8.490087 0.625977
29.767330 23.900687 -4.818710
29.783570 27.336448 2.001102
29.799930 17.503242 13.091021
29.817750 8.142552 4.047732
29.834720 -9.089397 -3.716208
29.850710 -12.209170 -10.126161
29.865970 6.975493 -8.995321
29.882080 26.007109 -9.188005
30.112920 32.541996 -12.237178
30.130000 20.454838 -3.247619
30.145510 3.893285 4.713070
30.164430 2.252182 4.456353
30.178340 -3.082715 9.915333
30.194700 -3.673451 13.252371
30.211180 14.922703 -2.534102
30.227170 2.572842 -2.891380
30.243900 -12.636919 4.916931
30.260010 -15.015812 6.550892
30.292970 -14.161799 -1.062291
30.309330 17.995545 -11.042672
30.325810 33.133784 -4.910221
30.342410 47.103964 -3.077639
30.358640 20.447127 -6.470746
30.375120 -16.291173 4.090356
30.391480 -22.252943 15.770164
30.407840 -6.919655 22.161544
30.424320 7.994208 13.773539
30.440670 6.607088 1.731105
30.457280 6.045805 -8.628786
30.473750 -8.244699 -12.379627
30.490360 1.583113 -9.357060
30.506840 -46.953753 0.273470
30.523440 -88.841693 14.264274
30.539550 -82.495096 16.217183
30.556270 -40.122138 10.504721
30.589230 14.406613 0.399384
30.605960 7.013070 -3.846705
30.622560 2.088223 -4.772754
30.638310 1.921655 -2.875219
30.655270 -11.436499 -1.918262
30.671260 -19.361379 0.309598
30.687870 -13.360971 -4.466820
30.704470 -4.863807 5.589924
30.720950 1.027686 3.428042
30.736940 -5.260377 -6.566250
30.753780 -8.941054 -10.427719
30.770260 -7.257476 -7.056526
30.786380 -1.419230 4.148127
30.803100 2.175325 10.123775
30.821170 7.408089 17.206128
30.835820 6.379203 22.292549
30.852050 10.749261 13.449540
30.868530 8.519990 3.527563
30.884770 4.008287 0.164238
30.901250 -1.401083 1.519115
30.917240 -7.326885 6.827195
30.933720 -4.068208 7.437855
30.950200 -9.110379 0.227065
30.966310 -5.625040 -11.174655
30.982790 -1.456656 -14.378133
30.999150 8.742090 4.458999
31.015630 13.582159 15.104333
31.032960 7.980560 10.758386
31.048580 2.042290 -1.434385
31.064940 -9.616765 -11.127116
31.081420 -10.250778 -9.528691
31.097900 -10.723252 -2.563235
31.114260 -6.847260 5.650104
31.130860 -4.247780 4.779937
31.147220 -3.242364 -0.349364
31.164060 0.286938 -7.526104
31.180790 -3.573155 -3.229945
31.197020 8.159299 -4.722521
31.213380 26.406049 -10.405321
31.229490 30.516647 -13.630571
31.245970 23.934783 -4.582384
31.265140 7.999803 6.472211
31.280760 6.293613 7.737218
31.295290 2.186326 3.673985
31.312130 -6.846617 -3.521112
31.328740 -6.403813 -3.462444
31.345340 -7.356259 -11.238047
31.363160 1.900863 -3.626918
31.377690 5.650671 12.036771
31.394530 16.843094 13.245401
31.410640 19.551183 7.470390
31.427250 11.716625 -3.625855
31.443850 4.034221 1.779164
31.459960 -5.004251 3.977084
31.478270 0.170348 1.220126
31.492920 -0.732581 -0.168893
31.509400 0.867015 1.379615
31.525630 1.552302 5.492507
31.542110 3.197679 5.888368
31.558470 3.662677 2.826805
31.574830 1.972843 -0.512491
31.591430 0.032512 0.491651
31.607910 5.270924 0.986800
31.624150 5.767525 1.034481
31.641850 19.199397 -6.859943
31.657230 28.559440 -10.367540
31.673710 25.442906 -9.904039
31.692380 14.764232 -6.785563
31.706670 -2.872067 -6.463303
31.722900 -0.359675 -7.468807
31.739380 -3.235521 -1.969700
31.755860 -3.679046 3.440517
31.772220 -0.526281 8.800819
31.788820 -3.268638 4.299322
31.807740 -5.963882 -0.518327
31.821530 -7.693814 -5.005276
31.838130 -3.885498 -5.350976
31.854740 2.445629 -1.926343
31.870850 0.142335 -2.233979
31.887570 4.425046 0.570593
31.903560 19.022710 -0.657142
31.920170 22.958689 -1.627709
31.936280 25.523306 -0.265484
31.952390 9.653473 -0.823483
31.968380 -5.115699 0.403306
31.985230 0.721240 3.471446
32.001950 -2.011404 5.509377
32.018550 5.249754 5.914216
32.034790 3.400804 -4.974276
32.067380 4.176178 -14.486936
32.083980 5.978815 -7.777385
32.100220 -1.164917 -1.106735
32.116700 -7.202281 6.849051
32.133060 -7.406387 3.135386
32.165650 -7.189617 -1.641271
32.182620 6.090943 5.423348
32.198850 19.224762 8.729321
32.215450 17.986850 11.795654
32.231810 11.054490 7.365530
32.265990 -0.786831 1.176769
32.281250 -0.095003 3.831654
32.298100 -2.408429 6.240021
32.314330 -2.220124 11.892810
32.331300 7.499159 -3.627178
32.348390 -27.054615 -8.399243
32.363530 -44.137690 -3.178153
32.380490 -77.031179 8.615153
32.398560 -76.338275 6.212919
32.416020 -43.510889 -12.143047
32.429690 -23.217097 -7.384456
32.445920 10.994836 0.111477
32.464970 -1.097435 6.217362
32.478880 -4.270954 1.599213
32.495360 -4.504322 0.870337
32.511840 2.253883 4.009265
32.528200 -10.973968 -2.331492
32.544560 -15.393163 -6.780507
32.561160 -11.570627 -3.867025
32.581180 0.483750 2.908936
32.594120 11.227141 6.024488
32.609380 0.535807 -2.669584
32.625980 -1.846083 -9.912876
32.658810 -8.009329 -8.370724
32.675780 -5.874739 1.407094
32.708010 -7.184816 13.186640
32.724730 12.607432 12.551634
32.757570 27.280240 3.686390
32.773930 28.683988 -1.115572
32.807130 18.288551 -1.809786
32.823240 0.097877 2.493107
32.839720 -0.892647 5.728809
32.856080 -9.433680 7.872723
32.872560 -1.790624 -2.284378
32.889280 1.846499 -14.956830
32.905400 -0.992867 -18.513622
32.922000 1.250847 -16.843033
32.938600 0.660185 -5.566036
32.954590 2.750713 1.038663
32.971070 -1.230508 6.211266
32.987430 -3.099500 12.461212
33.003660 1.941125 6.588649
33.020140 -1.155541 17.159229
33.036380 2.880913 18.381526
33.053100 6.802499 12.776140
33.069340 7.749311 0.315056
33.085820 6.476927 -3.408596
33.102050 4.685444 10.282694
33.118900 2.546568 11.803333
33.135010 -1.559485 6.642071
33.151860 -0.958162 -3.891716
33.167970 -1.761401 -2.957444
33.184810 -4.247213 1.460446
33.201050 3.310072 1.939882
33.217160 -25.409452 7.723963
33.233640 -44.362696 9.346333
33.250240 -30.633594 5.366027
33.266480 -3.117268 0.875063
33.299560 17.621300 -3.358481
33.316160 0.138479 0.922555
33.332400 3.054701 -3.600171
33.348750 12.138515 -10.084624
33.365360 -1.736676 -8.541954
33.381590 -8.885935 -8.415050
33.397830 -4.525077 -6.101136
33.414670 5.108251 -7.063709
33.431150 5.128439 6.135255
33.449950 -5.596724 14.989766
33.465210 -5.344417 20.760716
33.480960 -0.418461 14.511461
33.497070 3.592058 -3.031683
33.517090 2.182357 -0.395651
33.531010 -4.941986 -3.369752
33.547240 -1.731232 -0.249630
33.566040 5.158304 -4.936424
33.595700 8.371986 -5.551812
33.612430 3.604647 9.253666
33.628910 -3.585366 6.544441
33.645140 0.714926 -1.202074
33.664670 -0.702451 1.394737
33.679080 -0.850646 2.079901
33.694210 -2.220729 4.395369
33.710570 1.178905 0.221489
33.726930 3.532931 -3.706237
33.743290 3.167397 0.352648
33.759890 -1.239090 -2.484837
33.776370 -1.408531 -0.820033
33.792600 0.714737 -0.712384
33.809450 3.616101 6.333587
33.825810 6.027356 9.327762
33.841920 0.459177 5.337862
33.859010 5.481874 -7.793736
33.875240 4.944066 -17.109306
33.892460 2.840197 -9.437772
33.907840 -0.478798 -6.043012
33.924560 -4.502583 -1.710171
33.940310 -0.696553 -2.444410
33.957400 -2.334256 -1.479490
33.973630 -3.154014 -5.297955
33.989990 -1.309709 -10.939514
34.006710 -4.488898 -2.349473
34.022710 -6.129126 10.559561
34.039060 -5.662164 17.744720
34.055420 1.541566 9.189163
34.072270 5.734673 -0.538577
34.088750 3.286974 -3.397255
34.104860 -8.220391 -3.711790
34.121580 12.971897 44.567205
34.137940 -65.845657 -76.228310
34.154540 -130.668832 -182.135115
