0.000000 809.289600 862.554000
0.018550 877.178400 834.435000
0.034910 800.133600 789.295500
0.067380 817.370400 856.495500
0.083980 787.416000 842.782500
0.116700 717.964800 709.905000
0.133300 770.431200 610.585500
0.166020 725.944800 274.911000
0.182620 728.397600 200.266500
0.214840 793.060800 284.529000
0.380130 766.063200 225.697500
0.399170 764.467200 215.449500
0.413820 792.472800 268.915500
0.429930 765.962400 217.056000
0.462650 827.265600 250.897500
0.477290 759.578400 282.744000
0.494630 762.921600 291.732000
0.510740 803.208000 276.675000
0.526610 805.408800 300.436500
0.559570 783.501600 232.239000
0.575440 696.981600 149.740500
0.608400 653.469600 63.241500
0.625000 604.161600 50.274000
0.657230 618.727200 37.716000
0.673830 620.323200 4.357500
0.709230 591.477600 14.794500
0.725100 618.912000 18.879000
0.742190 619.500000 25.158000
0.758300 604.632000 22.071000
0.774410 564.530400 9.471000
0.790770 567.604800 20.979000
0.989260 576.660000 18.837000
1.004640 551.107200 25.557000
1.020750 584.203200 33.663000
1.037840 580.473600 15.823500
1.054200 524.529600 3.171000
1.184810 568.764000 2.856000
1.200680 598.113600 412.671000
1.218260 609.352800 359.310000
1.234130 612.124800 367.710000
1.250240 586.773600 399.693000
1.266850 594.938400 406.759500
1.283200 594.199200 402.444000
1.299800 579.852000 432.295500
1.316650 636.064800 400.575000
1.333250 633.528000 392.616000
1.348390 606.463200 445.011000
1.365480 616.106400 452.371500
1.398190 596.870400 455.595000
1.414550 580.372800 429.891000
1.447510 580.507200 423.066000
1.464110 591.343200 456.046500
1.479980 594.098400 463.102500
1.496830 579.432000 465.706500
1.513430 619.886400 476.532000
1.529300 620.676000 480.774000
1.546630 682.936800 477.949500
1.563230 679.996800 493.111500
1.579590 680.097600 493.405500
1.596190 742.190400 488.449500
1.613040 727.658400 492.786000
1.629390 727.356000 488.817000
1.645020 728.616000 482.412000
1.662350 726.616800 478.348500
1.678220 724.802400 471.135000
1.694580 742.644000 472.405500
1.710940 738.528000 439.950000
1.728030 738.528000 439.950000
1.744380 741.938400 491.683500
1.760010 717.175200 425.575500
1.776860 718.956000 432.831000
1.793460 709.312800 497.878500
1.809810 715.260000 468.310500
1.843020 704.020800 465.192000
1.858640 583.884000 444.706500
1.874760 581.044800 437.482500
1.891110 554.181600 383.113500
1.907710 568.730400 416.671500
1.941160 584.959200 415.653000
1.958010 582.002400 434.962500
1.990230 595.408800 406.413000
2.006840 549.460800 418.708500
2.039060 538.994400 433.471500
2.056400 524.983200 345.985500
2.072750 525.924000 350.647500
2.088380 575.080800 62.338500
2.105470 572.661600 15.708000
2.121830 574.980000 20.842500
2.137940 555.861600 43.879500
2.154540 571.200000 24.748500
2.171390 571.082400 24.286500
2.187010 576.273600 5.607000
2.204100 571.821600 39.795000
2.236820 567.504000 22.879500
2.253420 577.550400 22.407000
2.269530 574.744800 11.623500
2.352050 548.318400 26.092500
2.368650 554.786400 48.909000
2.384280 550.099200 61.771500
2.400630 555.979200 56.836500
2.417240 552.048000 39.406500
2.433590 533.198400 2.121000
2.532470 601.910400 1.732500
2.548580 596.232000 4.767000
2.565670 596.114400 4.284000
2.827880 643.641600 17.503500
2.877690 654.746400 0.693000
3.139650 602.750400 10.374000
3.173340 593.560800 1.291500
3.221920 631.965600 10.542000
3.565670 736.478400 31.804500
3.584470 729.624000 18.186000
3.731200 690.244800 17.934000
3.747800 693.974400 33.904500
3.764400 701.668800 37.138500
3.780520 717.494400 29.137500
3.797360 715.596000 17.724000
3.813480 691.908000 4.179000
3.978760 700.812000 24.465000
3.994870 702.576000 29.578500
4.011960 697.586400 15.214500
4.092040 655.804800 4.000500
4.126220 764.920800 41.758500
4.142090 766.382400 52.825500
4.159420 756.554400 24.549000
4.175290 748.624800 36.351000
4.191160 750.187200 47.166000
4.207760 791.918400 50.673000
4.224120 767.692800 50.557500
4.240720 769.137600 61.498500
4.257080 773.976000 67.053000
4.274170 756.907200 84.745500
4.306150 767.592000 79.159500
4.322510 760.838400 43.648500
4.339110 760.704000 37.338000
4.355470 751.413600 26.628000
4.371830 732.396000 50.893500
4.388430 728.901600 28.791000
4.454830 736.142400 7.077000
4.470700 771.540000 16.474500
4.488040 774.396000 32.371500
4.503170 760.334400 1.669500
4.519780 746.457600 31.468500
4.536130 744.996000 26.344500
4.552980 730.497600 30.838500
4.568600 739.334400 1.228500
4.585690 739.401600 1.711500
4.601810 754.051200 33.085500
4.667720 748.608000 14.521500
4.684080 748.540800 14.049000
4.716800 783.636000 28.402500
4.733640 782.174400 16.002000
4.815430 753.345600 14.931000
4.832030 758.200800 50.148000
4.848880 777.873600 59.965500
4.865230 790.708800 78.813000
4.898440 798.319200 76.891500
4.914310 785.433600 78.970500
4.931150 784.123200 68.187000
4.947020 734.613600 64.596000
4.963620 778.528800 40.404000
4.980220 777.319200 23.373000
5.062010 766.180800 54.526500
5.077640 767.676000 65.772000
5.094240 743.702400 57.204000
5.111820 760.586400 41.926500
5.143550 794.992800 60.291000
5.161130 806.316000 84.892500
5.176510 806.366400 78.876000
5.505370 869.551200 3.717000
5.637700 1010.973600 7.486500
5.669680 981.321600 23.131500
5.686280 959.296800 25.231500
5.702640 987.621600 29.631000
5.719240 987.924000 18.459000
5.751950 1004.438400 9.880500
5.817380 990.813600 3.853500
5.850590 1058.248800 3.286500
5.948730 1078.408800 23.845500
5.966060 1076.191200 47.155500
5.981450 1037.366400 56.595000
5.999020 867.686400 52.794000
6.015140 866.796000 23.110500
6.048340 654.864000 14.458500
6.064210 652.965600 9.418500
6.097410 661.180800 33.894000
6.112550 665.700000 51.712500
6.129150 689.623200 42.315000
6.145510 687.724800 4.819500
6.178710 671.680800 12.547500
6.196040 552.888000 17.661000
6.211910 556.802400 35.028000
6.228030 563.808000 71.767500
6.245360 559.876800 96.117000
6.261230 562.195200 101.188500
6.278080 577.802400 40.509000
6.294680 586.572000 48.216000
6.311040 583.581600 36.781500
6.327640 541.279200 32.088000
6.343510 598.096800 27.982500
6.360110 598.819200 34.230000
6.377200 607.706400 64.774500
6.392820 672.369600 40.078500
6.409670 674.671200 51.618000
6.426270 680.131200 67.242000
6.442630 653.284800 76.345500
6.458980 650.412000 59.346000
6.475100 650.546400 14.364000
6.491460 664.255200 19.120500
6.508300 660.105600 3.276000
6.524660 780.595200 31.342500
6.540280 890.064000 38.314500
6.558590 890.433600 31.174500
6.573730 988.999200 36.435000
6.590090 984.849600 0.987000
6.721680 983.707200 13.534500
6.738530 995.769600 19.645500
6.967530 953.299200 36.225000
6.984860 974.484000 3.895500
7.003420 973.660800 9.922500
7.020020 1150.867200 26.313000
7.033940 1117.771200 12.159000
7.050540 1119.048000 6.625500
7.083740 1131.446400 1.816500
7.099610 1131.496800 1.365000
7.116210 1117.536000 16.936500
7.132570 1123.567200 16.275000
7.148440 1122.223200 26.817000
7.164550 1122.928800 15.792000
7.181150 1117.855200 21.189000
7.215820 1125.146400 44.541000
7.231200 1132.353600 61.677000
7.247310 1132.286400 57.204000
7.264400 1103.424000 56.983500
7.280520 1090.118400 37.537500
7.296630 1090.252800 31.017000
7.313960 775.353600 39.238500
7.331540 615.031200 37.516500
7.345700 618.794400 46.651500
7.362790 619.130400 77.532000
7.379640 640.920000 43.890000
7.395510 641.894400 52.237500
7.411870 595.425600 60.753000
7.428710 605.371200 83.149500
7.444820 604.816800 77.427000
7.461670 631.646400 47.218500
7.478030 593.863200 24.549000
7.493650 588.268800 2.341500
7.510990 526.008000 3.055500
7.559330 547.444800 9.744000
7.576170 520.648800 8.001000
7.608890 524.496000 12.390000
7.625000 551.560800 3.685500
7.659910 536.222400 15.750000
7.707030 548.284800 36.907500
7.756590 527.738400 89.365500
8.002200 866.224800 42.577500
8.118650 534.559200 25.630500
8.134770 535.399200 31.993500
8.150880 620.172000 32.781000
8.167720 656.107200 62.149500
8.183840 655.804800 56.490000
8.199710 655.149600 49.182000
8.216550 683.323200 44.100000
8.233400 678.854400 20.916000
8.317140 637.845600 37.737000
8.332030 643.540800 66.864000
8.348880 661.281600 78.582000
8.364990 632.368800 100.201500
8.382320 635.006400 111.226500
8.399170 610.646400 109.305000
8.415040 618.559200 109.116000
8.432620 615.232800 92.379000
8.447020 620.155200 54.117000
8.463620 621.112800 43.669500
8.479980 615.451200 14.836500
8.545170 570.511200 12.673500
8.561770 597.139200 41.653500
8.578610 603.254400 66.024000
8.594970 600.801600 77.532000
8.611080 661.852800 69.027000
8.628660 661.432800 63.115500
8.644780 659.215200 59.871000
8.662110 675.544800 72.712500
8.677250 675.460800 72.261000
8.692870 690.933600 36.792000
8.709720 677.208000 22.648500
8.726070 674.704800 4.420500
8.808110 640.987200 23.740500
8.824460 644.212800 42.304500
8.839840 706.658400 36.519000
8.856930 704.877600 42.598500
8.873540 706.675200 47.670000
8.889650 739.788000 28.602000
8.906980 693.100800 24.108000
8.923340 691.051200 12.925500
8.990230 611.940000 62.632500
9.005130 614.527200 69.541500
9.021000 619.231200 85.386000
9.037600 628.084800 64.197000
9.054690 633.108000 37.684500
9.072020 628.017600 15.183000
9.087400 596.971200 8.862000
9.104490 579.448800 29.473500
9.120360 580.137600 35.637000
9.136720 590.083200 57.792000
9.153080 631.495200 97.492500
9.169430 634.099200 108.465000
9.185550 646.480800 104.716500
9.202150 636.938400 115.720500
9.218990 634.485600 105.420000
9.235600 628.454400 91.770000
9.252200 634.586400 81.606000
9.268310 633.998400 75.547500
9.284180 643.272000 38.409000
9.301030 678.031200 20.076000
9.317380 676.200000 14.952000
9.332280 661.836000 21.483000
9.350340 661.768800 16.096500
9.366460 663.650400 21.262500
9.383300 753.396000 37.432500
9.399410 741.972000 38.829000
9.415280 740.308800 27.835500
9.431880 735.672000 47.418000
9.447750 763.123200 26.260500
9.464840 764.534400 36.760500
9.480960 714.386400 9.943500
9.497070 738.192000 22.365000
9.513430 739.821600 33.190500
9.529300 757.713600 45.013500
9.546880 760.485600 53.854500
9.579590 753.480000 54.904500
9.595950 749.599200 45.255000
9.612300 748.053600 34.534500
9.628170 731.421600 59.944500
9.645750 720.686400 44.037000
9.661620 718.956000 33.558000
9.677730 725.222400 9.534000
9.694580 728.901600 12.820500
9.744140 753.631200 26.166000
9.776370 735.470400 59.724000
9.794680 732.984000 48.289500
9.827880 732.362400 52.384500
9.844970 802.082400 10.111500
9.875490 807.744000 21.724500
9.893070 797.680800 9.303000
9.909420 798.823200 19.918500
9.925540 767.995200 20.118000
9.942380 767.222400 40.131000
9.974610 779.704800 38.304000
9.991210 771.657600 12.684000
10.007570 770.313600 1.984500
10.023440 760.569600 30.754500
10.040530 779.872800 18.060000
10.089110 759.360000 14.091000
10.104980 760.771200 24.727500
10.123540 778.092000 18.627000
10.140380 768.801600 19.152000
10.156980 770.179200 29.967000
10.173100 790.994400 56.637000
10.189210 774.765600 44.593500
10.204100 773.404800 33.904500
10.221190 782.342400 65.257500
10.238530 810.398400 30.492000
10.255370 809.356800 19.971000
10.292970 763.912800 16.999500
10.351560 720.451200 1.207500
10.385990 723.172800 40.236000
10.405520 724.987200 51.345000
10.418460 731.438400 48.090000
10.433840 697.603200 34.356000
10.450680 697.300800 28.203000
10.467040 730.245600 52.689000
10.483400 685.288800 59.503500
10.500240 683.541600 54.589500
10.516600 726.700800 56.217000
10.532960 751.900800 55.650000
10.549800 753.278400 60.658500
10.565920 797.731200 61.624500
10.582520 788.608800 36.025500
10.600340 787.332000 25.021500
10.616460 829.231200 66.580500
10.633540 811.742400 19.036500
10.664550 817.488000 19.540500
10.681400 776.865600 10.027500
10.698490 778.142400 20.664000
10.715580 831.264000 78.739500
10.729980 815.505600 69.310500
10.762700 790.826400 25.326000
10.779790 829.281600 39.406500
10.796140 828.256800 34.891500
10.812500 790.658400 49.854000
10.828860 774.244800 42.976500
10.844970 775.555200 47.974500
10.861820 826.560000 48.783000
10.878660 828.576000 62.443500
10.895020 828.525600 61.992000
10.910890 787.936800 54.810000
10.927730 764.601600 88.809000
10.960210 800.755200 45.906000
10.976810 796.420800 46.935000
10.993160 795.278400 36.540000
11.009280 810.280800 54.054000
11.026370 804.787200 69.352500
11.044190 805.879200 79.474500
11.058350 785.030400 35.920500
11.074460 795.984000 39.039000
11.108400 773.169600 42.136500
11.124510 780.780000 5.040000
11.173830 870.777600 19.173000
11.189940 870.340800 25.158000
11.206050 873.398400 53.350500
11.222410 840.840000 21.399000
11.238770 841.915200 26.397000
11.255620 870.475200 57.330000
11.271480 879.396000 65.478000
11.288570 878.589600 60.564000
11.304690 887.762400 27.751500
11.320800 862.125600 33.253500
11.337400 863.217600 38.241000
11.354000 863.452800 9.051000
11.468510 862.982400 1.554000
11.485110 865.435200 29.820000
11.501950 808.987200 98.259000
11.517820 833.901600 70.675500
11.534420 832.944000 59.745000
11.551270 829.869600 41.443500
11.567630 791.044800 9.649500
11.600100 783.300000 0.336000
11.617190 806.282400 7.780500
11.797610 908.174400 33.075000
11.814450 880.840800 17.167500
11.831050 881.764800 22.260000
11.846680 829.819200 35.374500
11.863530 881.714400 41.748000
11.879640 880.807200 36.760500
11.896240 857.052000 33.159000
11.912600 874.557600 33.831000
11.928470 874.944000 26.722500
11.945560 817.336800 10.069500
11.994870 806.248800 2.856000
12.011960 817.605600 39.490500
12.028320 819.789600 62.496000
12.044680 831.700800 49.791000
12.060060 807.811200 36.760500
12.076420 807.844800 30.607500
12.093990 801.712800 34.797000
12.110840 826.156800 14.962500
12.125980 825.165600 3.822000
12.142090 932.870400 27.079500
12.158940 928.233600 9.324000
12.191890 960.472800 22.249500
12.208500 968.385600 19.656000
12.241460 955.416000 12.054000
12.257320 939.876000 15.288000
12.291020 961.682400 12.096000
12.306640 947.116800 27.447000
12.339360 900.194400 22.743000
12.356930 881.848800 18.133500
12.388920 899.724000 38.209500
12.404790 907.704000 40.120500
12.437010 881.916000 36.319500
12.453860 896.884800 26.502000
12.470700 896.414400 32.371500
12.488280 886.620000 76.356000
12.504390 865.368000 66.223500
12.521240 866.023200 76.996500
12.537110 896.532000 97.870500
12.553710 860.512800 77.994000
12.570070 860.059200 60.291000
12.586910 838.924800 10.888500
12.635010 864.074400 1.617000
12.651610 850.836000 9.828000
12.668210 852.684000 27.310500
12.685550 842.990400 24.118500
12.701420 864.763200 39.154500
12.718260 863.335200 16.212000
12.783200 893.054400 47.323500
13.060790 894.516000 46.662000
13.079830 956.659200 3.664500
13.095210 986.143200 17.839500
13.127690 980.716800 30.355500
13.144780 950.527200 22.585500
13.177730 945.856800 9.072000
13.194820 974.635200 30.271500
13.226320 1002.220800 22.260000
13.243160 961.128000 25.840500
13.308840 964.941600 13.419000
13.325440 932.820000 41.034000
13.341310 938.011200 95.728500
13.357910 938.851200 110.995500
13.374020 976.752000 90.541500
13.391110 955.936800 81.574500
13.407230 955.365600 54.232500
13.423830 992.208000 66.759000
13.440430 973.425600 29.956500
13.472410 952.593600 53.098500
13.488770 992.628000 2.709000
13.506590 992.745600 19.908000
13.522710 995.265600 66.622500
13.538820 973.459200 83.748000
13.555660 973.660800 73.059000
13.571780 966.520800 47.229000
13.588130 999.028800 6.331500
13.717770 978.936000 5.481000
13.865970 1011.460800 7.224000
13.882320 1045.010400 4.137000
13.982420 1055.157600 51.387000
14.003170 1054.300800 62.139000
14.015140 1040.541600 36.456000
14.031740 1033.334400 56.563500
14.047120 1034.342400 50.767500
14.063480 1047.043200 64.806000
14.080810 1037.988000 50.337000
14.097170 1038.693600 39.669000
14.113770 1041.835200 37.170000
14.130370 1031.150400 21.535500
14.164550 998.323200 15.067500
14.180180 1021.087200 29.610000
14.212890 1009.814400 44.751000
14.229250 1056.350400 41.244000
14.262450 1069.639200 18.921000
14.278810 1066.296000 12.474000
14.295650 1066.312800 17.545500
14.312010 1056.216000 52.846500
14.328130 1057.795200 51.208500
14.344240 1057.711200 52.321500
14.360840 1049.176800 42.798000
14.377200 1051.915200 27.310500
14.409910 1070.210400 25.882500
14.426510 1097.090400 26.134500
14.459230 1059.928800 4.042500
14.476070 1095.528000 16.243500
14.508790 1103.121600 29.032500
14.524660 1094.385600 7.665000
14.559330 1104.146400 8.053500
14.573730 1129.716000 37.936500
14.590820 1129.968000 32.014500
14.607180 1116.007200 40.614000
14.623540 1092.621600 36.424500
14.640380 1092.823200 41.296500
14.656250 1077.199200 13.272000
14.672850 1115.671200 24.181500
14.689210 1114.226400 30.975000
14.705810 1165.432800 33.253500
14.722660 1152.748800 43.995000
14.739260 1152.580800 49.003500
14.754880 1143.979200 55.849500
14.771730 1135.764000 34.303500
14.788090 1137.242400 23.583000
14.804440 709.279200 51.429000
14.820800 598.180800 23.352000
14.837400 595.140000 11.056500
14.853270 609.369600 25.704000
14.870120 576.811200 3.612000
14.902590 581.918400 7.717500
14.919680 580.036800 16.117500
14.936040 583.212000 28.381500
14.952640 579.734400 51.859500
14.968750 583.346400 34.482000
14.985350 580.171200 22.270500
15.001710 521.925600 32.781000
15.034180 534.828000 0.619500
15.050780 555.542400 69.300000
15.069090 554.366400 89.313000
15.084720 558.549600 106.995000
15.105220 568.999200 74.770500
15.117920 572.292000 54.033000
15.133540 571.485600 48.321000
15.149660 562.665600 43.858500
15.167480 545.529600 35.080500
15.183590 542.304000 23.887500
15.199710 557.760000 14.626500
15.219970 576.744000 35.773500
15.248050 546.991200 54.411000
15.264400 571.704000 50.473500
15.297360 656.426400 43.050000
15.314940 660.861600 45.108000
15.346920 711.228000 25.935000
15.363280 699.350400 33.432000
15.396480 680.366400 20.916000
15.412350 675.729600 52.006500
15.444820 658.476000 35.794500
15.461180 671.076000 39.973500
15.494870 702.576000 31.825500
15.510740 694.831200 49.266000
15.543210 699.384000 29.988000
15.560060 691.135200 14.889000
15.576660 691.437600 20.979000
15.593020 626.589600 105.294000
15.608890 598.399200 77.353500
15.625240 597.290400 70.234500
15.641850 586.656000 72.954000
15.658690 570.981600 54.558000
15.674560 568.747200 49.675500
15.690920 586.689600 52.951500
15.707520 586.404000 78.634500
15.722900 588.604800 83.601000
15.740230 576.273600 70.696500
15.757320 572.695200 51.796500
15.773930 573.199200 57.183000
15.791260 558.717600 63.588000
15.808110 579.415200 124.782000
15.824950 587.966400 151.525500
15.840580 578.726400 159.673500
15.857670 600.768000 154.833000
15.873050 595.106400 134.368500
15.888430 546.218400 105.724500
15.905520 547.024800 67.914000
15.938480 559.910400 78.004500
15.954830 578.524800 121.968000
15.988770 578.961600 65.530500
16.003420 543.110400 99.781500
16.036380 564.379200 126.052500
16.053220 594.955200 156.366000
16.069340 592.300800 150.759000
16.085210 615.014400 132.793500
16.104250 598.365600 137.875500
16.118410 597.744000 132.762000
16.135500 573.686400 72.817500
16.151370 567.772800 96.547500
16.167720 568.092000 97.671000
16.184080 551.594400 118.471500
16.200680 586.689600 127.722000
16.217040 589.428000 137.518500
16.233150 648.144000 99.718500
16.249760 665.968800 126.441000
16.264890 668.169600 136.437000
16.282710 673.881600 111.751500
16.298580 649.958400 100.789500
16.332280 681.223200 131.733000
16.347900 637.039200 106.617000
16.364260 634.603200 96.337500
16.381100 664.087200 104.548500
16.396970 659.114400 113.704500
16.413820 656.896800 103.771500
16.430420 634.771200 62.128500
16.447020 680.349600 83.926500
16.479980 678.468000 106.039500
16.496090 672.369600 98.427000
16.529050 673.411200 101.976000
16.545650 670.303200 90.142500
16.562260 670.689600 95.770500
16.578130 691.723200 111.426000
16.596920 662.037600 92.400000
16.612790 664.339200 103.110000
16.629150 695.116800 84.682500
16.646730 712.874400 73.059000
16.659910 714.436800 77.710500
16.676270 718.116000 59.860500
16.692630 693.151200 58.422000
16.709720 693.067200 57.960000
16.726070 708.271200 64.911000
16.742190 681.592800 79.947000
16.759770 681.979200 85.816500
16.775390 699.434400 89.533500
16.792240 704.088000 89.187000
16.808590 705.801600 94.342500
16.824220 676.267200 83.737500
16.840820 616.156800 73.353000
16.857180 613.972800 68.302500
16.874270 623.112000 100.180500
16.890870 625.161600 118.051500
16.906980 624.657600 112.570500
16.922850 607.840800 46.788000
16.940430 590.335200 44.026500
16.955810 584.690400 22.144500
16.972900 596.366400 20.160000
16.989260 597.139200 40.225500
17.021730 628.975200 54.211500
17.038330 592.401600 54.379500
17.054200 593.157600 60.280500
17.071290 615.350400 29.683500
17.087650 644.884800 41.128500
17.105470 647.320800 52.290000
17.121830 629.244000 45.370500
17.138670 617.736000 70.833000
17.155030 619.668000 75.390000
17.171390 625.800000 78.172500
17.189700 633.948000 72.502500
17.202150 631.377600 61.425000
17.218990 617.248800 44.247000
17.235840 591.662400 48.940500
17.252440 588.957600 38.409000
17.268550 616.627200 46.830000
17.286870 607.538400 39.207000
17.302000 610.108800 49.717500
17.318120 632.856000 63.756000
17.334470 638.752800 61.299000
17.367920 586.135200 80.839500
17.383790 628.118400 120.603000
17.399900 626.152800 116.224500
17.416500 582.422400 122.388000
17.432620 592.569600 134.032500
17.449950 597.475200 148.806000
17.465820 628.000800 138.726000
17.482670 612.763200 150.118500
17.498290 612.645600 149.688000
17.514890 618.340800 160.545000
17.528560 644.330400 170.940000
17.545650 640.399200 161.847000
17.562740 588.571200 128.131500
17.579590 585.177600 125.800500
17.595700 580.893600 116.560500
17.612060 593.208000 147.430500
17.628420 530.006400 152.701500
17.661130 604.228800 157.657500
17.677980 577.382400 161.395500
17.694340 593.913600 123.018000
17.712160 532.593600 127.155000
17.728520 541.564800 127.827000
17.760990 519.355200 135.555000
17.778080 547.545600 129.969000
17.810060 538.456800 113.883000
17.827640 557.289600 99.592500
17.842770 560.246400 109.651500
17.859620 573.720000 116.613000
17.875980 541.262400 142.033500
17.909180 529.586400 139.765500
17.925780 533.568000 136.783500
17.941160 530.392800 126.945000
17.958250 593.157600 125.979000
17.974370 547.747200 133.591500
18.009520 556.315200 141.918000
18.027100 563.892000 138.400500
18.045170 573.938400 186.847500
18.202640 550.267200 98.742000
18.222410 605.320800 89.649000
18.254150 611.788800 95.634000
18.270020 588.016800 93.376500
18.303960 583.766400 107.793000
18.319820 574.476000 101.713500
18.336430 578.104800 117.484500
18.353030 615.249600 146.716500
18.369140 598.449600 176.179500
18.385990 597.340800 169.470000
18.401860 600.751200 116.193000
18.418460 606.194400 87.717000
18.435060 603.506400 77.248500
18.450680 576.475200 89.397000
18.468020 581.112000 168.420000
18.483890 584.388000 179.508000
18.500000 634.939200 94.594500
18.517330 658.879200 113.295000
18.533450 654.141600 91.843500
18.550050 635.997600 64.921500
18.566410 624.271200 73.615500
18.599610 656.527200 99.750000
18.616210 675.696000 106.690500
18.632320 678.048000 118.020000
18.647710 656.846400 105.535500
18.665280 642.415200 109.725000
18.681640 642.852000 115.300500
18.698000 696.897600 140.185500
18.713870 694.764000 128.247000
18.730220 696.796800 138.621000
18.746580 680.467200 161.154000
18.762940 673.478400 166.614000
18.779540 675.242400 170.782500
18.795650 673.596000 147.682500
18.812500 757.646400 143.535000
18.829100 756.067200 133.192500
18.845460 741.266400 112.476000
18.862060 721.375200 131.890500
18.878910 719.628000 122.157000
18.894780 736.612800 94.290000
18.911380 742.744800 93.765000
18.927490 744.307200 109.326000
18.943850 746.692800 127.554000
18.960690 744.172800 150.034500
18.976810 745.852800 154.812000
18.993900 753.480000 158.655000
19.009770 783.417600 126.042000
19.027340 779.318400 94.500000
19.043210 763.963200 89.502000
19.058840 736.663200 57.855000
19.075680 738.225600 67.840500
19.092290 858.530400 145.120500
19.108150 946.831200 139.702500
19.144530 938.683200 152.176500
19.160160 945.420000 147.766500
19.174320 945.369600 127.407000
19.191410 956.340000 96.474000
19.207280 959.330400 51.009000
19.223630 959.263200 60.868500
19.239990 962.740800 92.452500
19.258060 959.246400 138.810000
19.289550 938.313600 105.598500
19.307130 882.268800 103.089000
19.323970 881.344800 98.794500
19.339840 860.630400 100.495500
19.357670 873.280800 123.868500
19.373780 874.272000 128.541000
19.387450 899.472000 81.039000
19.404050 877.682400 75.264000
19.421140 876.506400 53.613000
19.436770 853.490400 89.764500
19.453370 877.464000 100.233000
19.469970 877.682400 116.424000
19.486080 900.547200 115.867500
19.503170 886.771200 103.372500
19.519530 887.611200 108.160500
19.535640 877.833600 103.131000
19.552490 878.976000 86.278500
19.569340 877.816800 64.827000
19.585690 876.489600 61.467000
19.601560 863.402400 84.976500
19.617680 863.671200 101.356500
19.633540 827.114400 122.073000
19.650390 825.384000 144.448500
19.666260 827.652000 160.177500
19.682370 829.752000 133.665000
19.699950 826.576800 120.529500
19.715820 825.602400 110.292000
19.732910 819.252000 115.227000
19.748780 812.011200 120.088500
19.781740 833.011200 145.498500
19.797610 834.069600 150.780000
19.830080 811.960800 113.893500
19.847900 789.583200 106.543500
19.880370 794.136000 135.660000
19.896480 799.159200 172.924500
19.912840 799.495200 122.776500
20.157960 809.407200 268.254000
20.174800 817.252800 129.171000
20.193360 833.464800 135.387000
20.208740 833.649600 129.822000
20.225340 805.778400 119.416500
20.241700 820.209600 104.569500
20.258540 819.252000 87.675000
20.275390 874.473600 75.390000
20.290530 897.708000 81.721500
20.307130 896.834400 76.303500
20.323240 885.662400 53.844000
20.340090 862.864800 90.478500
20.356690 863.284800 107.719500
20.372560 905.301600 121.852500
20.390140 882.571200 155.631000
20.405760 883.495200 160.377000
20.422360 887.510400 159.054000
20.438960 862.831200 134.011500
20.454590 862.814400 133.581000
20.471440 859.471200 149.310000
20.488280 911.534400 181.104000
20.521000 1030.276800 168.094500
20.537600 996.374400 164.209500
20.554690 996.744000 154.917000
20.569820 1021.288800 117.232500
20.586910 984.379200 96.463500
20.603520 984.110400 106.228500
20.619380 984.967200 116.466000
20.635740 992.947200 148.638000
20.652100 992.594400 158.214000
20.668210 987.537600 172.494000
20.686040 999.868800 161.017500
20.701420 1000.272000 151.462500
20.718750 990.225600 119.185500
20.735110 1072.915200 128.121000
20.750730 1074.964800 107.635500
20.767330 1064.044800 112.192500
20.783450 1077.552000 111.037500
20.800780 1078.644000 100.296000
20.817380 1103.104800 97.996500
20.833740 1094.822400 92.505000
20.849120 1093.596000 103.288500
20.865230 1064.616000 104.737500
20.881590 1067.892000 96.159000
20.899170 1064.784000 122.157000
20.915040 1071.739200 147.609000
20.931400 1092.386400 174.762000
20.947750 1091.176800 184.674000
20.964360 1101.945600 191.131500
20.980710 1107.338400 182.269500
20.997560 1111.437600 156.912000
21.013920 1106.347200 131.229000
21.029790 1085.565600 129.244500
21.046880 1085.431200 124.698000
21.063230 1085.784000 114.586500
21.079590 1047.278400 148.795500
21.095700 1045.917600 173.649000
21.113040 1135.898400 189.336000
21.128660 1132.807200 175.507500
21.145020 1134.336000 165.711000
21.161620 1107.640800 134.620500
21.177980 1094.419200 122.640000
21.194580 1094.167200 118.356000
21.211430 1133.949600 127.732500
21.227050 1126.708800 159.127500
21.244380 1126.860000 158.098500
21.259770 1074.880800 141.508500
21.276120 845.661600 149.268000
21.292480 846.048000 143.913000
21.309080 543.530400 104.811000
21.325680 571.569600 119.479500
21.342530 574.761600 130.473000
21.358890 579.616800 131.691000
21.375000 600.129600 147.283500
21.391360 602.834400 157.153500
21.407710 605.606400 171.559500
21.424320 596.215200 171.339000
21.457030 579.499200 149.247000
21.473390 561.254400 145.540500
21.490230 558.213600 135.544500
21.506350 540.187200 117.421500
21.522950 543.278400 117.127500
21.555660 558.230400 129.832500
21.572510 571.317600 140.605500
21.604740 556.533600 142.821000
21.621090 535.029600 121.243500
21.637940 532.845600 117.033000
21.654540 538.389600 131.418000
21.671390 560.952000 141.445500
21.687500 563.152800 146.065500
21.703610 667.447200 148.197000
21.720460 645.523200 139.177500
21.736820 643.087200 128.961000
21.753420 662.155200 136.279500
21.770020 679.929600 138.085500
21.802490 640.752000 150.937500
21.818600 623.985600 141.130500
21.851810 648.379200 129.885000
21.866940 690.194400 160.503000
21.899410 712.118400 211.480500
21.915040 692.496000 143.314500
21.948000 721.173600 159.600000
21.964840 755.865600 145.120500
21.997560 766.012800 171.916500
22.013670 765.660000 182.133000
22.030030 762.350400 172.116000
22.046630 826.744800 139.261500
22.062990 850.348800 140.301000
22.081540 849.895200 145.509000
22.097170 841.612800 186.312000
22.114260 856.094400 186.469500
22.131350 857.976000 201.652500
22.147220 906.998400 177.628500
22.164060 883.915200 188.128500
22.179690 883.394400 178.521000
22.196290 850.466400 164.566500
22.212400 849.391200 142.558500
22.229490 850.130400 152.050500
22.244870 889.240800 159.831000
22.261960 872.071200 167.517000
22.295170 860.076000 158.907000
22.311040 857.808000 142.726500
22.328370 856.312800 122.136000
22.344480 803.308800 108.759000
22.360600 786.088800 78.141000
22.393550 779.872800 108.727500
22.409670 844.082400 160.440000
22.424070 846.652800 170.551500
22.441160 815.186400 170.163000
22.457520 844.351200 166.215000
22.523440 841.747200 156.061500
22.540280 929.140800 147.556500
22.555910 866.493600 134.263500
22.588870 950.090400 171.580500
22.605470 970.099200 171.601500
22.622800 971.544000 181.597500
22.639160 976.567200 180.789000
22.655760 993.434400 220.731000
22.688230 966.184800 182.920500
22.708250 973.610400 170.436000
22.723630 973.828800 159.852000
22.739990 960.708000 133.644000
22.759280 978.213600 137.424000
22.771730 978.482400 126.819000
22.788090 993.434400 127.512000
22.804200 1007.731200 101.514000
22.821290 1006.370400 117.484500
22.838130 1029.252000 150.612000
22.854740 1014.350400 183.099000
22.870610 1014.014400 198.114000
22.886960 979.927200 190.323000
22.902830 979.053600 170.667000
22.918700 978.852000 155.421000
22.935060 957.784800 157.552500
22.952150 967.948800 159.810000
22.968510 968.620800 164.293500
22.985840 988.780800 180.453000
23.001950 1057.257600 154.602000
23.018310 1055.947200 160.786500
23.034670 1072.932000 199.227000
23.051270 1084.473600 180.054000
23.067870 1083.364800 189.672000
23.083500 1060.449600 208.320000
23.100340 1053.024000 193.147500
23.116940 1054.065600 187.950000
23.133060 1070.059200 181.324500
23.149410 1066.413600 151.368000
23.166020 1067.438400 135.922500
23.183350 1056.804000 138.495000
23.198730 1062.163200 141.046500
23.215090 1062.465600 145.572000
23.231450 1059.794400 146.422500
23.248050 1076.443200 183.372000
23.265140 1076.325600 184.369500
23.280760 1032.091200 125.569500
23.299070 1060.046400 116.896500
23.329830 1062.784800 153.562500
23.347170 1037.265600 159.505500
23.363040 1036.912800 153.930000
23.379390 1040.860800 143.650500
23.395750 1061.978400 134.316000
23.411870 1060.197600 153.436500
23.428960 1078.744800 149.131500
23.445310 1052.923200 227.923500
23.461670 1053.141600 233.436000
23.477780 1049.764800 218.032500
23.494870 1055.359200 173.712000
23.512210 1055.947200 159.915000
23.527100 1094.503200 147.850500
23.544680 1094.688000 172.294500
23.560060 1094.738400 176.977500
23.576900 1128.321600 163.705500
23.593990 1074.780000 170.142000
23.609620 1076.913600 149.877000
23.627690 1100.181600 119.479500
23.642820 1083.650400 110.502000
23.675780 1104.465600 127.575000
23.692140 1110.144000 150.318000
23.708250 1107.321600 165.847500
23.725100 1089.026400 171.055500
23.743650 1085.364000 189.357000
23.757570 1084.406400 202.986000
23.774170 1050.739200 192.339000
23.791020 1118.006400 195.604500
23.806640 1116.696000 200.350500
23.823240 1111.656000 163.569000
23.839110 1096.166400 183.393000
23.856200 1097.409600 178.500000
23.872800 1119.938400 167.359500
23.888670 1139.426400 164.094000
23.905520 1144.147200 134.379000
23.922360 1175.462400 104.884500
23.937740 1197.688800 129.045000
23.970210 1146.331200 126.409500
23.987060 1166.256000 127.974000
24.020260 1172.388000 106.522500
24.036870 1157.587200 89.859000
24.053710 1155.991200 95.004000
24.069090 698.073600 139.377000
24.086430 615.703200 158.098500
24.102540 618.357600 168.157500
24.118900 585.681600 191.394000
24.135250 596.164800 158.046000
24.151610 595.526400 152.575500
24.167970 586.891200 126.955500
24.184330 596.265600 120.330000
24.200930 596.551200 121.422000
24.217040 580.288800 125.664000
24.234130 592.082400 122.892000
24.266360 566.580000 166.855500
24.283690 544.504800 177.828000
24.315920 557.575200 193.389000
24.333010 559.843200 171.255000
24.365480 541.598400 195.751500
24.381590 531.602400 174.898500
24.397710 532.476000 180.285000
24.414550 552.938400 188.968500
24.431400 594.669600 188.065500
24.447510 599.608800 202.020000
24.463870 581.716800 194.817000
24.480470 546.856800 186.165000
24.496340 539.884800 164.829000
24.512940 671.714400 132.121500
24.529050 637.610400 127.176000
24.545650 635.292000 117.610500
24.562990 634.065600 155.053500
24.579590 697.468800 170.709000
24.594970 701.551200 190.648500
24.612790 708.338400 188.653500
24.629150 684.734400 215.481000
24.644780 682.365600 204.834000
24.661130 667.094400 188.517000
24.678220 627.446400 117.852000
24.693850 628.051200 123.354000
24.709960 681.021600 152.943000
24.726560 669.345600 203.185500
24.743160 673.696800 218.694000
24.759770 691.941600 190.722000
24.775630 673.092000 135.859500
24.792480 668.724000 115.678500
24.809330 689.102400 197.673000
24.825440 700.862400 187.876500
24.858890 701.215200 178.752000
24.874270 714.907200 183.865500
24.907960 707.498400 172.788000
24.924070 726.247200 185.766000
24.941650 727.927200 194.985000
24.957030 704.491200 193.557000
24.972660 673.562400 204.477000
24.990230 675.712800 213.790500
25.005620 713.311200 201.631500
25.021730 671.412000 205.632000
25.038330 669.244800 196.234500
25.055420 701.920800 199.668000
25.071530 659.097600 208.383000
25.088620 656.880000 199.237500
25.398930 697.065600 164.325000
25.417720 701.551200 194.292000
25.433590 701.954400 199.678500
25.449710 722.383200 177.187500
25.465580 717.108000 175.329000
25.482420 716.604000 168.913500
25.498780 706.994400 166.278000
25.515140 699.501600 140.248500
25.531490 697.939200 135.702000
25.548340 715.730400 156.240000
25.565190 678.602400 183.624000
25.581300 684.482400 202.198500
25.597170 777.436800 184.443000
25.614010 811.238400 206.262000
25.630620 808.684800 191.719500
25.646970 779.520000 178.909500
25.663330 773.102400 170.856000
25.679930 773.371200 172.735500
25.695800 832.036800 198.492000
25.809810 783.736800 193.095000
25.842040 743.534400 216.279000
25.858890 763.089600 213.664500
25.891850 769.305600 167.769000
25.908200 694.276800 172.221000
25.925290 697.704000 180.999000
25.940670 753.009600 191.152500
25.957280 779.637600 244.797000
25.973630 771.993600 197.967000
25.992190 756.722400 162.897000
26.008300 727.070400 171.213000
26.025880 725.424000 162.067500
26.040770 716.772000 167.769000
26.057130 680.853600 151.231500
26.073240 683.172000 162.141000
26.089840 732.261600 159.253500
26.106200 744.324000 169.932000
26.123780 745.869600 179.256000
26.139400 715.915200 210.147000
26.156010 729.456000 217.119000
26.188480 716.553600 177.124500
26.205320 728.364000 232.890000
26.219730 721.509600 214.935000
26.236570 684.784800 181.282500
26.252690 643.540800 191.079000
26.285890 705.465600 174.961500
26.302250 697.838400 201.526500
26.318360 701.719200 211.281000
26.334720 661.869600 202.482000
26.351320 663.331200 198.061500
26.367680 680.836800 183.613500
26.385740 740.409600 147.063000
26.402100 675.578400 142.275000
26.418700 677.980800 157.363500
26.435060 671.126400 180.169500
26.452150 709.615200 210.304500
26.468510 713.294400 224.206500
26.484860 661.584000 145.015500
26.499020 708.909600 158.151000
26.515870 708.556800 147.252000
26.531740 690.799200 143.356500
26.548830 709.329600 128.793000
26.565430 708.926400 116.025000
26.581050 769.624800 129.255000
26.598140 803.695200 69.111000
26.630860 785.416800 110.974500
26.647220 855.254400 189.147000
26.665770 855.405600 191.037000
26.681880 869.080800 158.697000
26.697750 840.924000 154.297500
26.715090 840.100800 144.826500
26.731450 842.419200 171.559500
26.746830 812.582400 180.558000
26.780520 808.550400 172.851000
26.796390 817.118400 151.620000
26.829830 825.132000 133.381500
26.846190 825.804000 105.262500
26.879150 820.999200 158.130000
26.895750 809.575200 170.152500
26.928710 804.081600 171.612000
26.942630 873.734400 223.293000
26.975590 878.925600 195.268500
26.992190 889.375200 192.990000
27.025390 855.775200 193.084500
27.041750 829.180800 191.352000
27.073970 893.810400 204.540000
27.092290 869.971200 203.647500
27.124270 968.335200 205.306500
27.140380 975.223200 214.882500
27.155760 867.703200 187.971000
27.174320 901.924800 175.969500
27.191160 933.878400 218.536500
27.207280 934.634400 222.915000
27.223390 897.926400 198.618000
27.239750 938.548800 161.343000
27.257080 938.481600 151.536000
27.272710 946.293600 170.320500
27.289790 940.245600 190.071000
27.322020 921.832800 118.314000
27.338870 900.060000 190.753500
27.354740 899.656800 180.285000
27.371340 888.804000 170.856000
27.387700 901.101600 141.634500
27.404300 900.715200 130.998000
27.420410 862.512000 96.379500
27.437010 889.274400 174.604500
27.452150 891.391200 184.306500
27.469240 842.284800 168.714000
27.485110 929.359200 253.428000
27.501460 931.190400 262.657500
27.518550 947.100000 212.373000
27.535890 980.616000 199.626000
27.569340 985.152000 248.598000
27.583740 982.396800 215.019000
27.616210 989.721600 139.324500
27.637450 984.765600 132.657000
27.668700 961.783200 154.119000
27.690190 960.002400 182.269500
27.700440 959.918400 191.383500
27.717040 983.455200 186.774000
27.732910 998.172000 200.308500
27.750000 996.928800 214.441500
27.766110 974.786400 203.112000
27.782710 1017.475200 232.438500
27.799800 1018.332000 227.682000
27.816410 1031.503200 214.452000
27.832760 1009.915200 217.759500
27.848390 1010.906400 199.405500
27.865480 1014.955200 206.881500
27.881350 1015.442400 191.856000
27.899900 1014.552000 196.854000
27.915530 1002.355200 178.122000
27.930910 1028.916000 213.370500
27.947020 1028.244000 222.768000
27.964110 1049.395200 202.114500
27.979980 1076.325600 194.880000
27.996830 1077.602400 189.672000
28.012700 1070.865600 192.979500
28.029540 1050.067200 204.351000
28.046390 1050.890400 194.995500
28.062010 1086.691200 190.270500
28.078860 1074.880800 165.732000
28.111080 1083.499200 166.194000
28.128170 1085.229600 162.550500
28.144780 1083.969600 167.664000
28.160890 1041.432000 197.074500
28.177000 1050.638400 215.785500
28.193120 1050.806400 220.143000
28.208740 1081.886400 200.697000
28.225100 1089.866400 186.301500
28.242430 1091.008800 176.841000
28.258790 1035.871200 178.752000
28.275630 1134.722400 194.911500
28.309570 1127.683200 171.675000
28.326420 1123.953600 155.011500
28.343260 1125.482400 144.417000
28.357180 1171.178400 149.530500
28.373780 1141.005600 140.532000
28.406490 1169.212800 159.558000
28.423340 1156.528800 178.164000
28.440430 1153.135200 197.358000
28.456050 1119.820800 200.098500
28.473140 1130.539200 190.575000
28.505130 1049.647200 183.540000
28.521970 1023.405600 154.843500
28.537840 1023.976800 145.498500
28.554440 1027.118400 171.832500
28.572270 997.012800 162.340500
28.586910 996.088800 167.569500
28.603760 1036.324800 198.628500
28.620120 1014.972000 194.155500
28.636470 1015.173600 198.660000
28.652830 1054.300800 171.591000
28.669680 1123.550400 169.123500
28.685550 1123.617600 168.724500
28.702150 1066.615200 192.475500
28.718510 1097.073600 195.142500
28.751220 1097.997600 177.481500
28.768070 1098.451200 128.971500
28.784420 1098.316800 124.729500
28.800780 1112.882400 179.203500
28.817380 1080.324000 201.894000
28.834230 1079.248800 211.344000
28.850590 1119.753600 184.978500
28.866940 1146.734400 193.168500
28.900880 1153.084800 206.881500
28.916260 1146.583200 217.077000
28.933110 1150.010400 201.810000
28.948490 1137.192000 156.586500
28.965090 1181.762400 123.144000
28.982670 1182.132000 118.713000
28.997800 1135.344000 164.020500
29.015140 1123.399200 189.724500
29.031740 1120.392000 209.632500
29.047610 785.652000 194.166000
29.064450 779.318400 218.652000
29.080810 798.823200 265.324500
29.094480 746.340000 246.529500
29.111330 797.680800 249.805500
29.144530 762.468000 255.507000
29.160890 766.332000 255.234000
29.193600 743.904000 218.925000
29.209960 639.324000 208.981500
29.227540 643.305600 217.759500
29.242680 630.924000 217.297500
29.260740 621.751200 224.269500
29.276860 624.388800 233.814000
29.293460 631.814400 237.982500
29.309810 599.306400 209.002500
29.326660 592.452000 182.332500
29.343510 571.317600 176.641500
29.359620 562.497600 178.132500
29.375490 557.373600 164.493000
29.393070 587.361600 158.823000
29.409670 586.504800 191.278500
29.426270 590.721600 200.266500
29.441650 552.468000 193.042500
29.458740 567.470400 143.944500
29.474610 562.094400 128.929500
29.491460 540.724800 167.685000
29.507570 569.133600 178.363500
29.524170 572.544000 189.514500
29.539790 548.772000 179.949000
29.556880 576.710400 173.953500
29.589840 563.640000 164.734500
29.605710 569.184000 199.468500
29.622800 572.829600 213.937500
29.638430 559.759200 207.648000
29.655030 592.855200 237.520500
29.671880 595.039200 241.846500
29.688480 576.895200 223.618500
29.704350 581.985600 199.815000
29.721440 576.172800 180.579000
29.737790 680.383200 198.324000
29.753660 713.882400 157.195500
29.770260 711.832800 146.254500
29.786620 747.650400 161.007000
29.803710 694.461600 166.026000
29.833980 666.506400 212.877000
29.851070 740.829600 215.943000
29.866940 744.324000 225.550500
29.883790 720.451200 220.384500
29.899900 695.956800 170.866500
29.916500 699.367200 179.655000
29.932620 681.441600 221.623500
29.950930 735.756000 203.679000
29.983400 661.533600 208.876500
30.002200 678.652800 213.528000
30.017090 677.056800 209.538000
30.032960 674.906400 236.029500
30.196040 885.376800 272.086500
30.228760 846.787200 216.510000
30.244870 835.564800 236.439000
30.278080 837.446400 214.903500
30.294190 863.587200 233.919000
30.326900 811.053600 239.757000
30.342770 838.185600 233.089500
30.359860 835.430400 223.230000
30.376220 830.457600 203.248500
30.392330 848.920800 207.490500
30.441890 1080.760800 174.489000
30.458740 1081.248000 184.495500
30.474370 1084.910400 150.927000
30.490970 1106.716800 261.754500
30.507570 1107.187200 279.384000
30.524170 1218.537600 243.621000
30.540280 1146.768000 260.473500
30.572750 1134.302400 178.521000
30.589360 1147.440000 213.391500
30.606200 1147.557600 204.655500
30.623540 857.018400 206.724000
30.641110 858.631200 244.062000
30.656740 858.967200 239.001000
30.673340 846.148800 199.248000
30.690430 824.443200 168.661500
30.706540 823.452000 158.833500
30.722900 860.008800 165.396000
30.739010 847.644000 182.490000
30.756100 847.476000 187.624500
30.771970 840.705600 183.865500
30.788330 846.669600 229.099500
30.805180 846.585600 228.112500
30.821780 780.528000 177.271500
30.837400 802.552800 172.777500
30.854250 802.771200 167.569500
30.870120 807.290400 192.801000
30.887210 795.328800 173.449500
30.903080 795.446400 174.478500
30.919430 781.200000 184.789500
30.936520 832.036800 172.977000
30.968990 818.260800 215.229000
30.985600 802.636800 195.562500
31.001950 801.360000 185.083500
31.018550 811.003200 142.453500
31.035640 808.281600 122.734500
31.051760 806.937600 117.138000
31.067140 804.316800 165.543000
31.084720 771.069600 221.140500
31.101070 773.942400 235.557000
31.117190 826.812000 160.849500
31.134030 866.392800 187.225500
31.147710 866.611200 188.191500
31.164790 905.486400 223.177500
31.180660 847.492800 223.597500
31.213870 873.079200 249.270000
31.230220 864.931200 229.950000
31.263180 923.832000 193.819500
31.279540 924.957600 237.961500
31.312260 922.336800 242.130000
31.328370 898.296000 232.081500
31.345210 896.179200 222.558000
31.361330 877.716000 169.039500
31.377930 862.260000 200.571000
31.410400 955.332000 209.538000
31.427250 962.572800 214.189500
31.443850 964.101600 223.786500
31.460210 954.424800 222.747000
31.476810 947.469600 215.250000
31.509520 958.255200 207.900000
31.525630 896.666400 221.235000
31.558590 927.208800 247.159500
31.575200 971.208000 233.016000
31.607910 974.500800 224.049000
31.624510 911.618400 221.130000
31.657470 932.114400 251.118000
31.674070 919.884000 271.225500
31.706540 917.448000 206.262000
31.722900 960.909600 198.355500
31.741700 961.027200 188.013000
31.757570 947.486400 174.562500
31.773930 1015.291200 182.605500
31.805910 1013.409600 171.045000
31.823490 948.964800 178.951500
31.838870 948.948000 189.388500
31.855470 1001.868000 180.358500
31.872800 970.418400 164.482500
31.905030 971.863200 188.013000
31.921630 990.276000 199.552500
31.955080 1011.208800 225.760500
31.970950 984.631200 212.341500
32.003910 972.518400 176.736000
32.020750 981.019200 165.690000
32.053220 997.768800 197.263500
32.070070 942.043200 210.703500
32.103030 970.519200 190.575000
32.119140 942.866400 191.562000
32.152340 988.747200 195.247500
32.169190 934.315200 195.657000
32.184570 933.609600 200.613000
32.200440 941.203200 214.221000
32.218510 917.313600 220.405500
32.233890 918.052800 224.742000
32.250240 1065.640800 211.449000
32.266600 1061.860800 221.865000
32.283450 1063.792800 202.461000
32.300050 1064.750400 194.586000
32.316160 1049.932800 199.584000
32.349370 1075.569600 180.033000
32.366210 1068.715200 177.586500
32.381100 1067.623200 182.584500
32.397220 1090.941600 215.775000
32.415280 1058.299200 186.165000
32.431400 1058.467200 190.470000
32.447510 1061.457600 187.404000
32.463380 1079.820000 189.367500
32.479980 1079.719200 190.365000
32.496340 1081.096800 231.913500
32.512940 1088.774400 184.485000
32.546880 1085.061600 180.306000
32.562010 1063.154400 180.253500
32.579100 1062.012000 185.283000
32.594480 1060.567200 211.018500
32.612300 1044.657600 238.255500
32.628910 1044.993600 242.529000
32.645260 1045.531200 220.237500
32.938720 1068.160800 177.733500
32.957520 1052.637600 171.118500
32.973140 1051.848000 180.222000
32.989010 969.309600 216.856500
33.005860 986.294400 185.587500
33.022460 985.420800 190.848000
33.039060 990.158400 207.343500
33.055910 981.540000 238.581000
33.071290 982.329600 233.940000
33.087650 976.080000 211.249500
33.104980 1004.808000 197.998500
33.120850 1005.244800 188.569500
33.137210 1087.312800 190.060500
33.154300 1076.056800 157.048500
33.170170 1077.165600 146.433000
33.187500 1067.673600 159.442500
33.202640 1110.177600 143.335500
33.219970 1111.555200 132.909000
33.236570 1108.867200 135.187500
33.252690 1095.477600 127.186500
33.269290 1091.848800 151.840500
33.286130 1095.813600 202.335000
33.302250 1143.391200 236.040000
33.316650 1143.223200 254.635500
33.333250 1111.168800 249.280500
33.350100 1097.392800 288.025500
33.382810 1082.457600 240.618000
33.399900 1148.817600 275.551500
33.431640 1147.776000 291.007500
33.448240 1169.733600 271.267500
33.464600 1106.112000 230.695500
33.483640 1161.636000 220.038000
33.499270 1126.171200 215.323500
33.515630 1127.431200 214.158000
33.531740 1154.092800 188.580000
33.548830 1150.144800 170.751000
33.564940 1150.027200 167.013000
33.581050 792.556800 229.771500
33.598140 697.771200 253.648500
33.612060 701.484000 262.479000
33.628910 657.636000 267.445500
33.645260 672.487200 228.354000
33.661620 668.740800 219.670500
33.677980 707.246400 216.678000
33.694820 694.394400 207.028500
33.727290 629.277600 223.618500
33.744140 634.166400 221.287500
33.776610 585.110400 251.286000
33.793210 569.889600 294.724500
33.825930 621.432000 249.081000
33.842530 631.696800 216.678000
33.875240 601.322400 255.265500
33.894290 570.544800 225.246000
33.909420 569.805600 220.017000
33.926030 588.739200 231.273000
33.942870 547.209600 217.371000
33.958980 543.967200 207.763500
33.975340 523.824000 230.443500
33.992190 599.356800 247.002000
34.005860 603.523200 255.171000
34.022710 536.642400 217.654500
34.039310 615.535200 253.312500
34.056400 610.747200 243.705000
34.072270 583.195200 202.545000
34.089110 649.790400 232.386000
34.105220 646.094400 224.269500
34.121830 701.416800 231.588000
34.138430 681.962400 215.313000
34.154540 599.457600 219.880500
34.172610 689.304000 180.852000
34.189210 693.957600 197.998500
34.222410 695.318400 209.464500
34.239010 669.345600 179.791500
34.254880 671.462400 189.105000
34.271730 656.493600 179.833500
34.287600 681.324000 186.501000
34.304200 678.921600 175.549500
34.320560 678.585600 175.003500
34.337650 746.541600 172.305000
34.353760 741.132000 188.485500
34.367920 896.918400 214.378500
34.384770 889.543200 207.942000
34.417480 840.991200 234.654000
34.433590 861.000000 242.392500
34.450200 863.368800 251.485500
34.466060 921.799200 200.350500
34.482910 913.348800 199.867500
34.499760 915.314400 209.601000
34.516110 876.069600 243.673500
34.534910 862.478400 221.991000
34.550290 861.722400 211.806000
34.566160 873.012000 158.403000
34.583740 864.292800 176.925000
34.600590 863.587200 166.603500
34.616210 803.073600 139.828500
34.632570 781.720800 160.891500
34.648930 783.115200 171.328500
34.666500 769.473600 172.567500
34.861330 793.900800 168.021000
34.877690 836.001600 201.159000
34.910400 749.128800 193.998000
34.927000 804.636000 193.053000
34.959720 778.478400 218.484000
34.975830 825.736800 234.234000
35.008790 806.870400 170.845500
35.025630 809.844000 155.095500
35.059810 805.106400 182.574000
35.076170 774.244800 193.336500
35.109620 806.820000 180.495000
35.125000 792.489600 187.089000
35.156490 892.197600 248.944500
35.175290 855.926400 232.291500
35.207520 849.475200 212.121000
35.225100 826.459200 200.928000
35.255620 890.114400 276.108000
35.271970 891.945600 195.667500
35.288820 839.630400 157.636500
35.306880 844.788000 182.416500
35.323490 830.390400 163.275000
35.355710 842.536800 201.852000
35.370610 823.771200 202.797000
35.388670 828.928800 220.941000
35.404300 796.051200 181.639500
35.421390 895.893600 251.107500
35.438230 897.792000 259.413000
35.453610 962.640000 248.503500
35.469240 973.089600 223.125000
35.485600 970.284000 204.613500
35.501460 919.884000 194.733000
35.518310 970.855200 189.903000
35.550780 980.666400 200.487000
35.570070 934.332000 216.657000
35.586910 934.449600 226.989000
35.602780 942.933600 230.601000
35.620360 936.650400 204.183000
35.636470 936.566400 195.184500
35.653080 940.363200 214.819500
35.672360 969.528000 219.502500
35.684080 968.805600 224.406000
35.700200 1091.865600 203.028000
35.715820 1112.143200 185.367000
35.733150 1110.816000 194.932500
35.749760 1090.101600 207.721500
35.769780 1137.410400 227.787000
35.784670 1140.602400 212.499000
35.799560 1117.401600 181.828500
35.817140 1114.797600 189.892500
35.833010 1117.552800 170.583000
35.849370 1136.604000 188.916000
35.866210 1112.865600 193.767000
35.886230 1111.471200 203.668500
35.898440 1055.443200 154.266000
35.915530 1043.179200 174.573000
35.931880 1042.356000 184.968000
35.948000 1061.827200 190.060500
35.964600 1085.128800 191.719500
35.980710 1083.835200 196.623000
35.997070 1093.579200 212.562000
36.013430 1063.456800 222.463500
36.029050 1062.616800 235.683000
36.046140 1064.028000 234.013500
36.063230 1062.566400 236.481000
36.079100 1062.314400 232.155000
36.096190 1063.843200 220.080000
36.112550 1070.512800 206.923500
36.128420 1072.730400 191.709000
36.145020 1070.462400 187.173000
36.161620 1054.502400 192.706500
36.177730 1055.342400 183.508500
36.194580 981.472800 176.893500
36.214600 950.040000 152.281500
36.227050 949.284000 168.199500
36.243650 979.591200 177.649500
36.260250 984.211200 238.822500
36.276610 983.908800 248.031000
36.292970 998.289600 251.496000
36.310300 1006.236000 243.873000
36.325440 1007.160000 239.095500
36.340820 985.992000 242.949000
36.357180 973.224000 219.597000
36.374270 973.224000 219.219000
36.390140 984.900000 230.979000
36.406980 984.698400 241.521000
36.439210 969.427200 250.183500
36.456050 943.454400 225.057000
36.488770 994.492800 251.716500
36.505130 1005.849600 250.939500
36.537600 1037.635200 213.076500
36.553960 1151.337600 213.423000
36.570310 1152.900000 204.624000
36.587160 1073.704800 200.035500
36.604000 1095.376800 171.486000
36.636230 1094.990400 185.745000
36.653810 1081.432800 194.890500
36.685300 1090.572000 215.155500
36.702640 1067.253600 199.185000
36.719480 1068.295200 188.947500
36.735600 1104.432000 215.754000
36.751950 1120.392000 193.557000
36.768070 1119.115200 202.198500
36.784420 1137.830400 191.992500
36.801270 1089.211200 218.053500
36.818360 1088.102400 222.999000
36.833980 761.661600 246.813000
36.850830 603.036000 199.038000
36.864500 603.204000 199.405500
36.881840 570.477600 196.738500
36.897950 640.399200 226.086000
36.914550 644.952000 235.945500
36.930910 572.728800 226.611000
36.947020 623.632800 242.224500
36.963620 627.765600 250.719000
36.979980 629.882400 272.664000
36.996580 596.416800 280.497000
37.012700 672.688800 291.427500
37.031250 553.711200 256.683000
37.046880 608.865600 214.042500
37.063720 605.472000 199.080000
37.079590 549.091200 227.146500
37.097660 545.109600 184.548000
37.113770 542.707200 180.169500
37.129880 530.359200 225.088500
37.146000 568.848000 233.310000
37.162350 567.756000 226.957500
37.178710 541.245600 180.484500
37.196290 519.523200 151.746000
37.211670 519.388800 151.336500
37.228270 509.157600 191.131500
37.244380 516.364800 198.607500
37.261230 520.228800 209.454000
37.276370 527.268000 258.079500
37.293700 548.251200 222.547500
37.310060 546.067200 218.704500
37.326660 514.332000 236.607000
37.343020 549.830400 232.218000
37.359860 555.307200 245.647500
37.604250 564.513600 267.918000
37.621580 617.400000 270.396000
37.639160 675.679200 227.094000
37.655520 673.579200 218.116500
37.671880 671.529600 227.283000
37.688480 663.415200 254.257500
37.720700 689.169600 228.102000
37.736820 649.471200 258.478500
37.770750 648.580800 223.524000
37.787350 662.457600 240.544500
37.803220 662.928000 245.448000
37.819340 654.914400 263.413500
37.836430 652.999200 277.315500
37.852780 654.897600 281.526000
37.868650 556.214400 280.119000
37.885500 562.951200 264.810000
37.901370 556.399200 245.469000
37.918210 557.995200 251.758500
37.935550 554.971200 224.973000
37.968750 521.656800 237.069000
37.985350 532.560000 267.624000
38.001460 540.271200 290.965500
38.017580 559.792800 316.774500
38.034910 553.946400 331.464000
38.050780 560.414400 348.873000
38.069340 582.758400 332.913000
38.083500 566.714400 322.917000
38.099370 562.648800 309.120000
38.115480 531.636000 291.816000
38.132080 512.467200 269.524500
38.148930 501.614400 241.164000
38.165280 524.697600 251.611500
38.180910 537.516000 226.737000
38.198000 538.456800 231.798000
38.214110 528.914400 236.145000
38.230220 506.788800 249.081000
38.247310 514.264800 268.747500
38.262940 516.566400 275.499000
38.277830 564.765600 288.592500
38.294920 559.456800 279.237000
38.362550 595.828800 327.568500
38.379390 620.508000 325.101000
38.394780 625.128000 333.753000
38.409420 609.016800 292.897500
38.426270 644.599200 317.247000
38.442870 649.135200 326.224500
38.458740 642.549600 331.002000
38.475830 618.172800 302.022000
38.492190 622.356000 310.012500
38.508060 612.628800 306.663000
38.525150 648.564000 355.845000
38.557130 646.783200 324.114000
38.573970 604.480800 324.870000
38.592530 601.020000 311.514000
38.608150 707.985600 302.421000
38.624270 684.700800 252.367500
38.640870 680.232000 232.995000
38.657960 674.436000 237.741000
38.674560 671.294400 218.337000
38.707030 656.157600 231.178500
38.723390 618.055200 245.080500
38.740480 621.516000 260.347500
38.756350 688.665600 254.929500
38.772710 688.497600 269.367000
38.790040 690.614400 278.491500
38.805660 639.492000 301.833000
38.822020 658.912800 308.238000
38.838620 661.197600 316.795500
38.854740 658.862400 286.419000
38.870850 679.022400 331.852500
38.887450 678.636000 326.865000
38.904540 928.233600 237.625500
38.920900 893.155200 224.353500
38.937500 892.315200 220.185000
38.953860 943.286400 267.697500
38.969970 922.941600 264.537000
38.986820 923.798400 268.831500
39.002690 937.708800 269.934000
39.019530 944.882400 228.805500
39.035640 944.832000 210.577500
39.051510 957.616800 239.893500
39.069340 927.645600 232.333500
39.101810 995.551200 215.554500
39.118410 973.089600 188.391000
39.150630 982.732800 196.581000
39.166750 997.130400 208.089000
39.199220 1011.746400 215.250000
39.216060 1010.872800 221.445000
39.249270 993.787200 225.981000
39.265630 959.145600 215.670000
39.299320 646.296000 243.516000
39.314940 595.845600 242.119500
39.348390 571.216800 264.904500
39.364260 601.910400 266.983500
39.380370 602.733600 271.750500
39.397710 595.156800 228.417000
39.413090 578.827200 261.796500
39.429930 581.095200 265.975500
39.446780 582.220800 270.070500
39.462650 584.001600 248.871000
39.479000 581.044800 239.599500
39.495120 592.200000 257.964000
39.511960 586.555200 267.456000
39.544430 594.518400 262.983000
39.561770 612.998400 269.199000
39.577390 613.653600 274.092000
39.593750 593.964000 272.338500
39.610350 645.909600 295.596000
39.627200 645.657600 294.651000
39.643070 703.718400 255.790500
39.659420 697.620000 249.354000
39.675780 697.233600 244.408500
39.692140 710.354400 250.971000
39.709230 666.792000 249.480000
39.725590 664.540800 240.334500
39.742430 675.376800 196.633500
39.758790 678.686400 208.194000
39.775390 676.384800 198.009000
39.791260 711.026400 173.932500
39.808110 686.800800 198.964500
39.824220 689.018400 209.128500
39.840820 699.132000 263.508000
39.856930 675.091200 245.490000
39.873050 677.460000 255.528000
39.890630 705.532800 240.670500
39.906490 871.617600 315.588000
39.937500 898.195200 336.798000
39.954350 894.852000 331.989000
39.970700 892.684800 323.410500
39.987060 898.077600 197.074500
40.003170 903.588000 243.684000
40.035890 824.594400 209.212500
40.052730 900.916800 238.129500
40.069340 903.000000 247.506000
40.217290 790.725600 242.130000
40.235600 574.627200 280.329000
40.252930 562.951200 266.574000
40.284670 578.508000 284.424000
40.300780 547.713600 284.917500
40.317870 544.168800 275.089500
40.334230 540.472800 265.713000
40.349850 535.063200 260.326500
40.365970 531.518400 250.519500
40.383300 590.385600 256.410000
40.399170 573.787200 267.120000
40.416260 576.962400 276.759000
40.432130 555.324000 280.444500
40.448970 549.763200 279.289500
40.464600 553.240800 289.075500
40.480960 645.271200 484.785000
40.497560 645.523200 498.214500
40.514400 646.094400 502.057500
40.530030 619.684800 502.551000
40.547120 611.066400 503.748000
40.563720 610.125600 499.191000
40.580810 621.633600 509.344500
40.596440 650.512800 496.219500
40.612790 648.580800 493.048500
40.628660 631.344000 493.909500
40.645750 621.768000 434.983500
40.662600 626.606400 446.932500
40.678220 709.682400 484.638000
40.694580 700.123200 480.501000
40.710940 695.856000 465.339000
40.727290 702.811200 482.422500
40.743650 701.635200 451.048500
40.776610 668.942400 456.340500
40.793210 697.704000 452.539500
40.809330 699.904800 460.603500
40.826900 704.088000 465.612000
40.842770 677.409600 444.171000
40.858640 677.695200 448.213500
40.876220 564.782400 514.962000
40.892820 563.052000 461.884500
40.908200 568.293600 472.584000
40.925290 563.740800 492.492000
40.942140 548.721600 486.087000
40.958010 545.361600 478.653000
40.974610 558.482400 468.237000
40.991460 535.701600 442.134000
41.007080 532.492800 434.847000
41.022950 552.333600 493.374000
41.040530 551.359200 407.988000
41.073000 611.385600 257.376000
41.089360 571.821600 263.592000
41.121830 644.028000 264.306000
41.138180 654.259200 269.094000
41.169430 651.000000 273.010500
41.334470 597.559200 255.003000
41.352780 598.231200 260.095500
41.368410 622.389600 254.625000
41.384770 620.407200 279.541500
41.400880 622.574400 283.510500
41.417240 623.044800 254.226000
41.433840 619.718400 240.628500
41.450930 617.047200 231.304500
41.465820 730.581600 272.086500
41.483400 909.165600 311.955000
41.514890 918.976800 303.124500
41.531010 924.739200 309.235500
41.547120 922.857600 300.447000
41.563720 953.433600 295.995000
41.580320 922.286400 238.329000
41.613040 945.504000 260.851500
41.629390 947.738400 250.446000
41.646000 949.401600 259.696500
41.662110 886.737600 266.647500
41.678710 847.291200 286.566000
41.711430 817.185600 290.703000
41.728520 900.312000 318.528000
41.760740 865.116000 310.506000
41.777590 909.921600 329.091000
41.810300 878.707200 334.425000
41.826420 828.676800 313.435500
41.859380 808.987200 302.998500
41.878170 840.974400 316.701000
41.891600 838.336800 307.965000
41.924800 622.104000 260.389500
41.957760 598.567200 267.319500
41.974370 606.816000 271.887000
41.990970 611.520000 280.990500
42.007080 576.374400 331.233000
42.024170 567.772800 258.436500
42.056400 622.658400 286.597500
42.072510 612.276000 310.201500
42.089600 710.757600 292.467000
42.107180 565.353600 262.237500
42.124020 590.620800 281.221500
42.157230 642.768000 306.222000
42.173340 631.696800 327.516000
42.204830 656.006400 312.175500
42.222410 645.506400 314.517000
42.238770 642.835200 305.025000
42.255620 636.115200 320.302500
42.271730 604.363200 297.265500
42.288570 606.916800 305.424000
42.304690 677.325600 334.299000
42.321290 608.848800 347.896500
42.338380 611.906400 357.210000
42.354250 635.174400 353.524500
42.370120 613.132800 328.230000
42.386960 610.545600 320.029500
42.402340 600.650400 309.781500
42.420170 637.677600 316.753500
42.435550 640.046400 324.954000
42.452390 605.976000 330.498000
42.469240 607.992000 378.693000
42.501710 593.392800 332.797500
42.518310 573.350400 333.238500
42.534180 571.284000 329.679000
42.550290 608.025600 351.361500
42.567870 657.132000 343.612500
42.583740 658.980000 347.308500
42.599610 608.076000 370.870500
42.617190 635.577600 342.279000
42.633300 633.040800 333.826500
42.649170 582.976800 341.176500
42.666260 572.796000 346.353000
42.698730 585.295200 348.999000
42.715820 552.417600 359.992500
42.731690 548.906400 350.868000
42.747560 617.248800 351.981000
42.764890 567.520800 292.645500
42.797120 593.224800 307.020000
42.812990 578.390400 356.097000
42.847170 592.922400 350.290500
42.863040 567.100800 313.771500
42.878660 567.890400 318.339000
42.895750 604.279200 351.781500
42.912600 630.285600 374.629500
42.928710 635.712000 391.849500
42.945310 590.452800 400.428000
42.962160 593.779200 375.816000
42.978520 607.504800 404.061000
42.992430 658.812000 380.782500
43.009030 604.245600 377.212500
43.141850 744.861600 394.999500
43.158690 742.795200 405.079500
43.190670 756.806400 362.922000
43.207030 713.798400 357.819000
43.239500 735.772800 342.541500
43.256350 739.552800 340.305000
43.289310 764.601600 383.512500
43.305910 767.020800 391.083000
43.339360 770.095200 408.576000
43.354980 800.133600 420.735000
43.371580 796.992000 412.713000
43.387700 705.650400 350.500500
43.407230 692.496000 321.310500
43.423830 692.277600 316.722000
43.438230 704.558400 326.571000
43.455080 702.895200 318.160500
43.472170 703.113600 319.063500
43.488040 689.505600 298.126500
43.504390 727.641600 331.632000
43.537110 763.375200 333.448500
43.553960 780.376800 335.023500
43.584720 761.510400 393.508500
43.601560 816.328800 393.340500
43.634280 807.172800 373.558500
43.650630 748.507200 367.342500
43.683110 753.177600 381.969000
43.700200 791.112000 356.506500
43.732910 940.632000 351.393000
43.749020 929.460000 367.290000
43.781980 905.956800 343.938000
43.797850 921.799200 361.777500
43.831050 861.940800 336.735000
43.847660 887.712000 316.144500
43.864260 885.494400 307.408500
43.880370 887.745600 358.533000
43.896240 916.238400 357.115500
43.929440 903.520800 356.632500
43.947510 892.281600 324.576000
43.963130 894.448800 333.144000
43.978760 895.053600 299.334000
43.995360 813.876000 328.324500
44.027830 844.149600 350.290500
44.044680 861.722400 355.834500
44.061280 863.856000 363.079500
44.077390 814.598400 410.203500
44.093990 847.778400 381.811500
44.110350 850.080000 389.025000
44.126710 824.611200 364.434000
44.143550 849.273600 340.252500
44.160160 846.972000 332.629500
44.176030 837.614400 362.607000
44.193120 817.790400 322.948500
44.208980 815.287200 315.367500
44.225340 842.150400 367.962000
44.242190 836.740800 366.597000
44.274660 838.790400 355.572000
44.291750 818.949600 350.584500
44.323490 810.213600 326.770500
44.341060 788.440800 357.987000
44.356930 785.332800 349.639500
44.374270 850.130400 334.089000
44.391360 826.375200 339.706500
44.423830 813.103200 357.451500
44.438960 804.064800 330.120000
44.471680 802.519200 296.719500
44.488040 810.633600 412.597500
44.520750 870.340800 374.272500
44.537350 878.556000 357.273000
44.570560 883.243200 317.992500
44.586430 889.106400 346.038000
44.915280 585.900000 367.783500
44.932620 561.002400 398.485500
44.964840 572.913600 299.166000
44.981200 580.641600 319.368000
44.997560 579.079200 308.731500
45.013920 616.929600 291.795000
45.030030 559.456800 315.031500
45.079590 579.297600 344.673000
45.096440 580.876800 354.952500
45.162350 544.706400 291.196500
45.178710 555.122400 328.986000
45.194340 553.324800 318.423000
45.210940 540.506400 375.616500
45.227540 521.203200 321.468000
45.244140 519.153600 311.094000
45.260250 503.613600 312.364500
45.276610 531.165600 320.470500
45.292970 533.114400 330.750000
45.309330 528.175200 336.546000
45.325930 599.121600 337.764000
45.358890 593.661600 370.576500
45.375000 585.328800 303.765000
45.392580 583.833600 293.296500
45.408200 582.271200 293.464500
45.424560 615.820800 296.709000
45.440920 617.030400 307.104000
45.457030 556.012800 377.202000
45.473880 598.953600 390.904500
45.489990 600.348000 400.690500
45.506350 608.798400 339.454500
45.522950 511.980000 354.879000
45.540280 509.762400 344.526000
45.555910 542.724000 358.900500
45.572270 578.306400 337.732500
45.604980 588.487200 363.730500
45.621580 678.535200 352.453500
45.637940 679.224000 362.523000
45.654540 655.233600 362.418000
45.670900 657.300000 357.115500
45.703370 673.260000 431.172000
45.722170 657.904800 326.287500
45.737060 657.031200 315.819000
45.769530 677.712000 313.960500
45.801760 692.328000 301.108500
45.818850 550.200000 310.380000
45.834960 550.200000 310.380000
45.851070 550.200000 310.380000
45.868900 634.872000 267.141000
45.900390 595.929600 336.378000
45.916750 593.712000 335.643000
45.935790 595.156800 345.985500
45.951170 608.496000 387.177000
45.966310 602.616000 381.244500
45.998780 602.918400 387.901500
46.015630 635.964000 386.442000
46.048830 582.993600 379.144500
46.065430 604.312800 333.112500
46.082030 605.488800 342.174000
46.097900 623.280000 361.105500
46.114750 635.308800 339.055500
46.147220 634.116000 397.068000
46.163820 657.048000 382.431000
46.179930 656.275200 373.779000
46.197020 614.292000 404.701500
46.213380 623.532000 333.616500
46.345210 684.398400 348.148500
46.361820 660.760800 337.963500
46.393800 682.365600 341.943000
46.492680 677.359200 324.523500
46.656740 1012.939200 327.442500
46.690670 1011.024000 349.692000
46.707760 1065.859200 344.463000
46.740720 1002.640800 352.653000
46.757080 1038.240000 322.308000
46.789310 1075.788000 351.603000
46.805660 1152.664800 400.921500
46.836910 1131.782400 397.855500
46.853030 1114.629600 391.429500
46.886230 1166.491200 391.093500
46.902340 1177.881600 409.951500
46.918700 1178.284800 402.150000
46.935300 1104.146400 354.858000
46.951660 907.132800 325.951500
46.984620 691.992000 355.561500
47.001460 675.276000 367.048500
47.017330 679.392000 375.249000
47.034180 612.494400 396.049500
47.050540 659.400000 385.843500
47.066890 663.129600 392.857500
47.083010 664.137600 394.096500
47.099610 686.700000 414.781500
47.115970 690.295200 421.732500
47.132570 651.823200 397.162500
47.151610 669.967200 378.577500
47.166990 665.212800 361.483500
47.183590 649.353600 373.317000
47.199710 622.171200 321.048000
47.216550 619.735200 313.036500
47.232670 628.807200 341.953500
47.249020 622.456800 348.390000
47.265870 625.312800 357.483000
47.281980 669.295200 353.272500
47.298580 734.664000 382.357500
47.314940 734.748000 386.746500
47.331300 734.412000 361.651500
47.347660 730.900800 370.198500
47.364990 734.092800 381.906000
47.380860 749.985600 383.260500
47.397710 748.406400 418.309500
47.414310 746.743200 410.382000
47.430660 754.034400 391.482000
47.447270 696.847200 400.680000
47.464110 694.915200 393.130500
47.479980 736.125600 407.473500
47.495610 730.027200 346.846500
47.511720 730.279200 351.445500
47.528080 718.754400 379.890000
47.545170 758.452800 393.078000
47.561040 759.931200 396.732000
47.577390 724.180800 384.993000
47.594730 720.098400 371.059500
47.611080 716.200800 353.902500
47.627690 717.326400 350.889000
47.643800 681.542400 356.727000
47.659910 679.240800 347.917500
47.676510 674.133600 340.378500
47.693120 702.441600 353.692500
47.709720 706.372800 369.967500
47.726320 705.012000 357.703500
47.742680 736.310400 382.179000
47.758790 738.208800 391.104000
47.774900 696.612000 399.945000
47.791750 702.912000 403.126500
47.808110 701.013600 395.608500
47.825200 680.601600 369.600000
47.840330 715.512000 369.358500
47.873290 711.244800 383.176500
47.890140 691.084800 363.898500
47.923580 667.178400 340.662000
47.939700 713.764800 375.606000
47.971920 835.581600 352.107000
47.988530 860.008800 379.134000
48.021000 886.132800 358.575000
48.035400 843.544800 396.123000
48.069340 831.180000 378.199500
48.085690 864.561600 404.722500
48.119140 882.201600 370.629000
48.134770 833.448000 350.280000
48.151120 833.448000 350.280000
48.167480 842.856000 382.284000
48.183840 783.300000 391.030500
48.216800 807.542400 354.144000
48.234620 811.708800 378.735000
48.266360 789.633600 356.559000
48.285160 780.057600 338.488500
48.316890 763.156800 373.758000
48.333980 763.627200 371.689500
48.349850 763.308000 366.271500
48.366460 780.964800 359.971500
48.383300 794.035200 348.106500
48.399410 793.984800 347.770500
48.416020 789.784800 397.656000
48.432860 779.587200 361.683000
48.465820 767.256000 344.809500
48.482420 760.015200 332.766000
48.498780 758.604000 324.933000
48.515380 697.502400 361.567500
48.531980 713.193600 402.654000
48.548100 717.040800 418.551000
48.563960 754.572000 368.665500
48.581790 739.956000 381.129000
48.614010 729.607200 387.408000
48.630620 731.169600 388.689000
48.646970 729.506400 381.055500
48.663330 692.563200 334.047000
48.682620 744.156000 303.250500
48.712160 724.416000 329.175000
48.728520 726.835200 335.160000
48.744870 724.886400 325.920000
48.761230 753.463200 367.951500
48.777100 764.366400 321.814500
48.793700 762.787200 312.742500
48.810300 724.500000 278.733000
48.826660 731.203200 344.988000
48.859620 914.407200 383.670000
48.877440 885.410400 334.173000
48.893800 885.931200 342.972000
48.909420 939.825600 387.723000
48.925780 956.172000 385.959000
48.941890 955.416000 398.706000
48.958250 918.036000 357.703500
48.975340 997.348800 426.793500
48.989260 998.491200 433.849500
49.008060 967.864800 434.416500
49.022950 996.760800 444.759000
49.055180 991.586400 441.829500
49.071780 997.063200 417.879000
49.105710 978.969600 422.688000
49.121090 953.685600 424.840500
49.153320 920.102400 412.356000
49.169920 904.041600 398.160000
49.186040 905.906400 405.300000
49.203860 912.912000 447.520500
49.220700 884.200800 426.867000
49.252440 935.356800 446.218500
49.268800 923.848800 384.174000
49.285400 922.135200 376.855500
49.301760 968.671200 424.168500
49.318850 985.740000 413.332500
49.334960 984.345600 405.247500
49.351320 961.060800 403.651500
49.367920 943.874400 388.741500
49.400630 944.395200 386.347500
49.417480 942.026400 369.474000
49.434810 943.807200 377.905500
49.449710 928.267200 418.141500
49.466060 890.198400 403.504500
49.498780 894.650400 393.403500
49.515630 922.387200 399.640500
49.531980 920.404800 391.419000
49.550290 928.048800 393.456000
49.564700 933.139200 416.556000
49.581540 931.308000 408.733500
49.597410 998.911200 414.403500
49.614260 1024.396800 383.943000
49.631840 1025.388000 391.996500
49.647950 1007.580000 414.834000
49.667970 1136.301600 388.090500
49.680180 1136.268000 396.312000
49.695800 1184.467200 446.397000
49.712650 1169.179200 426.069000
49.745120 1250.575200 421.963500
49.761470 1218.470400 417.868500
49.793950 1112.697600 387.817500
49.810550 1123.533600 381.654000
49.843260 1063.288800 348.159000
49.860350 1091.680800 382.756500
49.877440 1091.294400 374.398500
49.892820 1068.396000 402.696000
49.909420 1054.166400 373.401000
49.943120 1102.869600 446.544000
49.960210 1121.652000 348.642000
49.995850 1147.658400 431.403000
50.009520 1139.392800 386.032500
50.024170 1139.342400 393.036000
50.041260 1137.494400 419.023500
50.057130 1174.118400 437.209500
50.073730 1173.732000 445.147500
50.089840 1160.829600 394.170000
50.106690 1161.417600 421.627500
50.123050 1161.636000 414.655500
50.141600 1031.436000 464.226000
50.156490 851.894400 471.408000
50.337400 697.183200 437.293500
50.355710 680.920800 438.795000
50.370850 680.568000 434.458500
50.387210 563.623200 433.891500
50.404050 594.333600 434.710500
50.419920 591.444000 427.056000
50.437010 626.808000 414.015000
50.453130 588.369600 382.431000
50.486570 591.897600 360.391500
50.502930 606.832800 366.544500
50.519040 607.437600 371.080500
50.537840 608.344800 425.344500
50.552490 607.202400 412.975500
50.568360 609.268800 416.356500
50.585450 600.146400 408.219000
50.601560 590.402400 417.868500
50.618160 587.496000 410.067000
50.635740 587.227200 402.349500
50.650630 695.016000 391.534500
50.667480 696.964800 399.073500
50.684330 701.601600 425.817000
50.699710 705.717600 432.663000
50.733150 731.035200 397.089000
50.750240 714.890400 434.878500
50.766110 713.092800 427.623000
50.781980 681.374400 404.019000
50.798830 689.119200 407.589000
50.832280 719.325600 407.064000
50.847900 731.606400 412.996500
50.866700 729.388800 399.577500
50.880860 783.014400 390.064500
50.897710 788.524800 360.486000
50.911620 785.400000 352.201500
50.928220 763.308000 376.950000
50.944820 831.835200 348.631500
50.978760 790.960800 354.816000
51.027590 814.833600 338.604000
51.076660 1053.225600 319.168500
51.093510 1111.135200 353.283000
51.108400 1111.504800 367.752000
51.125490 1077.283200 330.204000
51.141600 1094.856000 366.733500
51.158450 1095.192000 374.766000
51.174800 1113.252000 341.869500
51.191890 1050.907200 390.096000
51.207280 1049.546400 375.595500
51.222660 1130.186400 357.031500
51.239500 1107.993600 328.093500
51.273440 1095.931200 376.068000
51.289790 1052.200800 388.185000
51.308110 1052.906400 395.839500
51.322510 1033.536000 387.051000
51.339110 1036.257600 351.844500
51.371830 1040.709600 349.188000
51.388430 992.056800 352.726500
51.421630 1001.263200 341.323500
51.439700 1017.122400 357.903000
51.455320 1015.627200 370.030500
51.472170 991.552800 393.109500
51.488770 1065.573600 404.386500
51.502690 1066.212000 412.650000
51.521000 1053.780000 402.654000
51.536130 1048.168800 396.889500
51.551760 1047.496800 389.938500
51.568600 1036.257600 370.629000
51.585690 1044.993600 391.776000
51.618410 1024.212000 389.403000
51.635500 1095.091200 392.259000
51.651610 1027.538400 397.635000
51.669680 1004.774400 379.554000
51.686040 1033.418400 394.212000
51.718260 1072.579200 447.552000
51.732670 1114.444800 470.788500
51.765630 1062.952800 387.765000
51.781980 1086.103200 409.374000
51.798830 1085.666400 401.551500
51.814940 1132.756800 362.103000
51.832030 1129.766400 383.155500
51.848390 1129.732800 375.312000
51.864750 1079.013600 406.098000
51.881100 1040.743200 397.215000
51.897460 1041.549600 404.869500
51.913570 1087.665600 393.907500
51.930660 1076.762400 433.608000
51.963870 1071.823200 409.174500
51.979740 1122.525600 378.094500
52.011960 1178.402400 370.408500
52.029050 1176.571200 403.063500
52.061770 1123.634400 396.679500
52.078610 1138.922400 399.063000
52.094970 1138.972800 391.366500
52.111080 1140.484800 373.191000
52.127440 1135.747200 374.062500
52.160160 1165.634400 402.895500
52.176510 1169.229600 413.941500
52.209720 1155.151200 327.547500
52.226070 1154.361600 316.795500
52.242430 1154.193600 325.174500
52.258540 1108.783200 379.858500
52.275150 1093.797600 394.747500
52.291500 1094.150400 402.633000
52.455810 601.036800 383.817000
52.474610 614.779200 400.365000
52.506840 590.318400 405.373500
52.522950 573.367200 373.674000
52.555910 618.273600 397.624500
52.572020 593.628000 422.961000
52.588380 590.486400 414.466500
52.605220 619.147200 373.212000
52.621340 535.332000 407.379000
52.654050 581.044800 369.516000
52.670900 597.088800 380.467500
52.687010 600.180000 389.256000
52.703610 579.146400 409.437000
52.720460 552.871200 389.098500
52.752930 595.879200 418.845000
52.769780 657.417600 437.598000
52.802730 761.947200 404.628000
52.819090 801.796800 428.431500
52.851560 821.973600 415.789500
52.868160 797.731200 400.438500
52.900630 822.040800 438.753000
52.917240 785.988000 423.213000
52.949460 821.419200 422.058000
52.966800 817.152000 400.071000
52.999510 870.895200 408.576000
53.013920 862.562400 417.175500
53.046880 904.562400 396.459000
53.063480 870.189600 410.518500
53.096190 887.728800 423.097500
53.112550 875.498400 410.392500
53.260740 579.482400 465.633000
53.279050 576.206400 457.558500
53.295650 544.958400 467.523000
53.310550 557.323200 454.723500
53.327390 560.263200 461.622000
53.344730 617.803200 449.001000
53.361570 651.974400 485.236500
53.376460 654.057600 488.512500
53.394040 675.864000 477.319500
53.410400 615.988800 407.715000
53.426510 611.133600 396.406500
53.442870 642.247200 443.467500
53.459470 611.973600 422.278500
53.475590 612.108000 422.646000
53.492430 654.124800 411.295500
53.508790 596.937600 402.213000
53.524410 593.913600 393.771000
53.542240 602.145600 414.477000
53.557370 631.159200 436.936500
53.574460 636.249600 451.878000
53.589840 569.940000 482.601000
53.606690 570.477600 527.005500
53.623780 573.904800 534.618000
53.639890 560.616000 493.206000
53.656250 584.404800 468.888000
53.673580 581.582400 461.853000
53.689210 592.737600 458.818500
53.705570 586.588800 461.559000
53.737790 563.220000 443.929500
53.755370 594.720000 459.637500
53.788090 547.209600 474.967500
53.804200 589.394400 502.393500
53.837160 569.200800 466.809000
53.853520 575.971200 466.567500
53.885740 601.036800 459.123000
53.902590 583.413600 424.945500
53.936040 671.496000 474.799500
53.952390 647.404800 446.439000
53.968990 647.992800 450.387000
53.984860 639.693600 469.644000
54.002200 667.413600 506.373000
54.018070 669.244800 509.491500
54.034180 640.466400 489.468000
54.051270 635.544000 495.967500
54.068120 632.990400 488.859000
54.083980 623.800800 449.389500
54.100100 683.020800 419.422500
54.116700 680.668800 410.970000
54.132570 745.130400 440.863500
54.149660 741.501600 435.288000
54.181880 770.196000 449.683500
54.198000 733.773600 494.707500
54.214840 733.975200 498.519000
54.231690 701.383200 430.783500
54.247070 724.500000 455.038500
54.263920 724.029600 450.324000
54.280520 742.341600 442.806000
54.296880 703.953600 472.552500
54.313230 704.440800 476.910000
54.329590 711.631200 447.940500
54.344970 736.999200 489.993000
54.362790 740.594400 504.945000
54.379390 725.642400 512.589000
54.395750 707.632800 506.709000
54.412110 707.448000 502.813500
54.428710 680.013600 518.028000
54.444340 666.624000 488.124000
54.461430 664.322400 480.994500
54.478520 700.711200 478.201500
54.494140 672.856800 474.904500
54.510990 672.571200 470.505000
54.526610 686.112000 427.507500
54.542970 699.871200 472.972500
54.560300 698.040000 469.119000
54.575440 656.644800 437.682000
54.592770 652.008000 431.161500
54.609860 654.696000 439.771500
54.625490 646.682400 449.347500
54.641850 633.007200 459.942000
54.674560 703.046400 455.175000
54.690920 701.736000 476.889000
54.707520 703.634400 483.735000
54.724370 682.063200 489.972000
54.740480 718.586400 505.207500
54.757080 716.486400 497.385000
54.773190 774.849600 483.819000
54.788090 756.453600 437.451000
54.804690 750.187200 423.538500
54.821290 842.822400 487.389000
54.837160 851.625600 487.095000
54.853760 854.095200 493.962000
54.870120 784.862400 497.490000
54.886720 792.052800 499.348500
54.903320 795.127200 506.289000
54.919680 815.404800 505.774500
54.936040 771.556800 505.081500
54.968750 822.158400 465.045000
54.985350 869.652000 489.352500
55.001950 867.249600 482.254500
55.018070 768.516000 458.188500
55.034910 714.235200 475.734000
55.133540 592.804800 426.825000
55.168460 562.665600 412.314000
55.183840 544.807200 424.662000
55.218990 577.264800 400.512000
55.235350 561.590400 414.666000
55.267330 583.413600 399.063000
55.283940 566.277600 440.853000
55.299800 567.134400 444.927000
55.315920 592.788000 452.140500
55.333010 607.941600 500.293500
55.348880 609.907200 503.328000
55.365970 666.288000 788.382000
55.381350 650.680800 881.128500
55.397710 647.656800 875.532000
55.413820 648.614400 812.910000
55.431150 642.835200 792.319500
55.447270 641.474400 792.603000
55.464110 647.203200 821.110500
55.479980 613.183200 805.360500
55.496830 618.374400 812.196000
55.513670 587.916000 957.043500
55.529790 594.736800 920.671500
55.546630 594.619200 920.524500
55.562010 600.986400 913.216500
55.578610 629.563200 930.888000
55.612550 587.680800 948.255000
55.628170 630.151200 952.822500
55.645020 628.236000 951.583500
55.660640 534.710400 945.210000
55.677730 571.922400 959.406000
55.693360 577.348800 963.952500
55.709720 588.907200 953.242500
55.726070 562.363200 947.163000
55.743410 558.028800 941.986500
55.758790 594.300000 1018.027500
55.775880 556.214400 979.986000
55.791750 550.183200 975.481500
55.807860 623.968800 1027.477500
55.825440 538.540800 813.319500
55.842530 542.354400 818.212500
55.857910 597.559200 269.220000
55.875240 616.980000 229.855500
55.890870 617.719200 234.979500
55.907230 618.324000 251.674500
55.924070 618.676800 252.283500
55.940670 623.380800 265.461000
55.956050 674.503200 226.695000
55.973390 632.100000 250.635000
55.989500 629.496000 241.143000
56.005620 619.231200 239.284500
56.022460 596.316000 228.238500
56.040040 593.611200 219.219000
56.055180 615.451200 210.252000
56.072510 615.585600 222.568500
56.088380 616.308000 227.787000
56.106930 616.644000 246.981000
56.121340 615.266400 258.594000
56.137940 617.400000 262.888500
56.154300 666.859200 253.564500
56.171140 649.588800 240.943500
56.187500 647.186400 231.630000
