0.080010 -0.995303
0.276920 -0.777999
0.539740 -0.221787
0.703990 -0.202215
0.786150 -0.159924
0.884280 1.220391
1.180350 -0.876940
1.262730 -0.352423
1.345080 -0.288524
1.393590 1.079522
1.591110 -0.504753
1.689800 0.173396
1.821180 3.484649
2.264880 1.321379
2.461530 -0.457886
2.527780 3.433307
2.906090 1.610622
3.102980 1.754847
3.349050 -0.715313
3.398540 -3.858822
3.611920 -0.370519
3.644620 -0.218484
3.693790 0.425100
3.792850 1.039109
3.940090 -0.491165
4.006360 1.746319
4.334630 -0.259472
4.367950 0.433264
4.482930 -1.034033
4.581600 -0.604293
4.663330 1.927856
4.991980 -0.519767
5.057850 -1.150958
5.140050 -0.085585
5.172780 0.668460
5.370350 0.824692
5.517810 -0.509791
5.566900 -5.029297
5.682320 1.265849
6.009880 -0.894018
6.127820 2.406779
6.404880 -0.017142
6.519530 -0.298035
6.552710 -0.839794
6.618470 -1.249650
6.683790 0.576001
6.848530 -0.316064
6.898540 -0.035325
6.996100 0.197315
7.094860 -0.127469
7.193370 -0.388794
7.275220 2.226381
7.620900 -1.242777
7.673030 -0.211363
7.735430 -2.059129
7.801890 -0.506511
7.835010 -1.214287
7.933360 0.136636
7.965950 0.787116
8.129950 -0.706024
8.179110 0.202432
8.787220 -0.159216
9.066490 -0.192801
9.115350 -0.662210
9.164700 -0.015042
9.279930 -0.544765
9.362160 0.193309
9.460780 -0.081556
9.575230 0.419577
9.657720 -0.404009
9.707020 0.005269
9.854670 -1.145582
9.920940 -0.887670
9.953440 3.010570
10.348120 1.315059
10.595010 1.054867
10.790950 -0.680727
10.840190 0.579044
10.971340 0.994432
11.185230 -0.093474
11.217930 0.713645
11.431880 -4.448050
11.612050 1.038265
11.776510 -0.313760
11.924860 -1.019637
12.006610 -0.005832
12.072520 0.521968
12.221260 0.556913
12.466590 -0.528740
12.515850 0.535961
12.680080 0.300177
12.811940 -1.074932
12.861270 -0.409803
12.975940 0.272211
13.107440 -1.267295
13.173260 0.444067
13.304770 -0.362885
13.370460 -4.987382
13.534230 0.170761
13.600440 0.922209
13.748120 0.267089
13.846720 -0.416835
13.896000 -0.821924
13.945380 -0.860122
14.043860 -0.056788
14.093060 -0.155734
14.243000 3.214432
14.750250 -0.008619
14.783270 1.119926
14.980350 -1.170925
15.080760 0.477565
15.179330 -0.360686
15.228870 -0.157336
15.325290 -0.317966
15.374520 1.014495
15.571940 1.073681
15.768960 -5.190266
15.868420 -0.833176
15.933080 -0.732323
16.015080 -0.957510
16.097300 -2.470190
16.180030 -0.183516
16.245380 1.324788
16.527140 4.389827
17.033620 -0.568028
17.099310 -0.819377
17.165210 -0.736958
17.230740 -0.341168
17.362020 -0.189038
17.396130 -1.172381
17.838360 0.485472
17.937320 -0.422323
18.019170 1.756503
18.233040 -4.071459
18.446360 0.254112
18.577810 -0.646192
18.627250 0.840872
18.824170 -0.557416
18.922780 -1.626032
18.988720 1.484182
19.317210 1.382479
19.631490 2.496332
19.909980 -0.580847
19.958140 1.720002
20.254080 -0.044287
20.286660 0.783343
20.500190 0.269978
20.648290 -0.687121
20.697460 0.247424
20.861670 -5.067543
20.960410 -0.627588
21.009330 0.668751
21.175530 1.463062
21.437080 -0.690821
21.519920 1.536141
21.732370 -0.404914
21.782230 1.206126
22.077660 -1.823565
22.406040 -0.282708
22.455360 1.852026
22.767800 -1.288854
22.868160 -1.538787
22.933400 -0.608338
22.999690 0.176772
23.128960 0.228980
23.210620 1.815873
23.555530 0.334484
23.705190 -0.101801
23.818350 -0.732035
23.900340 -0.751837
23.966450 0.018440
23.999320 -4.645769
24.245080 -0.099805
24.294910 0.446223
24.442620 2.120971
24.803980 1.430726
25.083380 2.283375
25.411810 0.577977
25.527000 -0.505745
25.576130 -0.165577
25.609150 2.819471
26.135490 -0.038117
26.168140 0.396697
26.315730 -0.671209
26.365910 -4.041449
26.628620 1.493084
26.940360 1.554551
27.153450 0.669691
27.269260 0.153058
27.334210 1.362245
27.613380 -1.416658
27.777900 -0.585523
27.909420 -1.161341
27.958430 -1.377140
28.090140 0.929506
28.237600 -0.217188
28.370890 0.328255
28.899250 -0.802286
28.930890 0.003849
29.029260 -0.992499
29.078300 1.562650
29.323910 0.389182
29.422740 -0.265534
29.488090 -0.300290
29.554360 -1.237857
29.604070 -0.419492
29.669320 -4.623541
29.832570 -0.383644
29.930150 -0.948784
29.982320 -0.745835
30.045020 1.009634
30.209450 -0.643329
30.324200 -0.591113
30.357370 -0.351468
30.406360 0.994172
30.554240 -0.760174
30.587040 -0.114888
30.653070 -0.776436
30.702260 -0.031184
30.851880 0.262482
30.899360 3.190608
31.343320 -1.114965
31.425180 -0.341988
31.509240 0.306081
31.589550 -0.848151
31.639000 -0.027254
31.804180 -0.684449
31.836650 1.106029
32.001030 1.332256
32.213740 2.110367
32.446500 -0.098597
32.576970 1.001015
32.755180 0.589643
32.872180 0.001838
32.973270 -5.081943
33.100650 1.002282
33.281670 1.310152
33.461490 -0.496651
33.511010 -0.836920
33.560300 2.201431
33.855960 0.952939
34.053110 -0.357004
34.102420 -0.382182
34.135280 0.260064
34.316090 -0.535066
34.349050 -0.727417
34.414880 -0.010155
34.463840 -0.518837
34.546350 -0.128880
34.579060 2.957097
34.940620 -0.549731
35.038870 -0.012068
35.088110 0.636874
35.188880 -0.846386
35.237530 0.938628
35.434010 -0.282521
35.483010 -0.556948
35.581670 -0.232124
35.631020 0.297300
35.696620 0.463066
35.829020 2.197912
36.156300 0.784659
36.370170 -4.369933
36.553580 0.318555
36.698880 -1.587436
36.796410 0.616852
36.944370 1.446053
37.257030 -1.270948
37.306240 2.635951
37.602010 0.626396
37.767270 -0.841691
37.798670 -0.139199
37.864850 4.793389
38.505530 -0.533597
38.554540 0.850879
38.800960 1.825953
39.031210 -1.128594
39.081020 1.553389
39.342640 0.252006
39.441760 0.643812
39.606000 -1.843470
40.065790 -1.596007
40.131770 -0.113166
40.197000 0.591673
40.365730 5.182978
40.953120 -0.435129
41.035220 1.035751
41.314800 0.910859
41.430050 0.330193
41.577450 1.355569
41.889790 -0.062019
41.940510 -0.283487
41.988400 0.738421
42.168910 -4.178351
42.398980 -0.873335
42.482260 0.095445
42.551780 0.627468
42.645290 1.930273
42.875720 0.897447
43.138570 -0.724049
43.187640 0.320212
43.352070 0.047326
43.417610 0.558106
43.516290 -1.648003
43.582080 -0.012924
43.663830 0.265074
43.795190 2.030591
44.009500 -0.223153
44.107400 -1.086147
44.173380 -0.045692
44.238580 -0.416595
44.306270 -0.081648
44.468800 -1.256218
44.501560 1.047433
44.649470 0.001955
44.700280 2.720499
45.043880 0.702229
45.141810 -0.682988
45.208080 -0.026318
45.240940 1.573986
45.488790 0.012092
45.537790 -0.897342
45.587210 -2.122975
45.849240 -0.216312
45.881940 0.416029
46.030020 0.099521
46.079870 2.567801
46.391110 -0.576101
46.571590 -0.130766
46.604230 -0.496842
46.670330 -0.881537
46.768490 -0.033754
46.801380 -2.427247
46.949390 0.173566
47.015070 0.785836
47.212290 -1.702155
47.294140 -1.218675
47.377660 0.016361
47.476220 -0.726258
47.541570 -0.658240
47.640170 0.735954
47.853890 1.184345
48.050710 0.799555
48.280140 0.803275
48.496650 -1.102817
48.559750 0.460061
48.660580 0.125478
48.742380 0.568195
48.890050 -0.533907
48.953870 1.423107
49.136860 0.610636
49.300910 -0.548528
49.333350 0.121311
49.398920 -0.780148
49.858510 -0.723194
49.972270 7.354863
50.810890 1.606534
51.138860 3.150502
51.518170 0.332854
51.681050 1.160283
51.846410 -0.726663
51.878110 -0.359846
52.141780 0.373435
52.337970 1.122234
52.503870 0.192763
52.600700 0.721158
52.748790 -0.385451
52.781410 -6.044258
52.880010 -0.297146
52.929360 -0.957286
52.978680 -0.661641
53.027920 -0.102444
53.077190 -0.254172
53.126370 -0.059689
53.193000 1.276677
53.421870 1.374887
53.635720 1.327471
53.816290 -0.595605
53.865650 1.362309
54.062870 2.593229
54.457470 3.108659
54.851800 2.808560
55.250770 1.349135
55.475940 -2.433313
55.853870 0.209458
55.936270 -0.985969
56.002080 -0.995388
56.051140 1.583158
56.331350 2.335747
56.609440 0.016681
56.724620 0.359259
56.773980 0.767775
57.037070 0.970845
57.317960 -1.714303
57.382010 1.518811
57.662360 4.481490
58.138540 0.124893
58.204570 -0.373128
58.270620 -0.804650
58.319540 -1.312545
58.418110 0.668793
58.581660 -3.606520
58.859920 -1.402129
58.908820 -0.098911
58.958410 -0.437669
58.991330 0.363998
59.090000 0.213845
59.188350 -0.209004
59.237540 1.620595
59.516640 -0.426364
59.615680 0.367115
59.681600 1.057166
59.927740 1.068029
60.141430 -0.550727
60.174220 -0.299696
60.272850 -0.233756
60.322070 -0.859117
60.371300 -1.085830
60.420720 -0.467360
60.521000 1.637545
60.767310 1.251292
61.014780 0.573577
61.161350 0.026696
61.228200 0.784365
61.424980 1.710433
61.605580 0.293391
61.704400 -0.668329
61.752740 1.162439
62.015750 -1.242758
62.049570 -0.338361
62.098490 -0.237244
62.229790 -5.326226
62.375340 1.028149
62.539880 -0.459511
62.589230 0.391267
62.671230 1.678974
62.884510 -0.816418
62.934180 -0.682945
62.983510 -0.234389
63.016010 -1.015122
63.081890 0.362607
63.163860 -2.182437
63.280010 -0.366034
63.329430 -0.213650
63.430120 0.125686
63.495090 -0.234608
63.528890 -1.846726
63.676060 -3.203996
63.969180 -0.046236
64.084210 -1.521229
64.149770 1.209008
64.363210 -0.891076
64.396130 -0.485384
64.445550 0.757373
64.544120 -1.582607
64.609660 -0.186931
64.675220 1.506257
64.956060 2.136516
65.250480 2.659633
65.661380 -0.493974
65.710330 -0.286050
65.874520 1.565347
66.137550 -4.475558
66.318310 2.739198
66.630590 0.584729
66.778280 -1.102843
66.827200 0.844889
66.975720 -0.085902
67.074100 0.696856
67.188760 1.082744
67.369590 -1.555536
67.435330 1.279165
67.648920 2.030753
67.912030 0.491719
68.012050 3.532795
68.456370 0.188438
68.554880 -0.632628
68.601650 -4.939502
68.716740 0.362345
68.799520 -0.776411
68.847910 -0.419562
68.946720 -0.892008
68.996060 -0.403629
69.111170 -0.426640
69.144130 0.226043
69.341010 -0.639181
69.390530 -0.574809
69.439780 1.444507
69.652870 1.514980
69.932440 0.709870
70.031150 0.309751
70.227900 -0.648273
70.260540 -0.256794
70.359380 2.322025
70.678520 0.581136
70.820170 0.030380
70.968090 -0.321323
71.017140 1.814749
71.230950 -0.508608
71.263390 -0.878513
71.313210 1.894713
71.608770 -0.814479
71.660290 -0.551461
71.706830 1.462389
71.920910 -0.297441
71.953590 -0.128637
72.002560 1.670513
72.249310 -0.476155
72.347850 0.196100
72.380590 -2.544735
72.725640 0.303175
72.856830 0.673962
73.004980 -1.064212
73.086940 -0.501706
73.136420 -0.346374
73.251630 -0.207241
73.349820 -0.470597
73.399210 -0.562272
73.497660 1.603637
73.711110 0.023017
73.777050 0.249260
73.941180 -0.616100
73.973810 -0.507315
74.024770 -0.971798
74.075680 -0.209554
74.123410 3.057188
74.469570 -0.604766
74.583080 -0.887459
75.027890 -0.029038
75.109500 -1.139991
75.207950 -0.664308
75.256140 0.138600
75.287510 1.249765
75.501930 -0.671788
75.552930 -0.941239
75.602410 -0.033773
75.651650 -0.840190
75.701160 -0.761485
75.748210 -4.363745
75.977910 0.598258
76.224240 0.276151
76.290320 -0.554499
76.372260 0.974722
76.602180 0.689363
76.684610 2.980659
77.046560 -0.416510
77.129880 -0.785371
77.177730 -1.412063
77.227460 -0.930846
77.276240 -0.349708
77.345630 1.582116
77.587880 0.728383
77.752080 0.027129
77.820790 0.398325
77.900320 1.187697
78.066580 0.107365
78.163200 -0.596609
78.215720 -0.605478
78.328830 1.105467
78.508840 -0.412717
78.541880 -0.064488
78.689610 -0.379513
78.754660 -0.070752
78.902580 1.156158
79.132590 1.584412
79.346530 -0.481930
79.428080 -1.085604
79.510520 1.574579
79.756390 1.419966
80.002450 -0.030208
80.085090 -0.498337
80.150950 -0.618494
80.183740 -0.663006
80.282660 0.470514
80.430000 2.644478
80.775080 -4.332950
80.939260 -0.449858
81.005010 0.401064
81.120090 0.687252
81.366390 0.547645
81.530080 -0.174969
81.612920 1.002440
81.760720 -0.444772
81.842950 -0.187683
81.925270 -0.390960
81.957980 -0.648240
82.007100 -0.217535
82.122140 -0.132123
82.204230 1.360431
82.401710 1.277331
82.680660 1.180651
82.845100 -0.814378
83.058770 -0.446879
83.091210 2.151206
83.337850 -0.322635
83.370930 -1.202269
83.436620 0.012239
83.485740 2.448159
83.781360 0.611459
83.978550 -0.354770
84.027600 -0.573178
84.126210 -0.824029
84.192240 -0.505976
84.241290 1.593644
84.520740 -0.009233
84.717920 -1.328884
84.767020 -0.340434
84.816380 -0.575156
84.883230 -0.931272
84.914880 -0.570899
84.964420 -1.372173
85.277150 -1.153092
85.325520 0.589904
85.506290 -0.788010
85.555820 0.167401
85.654170 -0.943780
85.703440 1.341647
85.917180 -4.767045
86.130530 1.310699
86.459270 -1.447274
86.508460 -0.335876
86.590570 -0.635054
86.655820 -1.127987
86.689370 -0.882024
86.737940 -0.005799
86.919000 -0.343608
86.968440 0.207170
87.034770 1.261427
87.182930 -0.623462
87.313820 -0.050514
87.494620 1.199073
87.675560 0.188646
87.741000 -0.645788
87.773460 -0.248910
87.822930 0.178684
87.921170 -1.159793
87.987130 0.061204
88.069570 -0.907804
88.118690 0.338961
88.233590 0.688571
88.414070 0.157976
88.562250 -0.230886
88.611580 -0.339143
88.644170 0.049700
88.693580 -0.301082
88.759210 -0.801865
88.808590 -0.116995
88.890620 -0.370585
88.939900 -3.739122
89.039990 0.129986
89.170280 0.506618
89.285030 -0.279681
89.383870 0.838389
89.498890 1.242044
89.679020 -0.078831
89.744910 0.370087
89.826710 0.022839
89.991160 2.831360
90.286920 0.823430
90.484200 -0.522037
90.533350 0.457460
90.682590 -0.793698
90.714560 -0.436614
90.812420 -0.058235
90.878560 0.993640
91.028100 -1.158283
91.075710 -0.838400
91.127080 0.043783
91.225360 -0.869677
91.348120 -0.599972
91.374020 -0.368761
91.420950 -0.224623
91.471520 -0.012371
91.553610 -0.233173
91.601680 0.046635
91.733280 1.703093
92.028660 -0.818619
92.061290 -2.619600
92.341160 0.015602
92.406780 -0.466235
92.455800 -0.007030
92.604090 -0.571878
92.653100 -0.354008
92.685630 -0.797534
92.753790 -1.243196
92.801290 -0.052512
92.899650 1.220409
93.081140 0.722249
93.260580 -0.637802
93.359050 -0.536488
93.392170 -0.393213
93.441030 -0.771494
93.490490 0.203356
93.671240 1.002462
93.868430 -0.302387
93.917920 0.387444
94.082280 1.347126
94.279350 -0.336549
94.377720 2.133458
94.640880 -0.641150
94.689840 0.906056
94.870630 -1.680449
94.920080 0.088855
95.018140 1.019972
95.182520 -3.492886
95.429310 0.563043
95.708350 0.438094
95.807110 -0.055308
95.856220 0.357625
95.954930 -0.011239
96.069620 2.479951
96.447640 -0.673186
96.562800 -1.202469
96.644290 -0.098772
96.792470 -0.669387
96.841850 0.325230
96.923930 1.756518
97.137750 0.529793
97.285880 2.919866
97.663490 1.122717
97.828070 -0.603962
97.894870 -0.360863
97.926480 0.249563
98.008540 -2.193361
98.485820 -0.265178
98.518670 0.520645
98.633490 -0.263760
98.682550 2.712271
99.010720 1.249002
99.307620 -0.025633
99.405020 -0.295775
99.454990 -0.366981
99.487370 0.210899
99.585820 0.273639
99.653430 1.061071
99.799080 -0.949847
99.865850 0.793094
100.094760 0.212364
100.211360 -1.223718
100.242440 -0.759136
100.291760 3.290258
100.686330 -0.456356
100.735770 -1.267132
100.801840 -0.447006
100.900430 -0.551627
100.933310 0.111318
100.968880 -4.941681
101.064700 2.238662
101.359440 0.263000
101.425060 -0.658627
101.475040 -0.790445
101.524350 -0.407884
101.624900 -1.073392
101.688500 0.063132
101.820080 0.846304
102.066340 -0.617146
102.230860 -0.474556
102.313960 -0.686377
102.345280 1.548740
102.592260 1.119090
102.789150 1.119090
