0.000000 269.115066 222.622297
0.016980 121.596500 99.815482
0.033020 -58.797560 -40.529415
0.049580 -4.656751 20.764330
0.065800 -17.195227 -16.857965
0.082000 -55.844322 -90.764670
0.098450 -67.641977 -117.749851
0.114610 -61.849581 -92.234467
0.131410 -33.238746 -42.930854
0.147990 -21.232040 -43.886027
0.164640 -17.346626 -28.486786
0.181200 -6.466153 10.278559
0.197420 -11.881752 23.329006
0.213810 -5.751043 13.923595
0.230290 2.302425 -6.602944
0.246380 0.578527 -14.997799
0.264880 10.203182 2.004693
0.280430 4.886376 -9.265527
0.296620 -2.267569 -25.117777
0.314240 -16.725377 -37.531467
0.331480 -23.399411 -31.567395
0.346040 -7.795924 -2.685486
0.361590 -6.416969 -0.320088
0.377760 3.877483 6.853753
0.394330 5.382864 2.378701
0.411190 -0.011039 -13.254332
0.427440 -6.234374 -16.873015
0.446350 -8.697216 -5.745372
0.460750 -5.262570 -4.675762
0.476990 3.878731 -0.061575
0.493000 9.137749 -7.596444
0.509870 4.346450 -5.632053
0.542370 6.566410 -0.289514
0.558750 17.817230 -4.792649
1.018830 7.694495 0.554407
1.035250 -3.989158 4.037737
1.232270 -11.160455 4.419068
1.248730 3.973242 0.301021
1.281540 4.871783 -3.953669
1.298280 -12.853534 2.550736
1.330990 -10.225525 9.411853
1.347580 -4.431359 5.395372
1.363820 4.989053 -3.629824
1.380100 0.781954 -11.503312
1.760620 -3.933812 -4.316239
1.774340 -23.145955 2.004433
1.790130 18.982715 0.240131
1.806690 63.341983 -2.553193
1.938860 70.046271 3.072418
1.955180 27.638351 9.571623
1.973500 -20.693934 3.207144
1.988190 -7.680016 -8.221917
2.004910 -1.014605 -2.536275
2.136060 -1.347627 7.342021
2.152250 -7.581686 9.636811
2.168950 -7.524072 5.281179
2.185820 -10.049887 -4.779961
2.201900 10.742116 -5.423679
2.218170 20.748142 -3.497154
2.480680 32.173964 1.084998
2.497500 15.460831 1.120014
2.514740 -11.311670 -3.814689
2.530360 -7.444570 -5.192078
2.546600 -5.448795 -5.699132
2.563110 9.729838 -5.324442
2.580860 10.040852 5.078310
2.678670 0.769139 6.824572
2.694730 -1.800264 5.584112
2.711210 -2.427180 0.674603
2.727550 -5.710025 -5.633281
2.743960 7.375917 -0.912608
2.777110 11.874569 -4.399008
2.891620 22.804953 -0.096190
2.907650 17.890454 -0.764011
2.924420 -9.252825 -3.968767
2.957370 6.696231 -2.399044
3.006230 19.746544 -2.998415
3.220120 23.260341 3.551073
3.236470 7.893005 4.956012
3.252960 -10.821467 4.866982
3.271650 -2.106180 -0.904645
3.287860 1.213987 -1.166845
3.318820 -2.015638 6.326829
3.335070 -3.182481 11.055950
3.351580 -4.446368 7.283944
3.367940 -2.045277 3.154194
3.400500 1.634188 1.631607
3.417300 -0.049335 2.912480
3.433720 8.641606 -8.370299
3.450090 3.913246 -13.953720
3.504010 -4.267741 -6.871781
3.519230 -6.049509 -3.709663
3.531770 4.251031 -2.420687
3.548460 6.351530 -6.878089
3.565000 -0.126835 -4.268157
3.630740 4.808650 1.291908
3.646970 11.467649 8.858825
3.844440 11.941179 13.867244
3.860720 -7.744018 12.220403
3.877230 -3.631715 -3.546111
3.893430 5.107382 -11.941364
3.910400 4.091949 -9.232236
4.008640 9.133779 3.580702
4.025310 10.887510 16.281496
4.057920 4.363689 10.876051
4.074130 0.465339 4.320138
4.090700 0.275899 -0.411860
4.107250 3.407382 -3.883423
4.123870 6.856182 -1.467228
4.140110 5.504746 -1.292310
4.156660 2.125536 -3.216879
4.172940 -1.583189 -6.561146
4.189350 -3.120633 -7.113398
4.205960 -3.509908 -3.291260
4.222110 -5.055022 9.469291
4.238450 -9.609809 17.595330
4.255190 -5.079633 22.625790
4.271410 1.483573 11.547354
4.288040 -0.337824 -6.618066
4.304470 4.164383 -13.081121
4.321010 7.172605 -6.882957
4.337050 3.363415 8.253082
4.353940 5.883245 3.293953
4.370210 6.044973 -3.358528
4.386200 7.239179 -13.479712
4.403200 1.208203 -9.301465
4.419240 -1.355415 2.751361
4.435760 18.764520 6.829676
4.452330 -19.009063 0.039341
4.468550 -94.107063 -12.763996
4.484920 -125.135679 -16.514078
4.501560 -81.676086 -6.274919
4.517850 -12.214501 0.078091
4.534350 -2.992210 -2.990051
4.550830 -10.008983 1.843503
4.566880 2.489520 7.156165
4.582960 9.723524 13.312502
4.599880 12.962143 -0.396927
4.616210 -1.181551 -10.235675
4.632510 -22.261675 -7.805313
4.649140 -28.113109 -5.523294
4.731090 -17.708699 1.403739
4.747560 3.737152 4.038470
4.763870 11.131648 6.418411
4.780270 10.819614 2.004339
4.798280 7.640245 -9.171087
4.815510 -1.290920 -4.894320
4.831680 -8.461922 1.011916
4.847080 -4.157200 -2.657133
4.863660 -0.228870 0.104459
4.929890 -0.571155 5.836788
4.945080 7.425819 6.356813
4.961760 12.146492 -4.605280
4.978070 5.331525 -9.495140
4.994580 -0.993812 2.159905
5.027540 -2.579987 16.373026
5.044820 14.111218 12.763523
5.060710 4.713873 -2.861798
5.076510 1.522626 -13.859707
5.093570 9.477760 -13.610134
5.323880 13.606580 0.488367
5.357560 13.218943 7.374296
5.374590 -1.725486 8.712357
5.388430 6.399277 1.638436
5.405110 -5.033247 -2.871982
5.421140 -15.711843 -3.408998
5.438020 -18.518806 -0.918066
5.454360 -15.372787 0.113060
5.470790 15.177610 -3.738607
5.487240 21.645664 -3.264513
5.617970 16.911971 -2.694748
5.635120 7.626447 3.858661
5.651700 1.676189 0.967094
5.667920 13.195278 -2.520019
5.684490 7.421434 -0.709998
5.701480 -8.083615 1.598457
5.717290 -15.842679 4.799146
5.733610 -7.965249 4.270779
5.750320 5.384225 3.436217
5.766460 10.684957 2.647209
5.782990 5.649310 -6.061252
5.799580 2.889230 -9.663746
5.815570 3.880092 -4.067154
5.931110 5.055665 7.891106
5.947540 6.172639 11.991406
5.963700 9.542858 7.806873
5.980190 2.316828 -5.287109
5.996220 -5.893982 -9.703937
6.078430 -5.701632 -6.623713
6.095110 -1.966643 -0.624771
6.111280 -1.823514 9.544923
6.177280 6.083874 6.125780
6.193630 25.467324 2.291679
6.210070 36.223920 -8.114577
6.226500 12.273285 -11.185854
6.242780 -13.896154 -1.170295
6.357930 -14.550152 9.031661
6.374480 -3.693677 3.915746
6.390790 5.098460 -0.551832
6.406850 0.639090 1.857018
6.423750 -1.669422 -0.462376
6.440230 -1.601751 -3.186470
6.456480 -1.996735 -5.812286
6.473070 0.250343 3.300002
6.489590 13.345093 8.090429
6.505460 19.745788 4.766020
6.522230 12.363107 5.375643
6.538600 1.228353 4.515990
6.554920 -4.006624 -3.773435
6.571350 0.396988 -7.775921
6.588180 7.152493 -7.066686
6.604130 -0.489950 -4.695774
6.653170 -2.013483 -2.943598
6.670290 -9.533256 -1.301572
6.686680 1.307592 -1.558384
6.702510 13.174940 -3.604873
6.950060 15.309732 -0.238525
6.983990 7.348584 5.566911
6.999560 -5.655397 9.640355
7.020540 -1.778413 1.498913
7.032640 7.281482 -8.724336
7.047880 27.543740 -6.616199
7.064450 29.116746 1.361941
7.114040 11.640299 10.325885
7.130130 -7.520254 3.267892
7.146500 -12.172501 -5.651853
7.163060 -1.965357 -4.797894
7.179640 6.494695 5.646702
7.195940 3.048615 18.224339
7.212450 5.469096 4.857389
7.228550 13.085156 -2.021067
7.245060 12.196430 -5.862212
7.261830 4.317265 0.466440
7.294360 -3.283987 6.666148
7.310760 -2.300383 1.541372
7.327740 -0.319715 4.097634
7.343580 -4.365466 1.214172
7.360210 -1.402596 5.358088
7.376590 2.969716 4.992682
7.392680 -0.130805 0.654259
7.409480 12.175714 -4.525016
7.425960 17.401705 -2.112366
7.444850 14.053681 6.186315
7.458830 1.270543 8.207788
7.475460 -14.770507 11.694080
7.491560 -5.086589 -4.850655
7.507900 1.186125 -10.586898
7.540860 22.918507 -8.106165
7.557280 -15.703035 -7.144705
7.573840 -100.606323 -10.668176
7.589860 -132.297496 -22.201046
7.639160 -89.126614 -11.974844
7.656100 -4.519558 -0.415404
7.688280 11.453132 1.599970
7.704880 -14.808878 -1.935014
7.771270 -20.503300 7.847087
7.820220 -8.031520 16.413688
7.836590 9.878332 15.207063
7.853030 5.530188 10.347315
7.869720 -3.291434 10.747919
7.885510 -2.039568 -0.157410
7.903980 -6.893457 -7.791775
7.918810 20.306390 -21.631427
8.166030 16.739477 -10.741044
8.182980 4.914351 2.139255
8.198180 -11.750006 7.589994
8.214230 -15.691391 6.058582
8.231640 28.650649 -12.072968
8.247280 31.612029 -9.243128
8.378850 22.175866 -4.674344
8.395280 -5.601488 1.869659
8.411830 18.734770 -2.802657
8.429370 45.204174 -4.787522
8.526440 40.437106 1.406598
8.608570 12.662323 9.405544
8.624730 -17.318123 6.442724
8.641330 -5.156414 1.200373
8.674270 -14.356902 -6.240233
8.690900 13.760894 0.162513
8.707690 37.753293 9.681751
8.723330 37.017316 12.805296
8.739870 18.590668 6.047336
8.756650 -0.691563 -2.735483
8.772980 9.889106 -9.161022
8.789460 4.079360 -13.956649
8.806060 -1.651616 -6.695234
8.823200 -2.913009 -0.035253
8.839830 2.659604 6.059835
8.857210 10.801884 0.258845
8.874440 -0.968748 -1.418389
8.889720 4.293902 6.674205
8.920620 11.022281 12.130075
8.938960 12.639905 13.743863
8.954670 4.870044 10.987644
8.970870 -11.904699 14.089221
8.989350 -1.404372 7.699060
9.004170 3.013494 -2.053721
9.020000 1.610560 -6.695494
9.038130 -1.913414 -7.394947
9.053310 0.740407 -5.766070
9.069380 5.533780 -8.067628
9.087230 11.278743 -6.712340
9.102460 5.521040 -3.125959
9.117630 -3.897822 -2.695386
9.134570 -7.306281 -2.000488
9.150820 -1.395450 1.747999
9.167420 10.467244 6.767039
9.184100 3.521816 10.897268
9.200620 -2.363820 6.996914
9.216770 -2.972022 0.937795
9.234210 -3.507073 -10.388640
9.251460 -0.843690 -8.223784
9.267170 -1.110932 -1.336447
9.283620 6.113323 2.394460
9.300000 10.548673 -0.340952
9.316120 5.736185 -7.564783
9.331180 5.012568 -9.452256
9.347760 -5.142994 -7.703950
9.364380 -5.040354 0.732161
9.380710 -7.102326 7.102837
9.397260 -52.465138 9.385532
9.413730 -69.965179 4.418052
9.429780 -88.897825 -0.411907
9.446660 -63.255098 -4.854885
9.462770 -26.893853 -5.719807
9.479230 -14.270635 -9.912686
9.495770 5.288239 -11.405447
9.512250 -11.370720 -9.456367
9.561290 -14.187883 3.972784
9.610890 -11.885041 15.442057
9.627430 -5.446565 7.568209
9.643620 1.351408 -8.480947
9.660190 0.518039 -9.524745
9.676860 -6.329074 7.861902
9.725920 -3.996719 18.043242
9.742680 -1.243286 17.814064
9.758740 11.616898 6.083841
9.774930 8.924987 -1.949853
9.807590 2.875545 -9.508702
9.825580 -0.661357 -15.488413
9.840760 -9.891412 -12.507144
9.857010 -7.038588 -7.504745
9.874010 -6.031250 -1.803147
9.891450 4.463871 11.353136
9.907290 14.420222 19.944315
9.924700 1.642353 15.176277
9.940540 6.197249 -1.355160
9.956910 12.424992 -16.757977
9.973740 23.937580 -6.393909
9.988560 24.622904 3.131606
10.004960 11.787205 5.428451
10.021670 9.716871 0.777999
10.037870 -2.170032 -0.428801
10.054610 -3.236996 3.762424
10.072050 -0.403415 4.824735
10.103870 -5.302642 -4.201384
10.120360 -3.138779 -2.388270
10.154460 26.426120 -2.636860
10.169970 48.897279 0.212865
10.202420 45.557586 2.427162
10.219130 9.468573 -7.366145
10.235110 -9.424342 -8.226170
10.251540 1.001336 -12.608717
10.268390 -0.877865 -6.482371
10.284440 -1.691991 1.323144
10.300670 -2.282615 6.620665
10.316880 -8.719180 10.466988
10.333330 4.451660 5.930378
10.350300 7.970391 -2.764427
10.366960 35.749587 -5.283778
10.382950 39.436906 -4.991194
10.399670 26.540124 1.335053
10.416610 21.814221 1.515523
10.447980 5.929707 1.913206
10.464860 2.104781 3.563879
10.481190 -11.437746 3.101622
10.497450 -9.345105 6.200846
10.513920 -2.653102 4.878064
10.531620 17.742192 1.932699
10.547350 22.212533 -0.439386
10.564470 8.092952 0.904173
10.596880 -5.127153 2.640050
10.613310 -11.243132 3.864166
10.645220 -3.758663 5.289709
10.662120 -3.543857 1.472308
10.679140 0.475887 0.125890
10.695420 24.697220 2.050768
10.712170 -9.066185 2.045782
10.733660 -79.476300 -1.137759
10.746730 -104.333446 -6.911995
10.761120 -81.609445 -3.127801
10.777970 -33.103131 4.253153
10.793850 -21.018348 4.208685
10.812100 -21.079360 0.805029
10.828830 2.842806 -10.652039
10.842960 6.611171 -18.524065
10.859240 9.560588 -13.552531
10.875630 2.204699 -3.530445
10.891770 -7.975532 6.510535
10.908580 -5.357988 9.300212
10.925000 0.887505 9.744647
10.942660 6.224733 7.249754
10.962220 9.356673 0.696293
10.974460 -2.444533 -6.697502
10.990660 -16.188198 -13.347210
11.007160 -11.225251 -1.262042
11.023710 -2.917395 5.354142
11.039900 5.201780 5.389584
11.056170 5.863965 8.565605
11.072950 1.207372 12.134257
11.089170 -4.127901 18.341550
11.105650 3.467491 9.044160
11.123320 7.447934 -4.570216
11.139680 10.083646 -7.957287
11.157060 -1.270392 -11.440936
11.172900 -7.671850 -6.817673
11.187930 1.170134 -0.324412
11.204350 -0.135341 -0.347332
11.220760 3.311244 0.384640
11.236820 -2.595412 -4.547037
11.253540 -10.830767 1.668822
11.287960 -14.530873 7.932383
11.303510 -2.777441 8.838859
11.319370 23.845762 -0.471308
11.335860 33.818547 -10.824520
11.352200 18.344990 -11.671492
11.368730 -2.948470 -3.832363
11.385540 -10.236450 3.925386
11.401660 3.835633 10.152742
11.419590 4.752699 10.563436
11.434770 3.040146 5.637747
11.450880 9.827561 8.366495
11.483780 14.425401 8.528699
11.500550 0.898885 3.196653
11.516490 -16.050293 -14.911372
11.532780 -17.344963 -25.969106
11.550420 -1.308726 -17.866941
11.567120 19.522567 -6.102223
11.582870 19.129879 1.464369
11.600220 14.852276 3.287668
11.617080 2.623047 11.915208
11.631500 2.166290 15.717641
11.647930 5.914925 10.102770
11.680740 10.284688 1.595551
11.697200 -6.526716 -1.427249
11.713240 -14.909963 0.162088
11.729920 -16.354115 0.861075
11.747010 20.227120 -1.159426
11.763020 31.119940 -2.077255
11.780090 7.538363 0.499425
11.796940 -8.315582 -1.169255
11.814580 -10.380559 -1.867816
11.829800 14.467136 -2.379338
11.845440 9.103952 -2.417332
11.877750 2.945559 -1.564622
11.894350 -0.413887 -1.961690
11.909880 -0.356159 2.906006
11.926590 18.318075 8.841742
11.943530 23.324300 5.717633
11.976750 12.751161 0.871046
11.993360 1.355642 5.586262
12.009610 -3.180704 12.167879
12.025910 9.484526 13.403632
12.042140 6.509023 5.564028
12.058870 0.604347 -6.261569
12.074840 -0.829362 -7.088849
12.092670 -2.950360 -8.061910
12.108810 -4.931817 -3.936846
12.125630 -5.505086 2.027967
12.143020 2.040513 -3.523570
12.158280 14.544028 -9.879821
12.173610 16.589438 -14.762545
12.190160 12.552012 -4.850254
12.206540 0.009489 10.105842
12.222930 -4.197651 12.054421
12.239430 -1.758717 13.311533
12.256440 -5.009808 -0.852805
12.272290 12.560518 -13.485760
12.288670 -44.975090 -9.157478
12.305150 -85.208604 -0.837069
12.322340 -74.343092 8.702410
12.339070 -33.632966 5.111649
12.355350 10.711646 0.218205
12.374360 -13.707326 0.799146
12.387280 -6.412924 0.793428
12.404220 -0.161880 -4.856279
12.419910 -3.056781 -8.962550
12.436230 2.898228 -5.931087
12.452970 -1.190964 -1.824813
12.469420 -0.878508 9.594754
12.486080 -5.359085 0.084187
12.518370 -4.327132 -7.635454
12.534930 2.470883 -7.847300
12.551650 -5.737471 4.040596
12.567540 -8.348358 18.543368
12.584460 0.182597 11.367289
12.601100 3.669406 -6.555405
12.616930 1.025531 -18.040596
12.633820 -3.681655 -6.584798
12.650090 -0.615046 10.411251
12.666310 9.559454 20.173536
12.684100 9.516169 8.000786
12.705490 3.643812 -4.175393
12.715650 -4.189939 -11.829394
12.732540 -2.897698 -8.776530
12.748840 -5.272966 -8.181868
12.764940 -4.027908 -12.147701
12.781370 -6.445739 -1.078807
12.797640 -2.887907 14.777312
12.814320 -0.691488 27.697777
12.830640 14.170078 9.265267
12.847350 28.944043 -16.546139
12.863570 28.895321 -27.485486
12.879840 9.147389 -17.097752
12.896640 -9.860678 2.278683
12.913070 -3.290036 7.159189
12.929090 4.365277 10.978452
12.945450 4.576454 2.269019
12.962230 -3.748078 -7.694688
12.978670 -2.446272 -1.911292
12.994950 6.393531 1.600111
13.011520 17.324814 3.716374
13.027790 1.670216 -3.921795
13.044490 -10.643146 -4.189452
13.060580 -12.180855 3.968129
13.077410 3.800286 2.625211
13.093730 22.266097 3.409092
13.109730 19.078884 5.854154
13.126240 17.769599 7.313455
13.142900 2.351457 3.737568
13.159380 -5.645568 3.993765
13.175480 -5.362487 -5.231608
13.192400 0.609262 -2.731041
13.208600 8.759820 3.325024
13.224950 8.725645 6.160584
13.241470 -7.089133 5.458671
13.257930 -22.192914 -3.406848
13.274080 -10.009323 -14.722710
13.290990 2.125385 -15.947341
13.307740 7.252221 -9.127282
13.324840 -2.649208 -2.530439
13.343150 -5.513441 9.112066
13.360990 1.121706 12.804375
13.372730 7.604671 17.579736
13.389270 16.610116 10.717865
13.405500 18.061850 -2.535968
13.421890 10.282684 -3.147342
13.438160 -0.318392 -8.625525
13.454570 -7.691357 -17.376760
13.471360 -8.881209 -7.943441
13.503940 -4.214852 6.848059
13.520920 3.082337 16.975697
13.537370 3.779153 12.676953
13.553860 -2.075785 4.329424
13.570370 -6.674229 2.082335
13.586230 1.698607 -5.576787
13.602780 10.539941 -11.984224
13.619200 10.965386 -10.709194
13.635960 6.864234 -5.118028
13.652130 1.275798 -0.064339
13.669970 -4.489730 2.458894
13.685290 -9.828317 6.062009
13.701390 -8.061688 11.795276
13.717790 -3.951089 5.323874
13.735570 0.795753 3.304940
13.751480 -4.694366 3.828512
13.769090 4.738031 3.158801
13.785750 4.804680 3.179310
13.800430 -0.911171 -1.780960
13.816820 -9.445928 -6.424625
13.833150 -14.081278 -14.087945
13.849170 -7.278760 -16.708502
13.866150 -8.535225 -8.656028
13.883040 0.628580 -2.808233
13.899700 5.434165 -6.213652
13.915220 3.543819 -9.216452
13.931850 -5.626590 -12.600708
13.948010 -15.433650 -10.658678
13.964390 -5.475598 -11.821337
13.980990 -0.063247 1.272722
13.998260 -1.648629 19.898125
14.013670 -1.826009 28.254558
14.029630 1.623224 25.496416
14.046040 2.858495 15.054126
14.062810 13.262039 14.520746
14.078890 19.720801 9.608056
14.095580 16.448622 0.923406
14.113020 6.773617 -7.580850
14.128540 -9.533105 -14.886067
14.144930 -9.608524 -19.599442
14.161680 -5.578011 -10.630656
14.178220 -0.193523 -3.276020
14.194400 3.572702 -2.072104
14.210950 -6.042138 -7.633398
14.227430 -1.956360 -16.638378
14.243770 15.661716 -10.908232
14.260190 -17.112930 -9.105592
14.278060 97.925630 24.759595
14.474810 83.845405 36.960718
14.491090 9.760534 26.213033
14.507030 -60.492071 8.988186
14.523880 -71.050095 -0.216314
14.539060 59.165158 14.916546
14.556660 26.325837 7.467957
14.589080 10.398818 2.226087
14.606780 -1.355415 -8.447467
14.621960 -6.873496 -16.384272
14.638780 -5.121899 -20.201840
14.656250 -0.688766 -13.687583
14.670840 4.844640 -2.829239
14.687180 2.702286 3.496657
14.703580 3.317066 2.623345
14.720090 6.508834 -4.337646
14.736420 10.811865 -5.185911
14.754760 3.794540 4.496804
14.772200 -6.267528 12.486446
14.788130 -6.501273 11.512787
14.804000 -10.087993 1.527951
14.820680 0.270229 -2.377685
14.837300 11.991912 1.177548
14.853360 0.934232 7.731524
14.870150 -1.442102 8.684642
14.885540 -1.437149 -0.218653
14.900270 9.062670 -10.495696
14.916990 6.228211 -12.541427
14.933030 -10.689682 -1.844992
14.950030 -4.184306 0.108051
14.966200 -2.240387 0.935905
14.983220 -4.374766 2.661575
14.998960 -1.331825 7.191110
15.015500 1.974960 5.861952
15.031560 1.613546 -5.142483
15.047900 6.522595 -9.084610
15.064710 2.452132 -8.381782
15.081010 -0.529040 -6.362767
15.097840 -12.550575 -5.131425
15.114200 -9.167312 0.932219
15.130360 4.063709 9.273608
15.146990 9.568641 10.561191
15.163540 12.301411 4.447469
15.179750 2.133400 -2.021327
15.195920 10.183108 0.578295
15.212370 10.933329 2.989082
15.228840 9.653511 1.159946
15.245570 3.531192 -0.246086
15.262040 -5.255992 -1.377630
15.278150 -3.155602 -1.541538
15.294680 -4.002238 -1.081453
15.311450 5.940821 3.924866
15.327620 16.348482 10.386395
15.344250 4.314089 10.789574
15.360570 -10.003879 4.382256
15.376450 1.884758 0.709431
15.393480 16.155914 -2.646665
15.426210 14.949921 -7.693129
15.442540 4.341687 -7.045587
15.459010 0.210421 -5.392584
15.475490 7.896559 0.129245
15.491970 -1.183328 -11.917595
15.508120 -5.237165 -8.559061
15.524640 5.700233 5.260646
15.541020 0.897410 10.776839
15.557310 -63.488176 5.723587
15.573940 -98.031970 -5.196946
15.590230 -104.433685 -3.448976
15.607030 -56.985184 0.864029
15.623030 -9.741859 2.369911
15.639860 -9.603988 8.057374
15.656110 7.623309 9.519146
15.672410 -5.531852 0.922130
15.689120 5.371711 -4.192783
15.705720 -6.332023 -10.480740
15.721660 -29.090967 -10.125453
15.738600 -9.987926 -6.702133
15.754490 13.681696 0.204500
15.771240 29.238080 6.828873
15.787640 4.047188 10.651047
15.804050 -14.549056 16.130591
15.820190 -4.686956 17.092673
15.836940 -1.818032 6.310904
15.853150 1.562812 -7.761980
15.869540 -3.662034 -15.143010
15.886310 -2.361514 -7.702415
15.902220 2.812675 6.219819
15.918760 8.064561 16.619170
15.935840 6.319434 14.603039
15.951710 -0.291324 2.443347
15.968320 -4.751035 -7.560152
15.984710 -4.073803 -5.490616
16.001130 0.641547 -2.230317
16.017300 3.079841 -2.915504
16.033780 5.940254 -1.293396
16.050510 2.757859 7.661184
16.066360 -6.961996 14.723301
16.083080 3.230569 -4.433954
16.099850 17.100455 -22.037461
16.116320 24.179466 -26.366973
16.132400 8.277400 -7.399294
16.149060 -11.790002 6.021888
16.165180 -11.478499 6.352513
16.182050 3.723089 5.204743
16.198010 12.568532 8.097470
16.214690 7.689504 14.015103
16.231380 1.283851 5.151958
16.247680 -4.607453 -4.741802
16.263870 -2.234414 -14.301936
16.280500 -2.244130 -8.488437
16.297230 5.503347 -6.277636
16.313250 11.867916 -6.893164
16.329670 11.662263 3.834513
16.345980 -0.512482 6.888108
16.362110 -10.390388 5.296939
16.378520 -0.444509 -1.145934
16.395420 1.082616 -0.102144
16.412750 -2.490277 11.072868
16.429090 1.707605 6.544229
16.445790 2.537570 -1.821104
16.462400 4.896092 -11.201708
16.479020 -2.059907 -2.240311
16.495220 -4.759504 7.074460
16.511340 2.842881 2.520610
16.530140 -2.953082 -0.636515
16.544600 -3.776809 -7.808054
16.559590 -0.893327 -5.062645
16.576630 -0.107214 -6.776206
16.592970 15.255144 -4.672855
16.608890 26.178418 3.769631
16.625820 18.579100 10.622316
16.642140 -0.905236 10.174125
16.658480 -10.109013 6.658186
16.674960 -4.215192 3.952558
16.691240 -1.251792 4.518990
16.707530 -2.448880 7.296750
16.724140 -3.040184 1.103924
16.741270 -0.351244 -2.413292
16.757260 5.287407 -2.976890
16.773570 -6.558207 -7.030134
16.789960 -20.120859 -9.242396
16.806580 -21.669366 -8.560596
16.823290 -18.239522 -10.952344
16.839130 -5.786579 -3.320133
16.856920 -4.186083 5.686633
16.872310 0.533237 10.310078
16.888350 6.190558 6.288836
16.904890 8.119151 -7.339729
16.921520 3.966211 -8.582901
16.953900 -6.864650 -8.192855
16.970310 -6.059490 0.831115
16.986540 4.030932 1.481215
17.003200 10.680193 -8.093855
17.019590 3.528092 -5.974845
17.035830 3.043625 4.025734
17.052550 10.517296 17.499193
17.068910 3.684868 10.963543
17.085220 1.661369 3.102401
17.101200 -3.690047 -0.132340
17.117610 -0.991469 -2.211533
17.150850 -2.343972 0.973710
17.167510 -4.074105 1.348615
17.200360 3.289960 2.482640
17.216380 1.163518 4.071454
17.232820 0.173108 3.557192
17.249480 0.110428 1.997085
17.266010 2.136689 -7.516890
17.298660 -1.872963 -14.874797
17.315380 7.875086 -7.236995
17.331920 13.712316 -3.356331
17.347920 14.806345 -2.405187
17.364360 3.056138 -3.406351
17.381150 -4.609835 -2.101828
17.397280 6.734905 5.754445
17.413850 -4.217801 5.916012
17.430220 -6.197552 4.978860
17.446760 -3.484843 3.488695
17.463300 6.830739 -5.579363
17.480870 7.404422 -9.531810
17.496890 -4.807893 -6.498698
17.516040 -2.806211 5.381101
17.531170 -4.478426 11.364690
17.545000 -3.660560 9.918593
17.561780 -3.215334 -2.315401
17.578110 6.935609 -4.842267
17.594310 11.484207 -0.780787
17.611590 9.829829 -0.872346
17.626920 10.039680 0.652274
17.643300 10.704199 0.989304
17.659810 7.786548 3.777097
17.676190 -0.789553 5.474077
17.693280 -3.575461 7.808645
17.710390 0.678407 7.842196
17.725780 1.552529 3.908729
17.742190 -1.628782 -7.168758
17.758610 0.044836 -10.733648
17.775090 -1.239997 -10.364870
17.791350 -4.112477 -10.213560
17.807890 -0.871627 -8.744750
17.824300 1.455522 -5.242949
17.841000 4.021594 0.401652
17.857560 -3.398611 6.858242
17.873760 -4.925768 11.028873
17.890110 10.033745 9.470378
17.906520 18.022952 7.595263
17.939290 17.995469 2.847172
17.955670 2.508196 -3.014175
17.972030 -4.058038 -5.863180
17.988460 -2.344275 -6.252378
18.004780 6.878751 -0.828563
18.021120 8.195024 3.634054
18.037660 2.113666 6.455175
18.054030 -4.903388 10.489127
18.070530 -5.455902 2.854450
18.086850 3.859979 -9.830274
18.103440 1.696339 -6.940230
18.119840 2.110717 -1.122046
18.136110 -3.999290 2.256449
18.153640 -7.252826 -6.484356
18.185650 -6.697630 -6.337084
18.202010 -2.693969 5.238460
18.234650 0.482956 5.942239
18.251340 13.749893 -2.609569
18.267900 21.376556 -5.656437
18.284030 22.266211 -2.254205
18.300580 1.329179 3.418921
18.317000 -11.499555 7.606250
18.333390 -0.093264 7.070349
18.349840 5.165336 6.737268
18.366200 1.170361 0.583281
18.382600 -6.621303 -8.930676
18.399090 -2.953990 -12.440964
18.431870 2.514056 -8.155405
18.448330 3.752690 0.594291
18.481320 0.234692 3.980581
18.498540 3.900166 4.174566
18.514920 -0.712431 -1.475710
18.531160 -4.282749 -7.514527
18.547880 -2.960492 -1.142272
18.563920 3.582531 6.178990
18.580200 7.132532 11.977655
18.597060 10.307106 4.935550
18.613140 13.169307 -2.968974
18.629530 13.057711 -4.620331
18.646410 7.392475 -2.964698
18.663540 0.045668 7.183029
18.679410 2.063385 16.463540
18.696180 3.116588 9.410884
18.713360 1.441913 -7.802218
18.728960 -0.435473 -20.346526
18.744900 2.464645 -14.388694
18.761410 3.461783 5.013191
18.777500 1.342259 18.146773
18.794080 3.264177 14.946930
18.810550 -1.589351 6.702559
18.826890 11.158791 -5.350810
18.843520 6.686780 -4.118285
18.876830 -3.034362 1.300674
18.893170 -3.795069 -1.106995
18.909790 -5.543571 0.855003
18.926390 4.540993 -4.738683
18.942610 2.969716 -3.962884
18.958190 5.971141 -6.504818
18.974720 8.288325 -7.719710
18.990810 3.571681 1.676264
19.007220 -1.542700 7.233380
19.023850 0.037805 7.496830
19.040180 -2.719714 6.547962
19.056590 -5.577784 6.586499
19.073390 -6.485887 4.811244
19.089650 -2.851501 -2.074490
19.122180 4.369964 -2.041860
19.138990 2.525586 0.991360
19.171300 -6.139635 2.233601
19.187580 -11.171493 -2.783400
19.220670 -6.347560 -6.703787
19.237170 -1.209300 -9.496085
19.253520 -7.696158 -8.568110
19.269960 -15.947129 -7.685308
19.286270 -6.143151 -4.775684
19.302730 9.544106 -12.488880
19.319460 9.557337 -22.682846
19.336040 17.255900 -11.012287
19.352070 16.860370 12.521934
19.368360 11.431433 33.896805
19.384870 2.362081 16.646010
19.401350 -3.743957 -3.197197
19.417590 5.059181 -9.327998
19.433910 6.351227 1.948317
19.450450 6.059830 7.954688
19.466800 4.510598 0.094488
19.483510 2.442718 5.694288
19.499730 1.750967 6.837946
19.516170 7.051101 8.657115
19.532750 4.361761 4.585219
19.549100 -3.579091 0.111382
19.565460 -85.765676 -4.988949
19.582280 -128.636688 -8.736741
19.614650 -98.670336 -4.278458
19.631290 -33.962741 -4.620520
19.647660 10.943838 -6.721532
19.664030 -17.165514 -9.956090
19.680650 -6.031061 0.649274
19.696960 10.043422 5.865543
19.713320 13.809131 1.588557
19.729900 4.584166 -1.913773
19.746290 -7.382873 -9.766361
19.763000 -10.216263 -10.281040
19.779170 -1.835574 -5.071151
19.795900 3.165734 2.085099
19.811950 -5.676870 7.287252
19.828740 -10.043574 4.507507
19.861310 -7.794827 1.089392
19.877580 -1.027875 -3.191928
19.893970 0.691790 -8.341497
19.910510 -5.014080 -7.870195
19.927020 0.168156 -10.660309
19.943240 12.966226 -7.489222
19.959700 19.201476 -0.502780
19.976180 15.821547 3.737284
19.992600 0.922172 8.685492
20.009050 -6.719745 9.760360
20.025600 2.387750 14.525660
20.042250 2.151773 14.285397
20.058500 -3.070655 3.454671
20.074910 -5.622205 -0.567875
20.091450 -2.787876 0.906134
20.107710 6.030910 4.137612
20.124160 -2.918831 4.509138
20.140780 -8.559760 -8.118262
20.156920 -6.607428 -17.400930
20.173370 -1.045000 -6.301382
20.190080 6.884497 5.412243
20.206050 7.639603 8.905064
20.222490 -0.127667 4.091491
20.239500 -6.241859 -0.428588
20.255290 -4.331479 2.673672
20.271790 0.952567 -0.138814
20.288470 2.949793 -3.189022
20.304720 -1.494839 -3.550340
20.321370 -4.697844 -9.087398
20.337600 -5.837464 -4.522440
20.354130 -5.031772 4.849238
20.370500 4.646846 13.153349
20.386890 5.685036 0.734429
20.403310 8.079419 -7.006884
20.420530 5.293607 -0.069490
20.452850 -0.539437 10.048639
20.469310 2.619380 4.882246
20.485440 1.682767 -13.131258
20.501890 6.092531 -11.476377
20.518310 5.766580 -5.298569
20.534710 6.315200 4.823767
20.551070 9.496510 8.789029
20.567860 4.198369 11.820084
20.584080 -5.732405 9.451287
20.600600 0.937786 1.800666
20.616940 9.703488 1.845370
20.649610 15.047983 1.870959
20.666260 1.690592 3.016774
20.682630 -13.793745 -1.605168
20.698970 -21.021334 -8.263006
20.715470 6.354743 -4.762405
20.731840 32.201178 -0.175367
20.748410 31.340301 4.897486
20.764920 12.060110 0.049004
20.781920 -6.114609 -1.573175
20.797780 3.973998 1.835139
20.813980 1.208619 -6.541819
20.830460 3.679802 -15.095638
20.846760 5.752782 -16.543399
20.863270 9.870431 -3.124659
20.879610 -1.490378 8.335330
20.896680 -13.700030 8.140000
20.912930 -9.752255 5.172467
20.929200 -0.084796 -0.013043
20.945620 6.189008 -3.684996
20.962200 8.554316 -2.654463
20.978330 4.869024 6.921116
20.994690 -4.049154 18.062332
21.011080 5.999532 14.285161
21.027500 18.790302 4.063586
21.044080 29.406926 -3.697755
21.060410 6.525997 -1.477222
21.077360 -13.954977 0.064434
21.093580 -11.184347 -4.694617
21.110350 2.730488 -2.355332
21.126620 9.196572 0.241029
21.142610 0.709105 7.520221
21.158890 0.786264 5.757280
21.175840 0.795035 1.924476
21.191860 6.876747 -0.034237
21.208560 -2.656617 -3.978124
21.224950 -4.878361 -3.902066
21.241330 -4.160829 -5.560909
21.257810 12.907706 -2.011687
21.274050 23.049979 -0.931605
21.290310 14.669157 -0.933826
21.308180 8.845673 -4.549896
21.339610 -5.876629 -2.833468
21.356800 2.791165 4.525063
21.388960 5.331147 8.871158
21.405500 0.055044 4.352107
21.421740 1.832549 -3.170237
21.438170 -2.830557 -6.153519
21.454970 2.298682 -3.626965
21.471040 14.691801 -4.853585
21.487380 17.658535 -8.342607
21.504140 13.489919 -1.480176
21.520320 4.923084 9.942032
21.536870 0.953172 21.677238
21.553300 -0.352530 15.710624
21.569730 2.131283 6.378432
21.586000 -5.157284 -4.444728
21.602580 1.507882 -8.583940
21.635450 -3.611414 -3.489309
21.651980 2.817023 2.286481
21.684860 15.626900 3.461759
21.701020 15.037474 5.491396
21.717670 9.983465 0.738989
21.733960 -7.744926 -3.836025
21.750430 -1.071161 -4.005367
21.767400 5.544327 3.735843
21.783450 11.543899 17.843291
21.799640 3.281643 -0.074192
21.816060 -5.257995 -6.633187
21.832500 -10.076803 -4.177449
21.849000 0.446853 -0.412568
21.881970 14.796251 -2.723220
21.898350 8.947405 -13.991003
21.914890 -5.060466 -8.961298
21.931060 -17.500067 -6.855997
21.947400 -6.489516 -5.903891
21.964130 10.604661 -3.276728
21.980450 13.173881 1.240706
21.996810 7.042142 11.002222
22.013530 1.384033 11.167401
22.029660 1.754860 2.245746
22.046140 3.703279 -6.329688
22.062870 3.261985 -5.669385
22.078920 3.857031 0.628599
22.096850 -1.786692 -0.851931
22.112120 -5.492724 0.266169
22.128420 11.930859 5.315487
22.144740 -27.429510 5.902922
22.161210 -99.353289 -2.476308
22.177630 -136.671159 -10.634271
22.194180 -93.732216 -12.955377
22.226910 -8.757854 -3.491861
22.243300 12.007676 5.550560
22.276050 6.747229 7.974464
22.292480 3.946930 3.001746
22.309020 2.338490 -9.258037
22.325560 6.449859 -16.536381
22.341980 -12.503510 -16.409246
22.358490 -23.424624 -5.287795
22.374940 -18.213136 5.537187
22.391220 -3.405869 10.932544
22.407550 12.028355 12.283110
22.424710 7.790215 13.822093
22.440640 5.498319 15.192414
22.456800 0.073606 10.038952
22.473250 -1.375414 4.793877
22.489810 -2.482489 -2.454877
22.506160 -1.702085 -6.571141
22.522490 -3.505296 -6.876719
22.539060 -0.376876 -6.360806
22.555330 -0.452977 -1.054943
22.571790 -5.977870 3.814075
22.588580 3.176735 7.824428
22.604710 16.950227 4.946892
22.621370 22.270293 -3.702788
22.638060 9.132229 -1.629127
22.654050 0.381261 5.561476
22.670440 6.784996 12.124121
22.686870 -0.991128 -2.284779
22.703350 1.148018 -14.194551
22.719670 5.155545 -11.132196
22.736150 16.597301 -1.899549
22.752720 6.454018 4.263006
22.769070 -24.374857 2.586509
22.785420 -15.435881 -1.356885
22.818250 17.099435 1.508128
22.834630 43.331192 7.700406
22.867550 32.536704 13.209535
22.884000 5.362752 10.065084
22.900570 8.580401 -1.272320
22.916810 40.930152 -0.648494
22.933380 42.015777 2.695197
22.967620 18.478017 4.166297
22.982440 -6.423169 -3.243791
22.999040 -7.429713 -14.230984
23.015320 4.405425 -22.301149
23.031780 7.888393 -17.985381
23.048870 9.368846 -3.237790
23.064900 7.275471 8.572576
23.081420 -0.966933 11.076837
23.097610 -8.113707 7.958208
23.113950 -3.408516 4.098012
23.130490 -7.301669 3.486545
23.163160 -17.269244 5.335074
23.179700 10.091471 -3.086287
23.196260 31.108790 -6.614734
23.212540 32.641176 -4.018362
23.228900 -1.961501 3.486923
23.245410 -11.388828 5.464886
23.261750 20.594478 -3.552089
23.279800 8.845976 -9.073505
23.297940 1.829222 -2.134222
23.313100 7.727044 8.812420
23.328950 -10.435942 10.687126
23.345610 -84.300075 13.516405
23.361970 -132.639769 8.530660
23.376950 -82.903158 3.393947
23.393510 -5.465845 -8.348798
23.409850 12.653893 -16.615909
23.426480 -4.352348 -7.738329
23.442870 -7.257287 7.506352
23.458950 -1.528032 17.418791
23.475630 2.628566 7.638809
23.491780 4.043446 -5.168072
23.509000 3.136662 -10.431736
23.526790 -4.558723 0.819797
23.541630 -7.086486 7.374131
23.558820 -2.352100 3.518891
23.574520 2.246398 -0.975458
23.590910 3.987608 -8.163911
23.607410 -0.128839 -10.315701
23.623660 -0.754432 -1.161647
23.640520 -4.183172 10.778918
23.656630 -5.607007 12.646497
23.673140 3.989082 7.980088
23.689470 4.249443 8.166581
23.706180 -1.034528 6.668393
23.722600 -6.207192 -1.675721
23.755130 -5.363432 -7.935313
23.771990 10.225487 -5.264876
23.789350 4.087866 -1.230286
23.805600 -1.263209 -6.787359
23.822340 -7.142815 -5.379707
23.838910 -5.371787 -0.698491
23.855970 0.201348 1.337723
23.870470 8.264773 0.671720
23.887040 6.184094 1.314780
23.903180 -2.786779 7.181990
23.919710 -5.248998 1.501134
23.936390 1.100082 -3.116909
23.952990 13.345320 -0.629379
23.969120 13.531124 6.409645
23.985290 6.962563 12.370412
24.001940 -3.557164 7.542975
24.018630 3.684414 -0.513909
24.034680 8.893458 -12.261821
24.050980 10.666168 -19.111937
24.070250 3.645665 -8.964582
24.084290 -6.836070 6.254670
24.100600 -6.210632 13.153467
24.117140 -0.501292 7.228867
24.133560 2.440412 -1.789324
24.149920 3.969235 1.406527
24.166470 -4.119244 -0.393548
24.182570 -1.036645 0.845103
24.198940 10.175321 -0.555282
24.215770 6.377539 6.533856
24.231840 -4.405161 7.678456
24.248490 -19.205861 -1.528944
24.264880 0.404927 -6.746743
24.281050 19.325316 -10.743265
24.297530 20.596254 -5.341288
24.314130 9.379318 0.686771
24.330550 -1.623035 2.480726
24.346510 4.279611 1.288836
24.363240 7.017796 1.282480
24.379460 4.721132 11.036670
24.398240 0.260475 14.691900
24.412630 -2.836795 4.904881
24.445480 -3.529151 4.713495
24.462310 -3.619239 -4.748890
24.494610 -4.669188 -4.616763
24.511060 -5.246578 -4.899659
24.544780 -2.834791 -2.089754
24.560390 -6.221104 4.738706
24.576870 -0.516149 -6.483812
24.593030 9.872019 -7.225890
24.610110 7.345598 -5.816610
24.626390 10.018585 -6.689894
24.642350 7.299590 -0.694781
24.659130 9.678159 6.490523
24.691800 2.934709 -0.892146
24.708480 -0.683473 -0.628741
24.741410 6.467060 4.681409
24.757770 6.575824 2.012987
24.774050 0.755226 0.552682
24.790560 -5.628215 2.147005
24.806920 -2.657449 6.586192
24.839490 2.143531 -2.536181
24.856430 1.196106 -6.707686
24.872760 -1.416735 7.070656
24.889190 -3.374227 5.878515
24.905790 2.698959 -8.957163
24.938610 3.652848 -13.548136
24.954730 0.542196 -1.581445
24.987690 1.656795 0.374031
25.004300 -4.062083 -5.513394
25.020540 -1.081898 -1.013783
25.036590 -0.410598 3.875224
25.054660 1.122613 -1.623881
25.069780 10.803208 -2.769247
25.086210 15.854171 6.867953
25.102740 7.852366 11.060794
25.119220 0.453015 10.352773
25.135350 0.542650 -0.032725
25.152100 0.042228 1.071222
25.168200 -4.643481 2.056722
25.184620 -0.325877 -2.270083
25.201520 13.285666 -1.247936
25.233630 13.629035 0.799855
25.250270 3.862739 4.746574
25.266770 -3.143542 2.911818
25.283340 3.505863 3.299577
25.299740 5.050146 3.834277
25.332660 7.016926 2.690046
25.349000 6.021345 -6.512473
25.365360 -6.588375 -15.576281
25.381710 -11.890938 -18.129361
25.398090 -2.012462 -15.043635
25.414340 -4.751224 -7.230096
25.430730 5.905058 2.641042
25.447480 18.867267 3.751012
25.480270 24.516912 1.240068
25.496950 18.151442 0.811196
25.513790 -3.949161 3.762377
25.530230 -2.809500 8.382963
25.546280 2.499652 9.309474
25.562770 0.092319 10.787141
25.578750 -2.403212 7.737549
25.595430 -11.332878 1.350718
25.612140 -2.365672 -8.291217
25.628170 8.999839 -11.466217
25.645070 15.765674 -6.910294
25.661350 25.571048 3.827874
25.677660 20.384754 13.044688
25.694150 17.716411 10.043300
25.712650 -3.574592 -1.706650
25.726610 -14.569545 -11.243836
25.743120 -8.424232 -7.740384
25.759860 3.514482 2.107097
25.775970 9.585350 8.512632
25.792480 10.463577 7.390150
25.809110 7.618394 -2.094338
25.825180 3.423260 -8.030769
25.841920 3.656363 -0.262649
25.858430 -9.468989 8.932685
25.874740 -15.949095 10.435800
25.890950 -13.564202 6.682499
25.907700 3.247052 -4.594056
25.923600 12.774638 -7.940015
25.940600 22.397154 -10.861284
25.957120 16.012566 -4.985878
25.973360 1.714863 7.950340
25.989810 -2.022594 4.290272
26.006440 -4.436123 1.942457
26.022520 7.359170 -1.867911
26.038760 6.208175 -0.399148
26.055660 0.124038 -3.298112
26.071840 21.704672 -9.345554
26.088300 -47.470099 -6.988431
26.104970 -122.064220 -7.850490
26.121310 -126.112487 -3.901900
26.138700 -76.154294 -0.316875
26.153920 9.157672 6.760092
26.170580 8.852554 13.938386
26.187240 9.863399 10.604051
26.203340 7.616466 4.053804
26.219700 -4.012824 -4.312766
26.236150 -2.212676 -2.033685
26.252810 -11.094638 0.625622
26.268970 -17.940429 1.259396
26.285400 -14.456249 -10.064470
26.301670 -0.501405 -17.385620
26.318120 10.626814 -10.231186
26.334760 3.997324 -4.096122
26.351140 0.747817 8.252586
26.367280 1.837880 10.478330
26.384200 3.177453 8.209560
26.400740 0.548623 3.376793
26.416720 -3.828148 -1.783984
26.433330 -2.594882 3.361104
26.449460 2.091134 1.861224
26.467820 -0.159574 -4.095153
26.481860 -7.088793 -1.145934
26.514570 -13.052154 6.203917
26.531250 -2.324616 2.498116
26.548020 27.378178 1.133600
26.564350 36.872070 2.745997
26.582290 26.558268 1.225891
26.597530 9.184097 -3.891787
26.613420 6.778040 -10.756212
26.630340 -2.315845 -4.438514
26.646530 -12.261264 -0.905189
26.663070 -10.620803 -1.951578
26.679400 -0.288640 3.713987
26.695560 10.076690 7.377510
26.712340 5.155053 3.381967
26.728740 1.340255 1.852411
26.745030 -5.124205 -2.037938
26.761600 -9.001313 -0.265839
26.777950 0.123244 -7.411250
26.794300 9.991102 -9.733991
26.810910 9.660656 -3.654823
26.827160 4.352574 0.893209
26.859890 -2.378639 3.144388
26.876570 -0.688539 2.650777
26.893190 2.827003 10.329807
26.909010 0.946367 12.018885
26.925800 6.781594 15.633175
26.944270 12.963391 12.183520
26.960820 19.308116 7.679000
26.974790 -4.250464 4.064389
26.991210 -22.748894 -6.726942
27.007510 -25.276282 -9.946427
27.024380 8.844350 -11.947129
27.040890 36.573678 -7.869746
27.057020 26.470913 1.110799
27.075760 9.736453 -5.548741
27.092190 -12.397622 -8.180167
27.108580 -8.389641 -7.266648
27.123520 0.758553 -10.774524
27.139110 9.101608 -5.242973
27.155360 9.884570 -0.725379
27.172060 0.474337 12.240911
27.188710 -6.075897 6.763920
27.204860 -0.187701 -5.660170
27.221270 3.254537 -4.881868
27.237780 -3.062224 4.969338
27.254070 -6.041911 14.035777
27.271040 -21.449777 17.110605
27.289640 -30.872667 17.284167
27.306150 -22.905730 15.251458
27.320330 -15.764578 2.230553
27.336490 2.174645 -14.477863
27.352620 1.905097 -19.717243
27.369510 -5.277427 -12.700037
27.385880 -9.746623 4.512611
27.402820 -10.839802 12.219269
27.418820 -1.622393 15.246284
27.435010 -5.953372 6.421388
27.451660 -19.864259 -1.904723
27.468110 -9.527170 0.152259
27.484010 6.112870 -2.379669
27.500350 14.279859 -3.849470
27.516680 -2.077978 -4.578296
27.533510 -8.426991 4.454486
27.550160 0.549531 21.269407
27.566270 7.221032 4.139124
27.582660 4.279120 -8.911538
27.599110 -7.981241 -12.733375
27.615650 -8.940865 -8.201196
27.632140 -7.493980 2.393799
27.648450 -9.265716 0.170169
27.664930 4.457369 -0.239777
27.681350 27.488931 -8.551807
27.698010 36.045715 -11.709721
27.714580 21.499184 -4.144086
27.731350 -3.544953 8.020491
27.746890 -9.415874 12.065714
27.763310 5.084170 9.570748
27.780000 9.198992 3.010583
27.796140 3.840132 -2.732482
27.812870 -4.659132 -8.739552
27.829530 -8.930809 -10.580259
27.845810 -1.640803 -5.706173
27.862200 0.672056 -2.036993
27.878780 5.389782 2.858088
27.894810 7.422832 1.976080
27.911410 1.939764 4.212725
27.928150 -0.601928 2.973582
27.944310 8.200128 -7.399980
27.960910 -10.006904 1.845795
27.977310 -34.236954 10.285104
27.993530 -41.531356 10.781447
28.009770 -22.439832 5.541676
28.026730 1.589351 -7.631059
28.042710 -1.010068 -7.358678
28.059390 -2.039266 -11.567650
28.075820 -0.151559 -5.308847
28.092010 0.479289 3.852470
28.109010 4.647186 16.057135
28.125110 7.371759 24.316833
28.141430 5.118836 24.728953
28.157820 14.269992 15.073264
28.174390 19.190929 -8.801717
28.190600 17.810464 -20.429643
28.207310 2.564865 -19.517719
28.223460 -7.446952 0.144225
28.240130 2.945635 13.967565
28.256590 -4.835756 5.053761
28.272960 -6.581457 -8.167715
28.289340 -4.845169 -14.375770
28.305890 3.089746 -5.603983
28.322110 -4.063520 -2.745170
28.338730 -5.316139 -5.305019
28.355040 20.674731 2.950663
28.388060 30.361221 7.360545
28.404540 17.562290 9.737535
28.436980 -4.629191 -0.435889
28.453550 -3.338350 -4.084426
28.486500 3.637159 -1.480554
28.502690 2.656050 -4.181040
28.535310 1.321845 -5.648096
28.551880 3.010659 7.290819
28.570880 8.737931 16.460870
28.586900 2.143229 12.300287
28.603010 1.589578 5.988573
28.636280 -0.989125 4.424904
28.652690 6.134532 -0.920452
28.669130 16.487408 -15.831026
28.685460 10.162732 -20.298093
28.701950 14.839234 3.135599
28.718170 4.447351 13.297759
28.734730 -1.475483 0.767603
28.751850 -5.605835 1.248716
28.767140 -7.739217 1.550776
28.784500 -3.515994 7.123109
28.800610 2.918340 -4.085135
28.817180 6.708139 -9.620484
28.833630 0.661735 -3.100889
28.850020 4.669491 -4.138014
28.866380 13.619585 2.071490
28.882720 30.534110 0.226947
28.899490 22.426375 4.959060
28.931660 9.732937 11.399588
28.948200 -7.352327 3.099613
28.965120 -18.637429 -3.753706
28.981340 -16.845363 -13.606519
28.997380 0.744830 -5.261331
29.014080 17.406543 -1.056715
29.031370 7.507023 -9.211443
29.046660 -0.170575 -3.049002
29.079990 -7.212942 4.197391
29.095700 4.433401 14.718835
29.113390 -0.705702 20.874215
29.129290 -6.253351 5.113657
29.145810 -4.153155 -8.543065
29.177950 0.416080 -21.775073
29.195020 7.246021 -11.261840
29.211840 -7.823445 2.784416
29.228090 9.281594 1.377465
29.244630 28.826073 8.095202
29.277070 34.205810 13.403183
29.293110 18.389975 12.941318
29.310360 -14.263339 -6.703834
29.325790 -19.898017 -21.352145
29.342970 -3.727134 -19.185533
29.359620 11.445080 -8.925525
29.374950 14.295056 -1.512215
29.392170 -4.572560 -3.017388
29.408710 -8.413835 1.473843
29.424130 1.924604 10.274353
29.441930 15.825025 13.241620
29.458360 18.355915 12.127760
29.474040 4.727370 7.511266
29.491470 3.642527 2.863594
29.507480 -0.107214 2.468534
29.523530 6.395459 2.614248
29.537870 0.446361 5.155266
29.553990 -2.131925 5.955707
29.570390 3.043095 0.491439
29.587220 -0.476870 -7.311210
29.619830 -9.472580 -6.471172
29.638170 -3.573873 0.033552
29.671130 15.767527 9.180279
29.688260 22.405811 5.719287
29.722470 10.916506 -9.688414
29.739110 -0.658824 -3.694612
29.756440 1.064243 -8.946530
29.771930 5.680613 -15.683122
29.786620 -4.821995 -13.707879
29.802580 -5.756524 2.302453
29.819440 11.044850 24.109946
29.836670 -5.505615 9.995359
29.852460 -77.277425 -5.014987
29.868300 -118.873105 -7.405178
29.884990 -93.100868 -11.488947
29.899980 -26.433227 -4.803329
29.915910 3.538224 -3.741348
29.932560 -9.827070 4.615392
29.965350 -2.140696 9.974142
29.981570 4.286643 -0.712526
30.014310 -8.756266 1.715085
30.031010 -15.064730 -1.141279
30.063640 -14.179264 -3.805545
30.080610 -7.910093 -3.924134
30.113130 1.219809 -0.317206
30.129730 -5.859731 12.915636
30.162220 -0.444811 16.201519
30.179140 5.198755 11.908356
30.195420 0.932493 2.321592
30.211730 -1.007951 -3.932687
30.228390 -4.918132 -2.421278
30.244660 0.548434 -2.310794
30.260770 9.771876 -1.916018
30.277570 9.325787 1.665915
30.293930 1.163027 0.090235
30.310790 -12.649583 -2.057620
30.326840 6.594197 -8.491863
30.343200 33.671632 -4.205519
30.359450 44.662035 3.521821
30.375920 19.568534 5.049035
30.392060 -11.864060 2.325089
30.408750 -11.413363 -3.185737
30.424930 -5.728738 -8.980909
30.441010 2.069094 -9.258486
30.457790 3.331205 1.919798
30.474110 4.581330 0.546681
30.490570 3.504842 -0.958730
30.507280 -0.366782 -3.428231
30.523530 -2.169012 2.915599
30.540300 24.950633 8.883090
30.556500 43.257688 4.667256
30.573290 43.427635 -2.538355
30.589250 16.892011 -4.461976
30.605580 -10.010079 -3.227913
30.622020 -1.297914 2.652620
30.638840 7.700543 1.902573
30.655330 7.930243 -1.700341
30.671600 27.341853 -1.701334
30.687820 46.950995 1.776400
30.704380 49.161225 8.162824
30.720960 24.878094 12.315999
30.737520 -10.407967 5.173578
30.753690 -6.772256 -7.466633
30.771260 -4.829329 -1.034694
30.787720 -2.255698 4.272102
30.803890 -0.671111 6.361397
30.820740 3.553421 -10.547204
30.836910 7.602554 -13.871804
30.856610 4.478086 -2.905982
30.868820 -0.836809 -0.286088
30.902400 -4.000726 -0.863485
30.920650 -5.635436 3.674741
30.935550 -6.477041 8.750445
30.951830 -6.987628 4.457582
30.971270 7.817208 7.901195
30.983930 -19.364592 3.678380
30.999880 -34.602104 -3.011009
31.016720 -72.426239 6.294506
31.035680 -90.581297 7.511384
31.051440 -66.589828 5.415763
31.066040 -43.025422 -6.439888
31.082470 3.797829 -12.070251
31.098970 -0.667822 3.053562
31.115620 0.192804 2.023478
31.131900 5.576234 -3.646459
31.148280 7.638922 3.768284
31.165020 3.578637 2.089045
31.197620 -0.432865 -3.401909
31.214050 -4.313371 4.652063
31.230740 -6.384042 5.106782
31.248000 -7.106523 8.668457
31.263460 2.529631 -4.881253
31.279820 -2.866094 -14.424277
31.296260 -14.853145 -8.302299
31.312330 -16.239005 0.560078
31.328860 0.608695 8.043552
31.344890 19.755163 8.921981
31.361740 20.521672 12.210526
31.378170 6.450199 5.004993
31.394410 -8.631059 -1.986783
31.410830 -7.309457 -7.094898
31.427430 -4.203586 -10.208125
31.443530 1.373259 -9.260211
31.460190 -2.211277 -8.596180
31.476350 -1.220906 4.469136
31.494160 3.634663 18.946741
31.515580 5.536275 14.368682
31.526170 6.379656 5.035473
31.542680 7.342649 0.156323
31.559280 3.689027 6.256158
31.576600 -1.727679 8.511356
31.591900 -2.508952 5.009529
31.610210 0.513843 4.478374
31.625120 -1.735013 -2.175004
31.640150 -8.563843 -9.298842
31.656600 -2.513073 0.445081
31.673900 7.188029 0.167310
31.690200 10.316557 -6.835607
31.706770 6.398483 -12.321717
31.723790 0.254993 -5.754350
31.739700 1.240337 12.276848
31.756360 3.372979 6.580379
31.772670 4.151794 0.268957
31.789030 8.279933 -1.485965
31.805660 -4.473247 1.968094
31.822740 -11.479671 -2.308714
31.842530 -1.489698 -6.235011
31.854890 7.110530 -0.099994
31.887510 10.773909 7.428805
31.904360 -1.910843 13.990885
31.920530 -4.025753 0.340574
31.936540 -1.099137 -9.929320
31.953540 2.414780 -11.059896
31.969770 4.952610 -9.500007
31.986080 3.555992 -4.045794
32.002330 1.075206 4.892902
32.019360 -0.494411 9.517728
32.035340 2.910476 8.596629
32.052320 -1.637136 2.385293
32.067950 9.616425 -2.667505
32.084050 14.581605 -2.372203
32.102080 26.679756 -5.121738
32.118300 13.983858 -4.409995
32.134780 -11.126545 -2.187149
32.151580 -1.140571 -2.824584
32.169080 0.783051 -1.992430
32.183240 4.942138 3.974981
32.199630 8.138733 9.488950
32.217010 0.634818 5.940916
32.233760 -2.932630 -7.411061
32.250080 -11.369397 -11.292532
32.267350 -7.303484 -8.050687
32.282870 6.793086 -5.072049
32.298360 4.481148 -0.191269
32.314470 4.404934 2.263278
32.330980 7.636011 7.087124
32.347490 3.207697 8.265439
32.364290 -4.697617 3.474613
32.380720 -7.137333 -1.047618
32.397090 -0.243198 2.431580
32.413190 7.824201 5.467107
32.429840 9.412963 4.116914
32.446290 2.430999 -6.063875
32.463380 -14.947351 -16.121235
32.479970 -17.961069 -9.251374
32.498090 -18.902007 -6.626713
32.511890 -5.056081 8.311017
32.528140 7.499991 19.207553
32.545900 3.973242 10.814454
32.562580 3.943566 6.266696
32.578450 3.223953 5.285645
32.595400 -3.138590 6.720067
32.612370 -10.020891 -3.175435
32.626980 -12.381026 -12.720971
32.643100 -2.280649 -10.980579
32.659440 4.820331 -5.343415
32.675550 -0.819646 -5.956865
32.692090 -3.973242 -2.382977
32.709150 -15.150543 -1.331957
32.725080 8.735625 -10.059744
32.741550 36.414031 4.489999
32.774140 47.511137 4.601735
32.790680 18.065857 6.564761
32.823580 -14.997742 -2.091006
32.839980 -6.672414 -8.636890
32.872820 2.948281 -0.390287
32.889180 10.286956 -2.354340
32.906650 -4.261163 14.819959
32.923460 -0.945649 7.339729
32.939240 15.458109 -1.560464
32.972050 24.072755 -4.049905
32.989090 20.183119 -2.689905
33.005520 5.705866 1.424225
33.021760 4.215268 -6.625626
33.039410 -0.980392 -8.823052
33.053760 -6.476398 -6.829605
33.070190 -5.887744 -7.943252
33.086730 0.284216 5.629973
33.103470 6.601909 24.574467
33.119670 -5.424789 12.577222
33.136310 -6.765262 0.821404
33.168900 -0.712961 -8.287579
33.185650 -3.841417 -4.633751
33.202240 -7.039193 -4.620543
33.217990 -13.095136 -13.938078
33.234570 -0.274992 -6.074720
33.251190 6.207797 7.105412
33.267380 -1.443500 13.231272
33.283800 -3.242818 12.491833
33.300400 -0.444962 6.597415
33.316910 3.017690 1.858034
33.333300 9.602097 -6.460563
33.349560 16.391237 -6.238886
33.367570 16.596242 -3.362498
33.382640 8.721827 -1.707453
33.401320 -5.597254 -4.873622
33.417310 -7.736571 -12.362875
33.434220 -5.800264 -0.090991
33.450520 -0.780253 7.765453
33.466260 1.412425 14.005416
33.483290 4.859081 5.907412
33.499500 1.692785 -3.093352
33.515790 -4.305432 -4.643155
33.532360 -2.415726 -6.729471
33.548510 3.227507 -2.049161
33.565570 10.481760 -1.987209
33.581410 -2.623652 -2.110003
33.598130 0.531498 -1.087431
33.614880 12.218167 0.007963
33.630480 20.732000 7.443762
33.663960 14.854998 15.349486
33.680590 6.444226 10.482772
33.696640 0.614555 6.783058
33.712570 -10.765630 4.647408
33.728590 -6.853120 5.761722
33.745220 3.289620 3.159699
33.763200 15.602517 -9.285705
33.778520 4.872010 -2.199742
33.795490 -0.754395 1.848111
33.811540 -0.561704 1.993612
33.827680 7.885936 1.909425
33.842510 13.335038 -0.782630
33.858930 10.652710 0.568560
33.875080 6.326428 -2.117588
33.891860 1.315267 -0.598119
33.908160 3.731633 2.501117
33.924550 6.567091 -1.608476
33.941090 3.984243 -5.170364
33.957200 -3.818016 -9.268008
33.974110 -0.512746 -2.381654
34.006550 3.506770 -10.243165
34.023060 6.005165 -9.493864
34.056020 -1.374204 -0.725663
34.072650 -4.262221 2.891829
34.088790 3.365796 11.273772
34.105030 8.059949 1.928139
34.122060 9.695133 6.687106
34.137920 -39.098879 0.530378
34.154710 -56.865076 -11.053942
34.173110 -95.323281 -12.217993
34.187670 -92.176465 -0.503773
34.203870 -55.267684 13.112828
34.220410 -32.670242 1.187685
34.237410 8.698955 -10.517929
34.253250 -2.398940 -14.784022
34.269670 3.646156 -1.318749
34.302230 5.367969 10.676777
34.319080 3.748871 4.534774
34.335560 1.375225 -1.290892
34.351820 1.478092 -7.518355
34.368060 -4.637697 -2.528927
34.384660 -2.125309 8.444703
34.400680 7.197329 14.319869
34.417590 1.921542 7.629074
34.434250 -3.406058 0.140846
34.450360 -7.383213 -5.133977
34.466690 -3.208264 -0.438536
34.482830 0.767400 6.247960
34.499530 -0.011379 8.078662
34.516160 -1.724125 2.748620
34.532150 -4.387997 -2.118108
34.548660 -6.321059 -0.452689
34.565780 -3.985226 -3.568699
34.581590 2.953536 -5.611945
34.598250 3.294308 -9.198684
34.614790 5.777090 0.022683
34.631210 5.002209 7.491301
34.647450 3.869393 3.046616
34.664050 -3.675530 3.887794
34.680070 -13.219472 -1.753433
34.696580 -8.333463 1.243281
34.713000 15.485970 1.466401
34.745900 31.999794 1.117935
34.765150 25.979628 5.031031
34.780350 5.109877 3.817808
34.795030 -7.488612 8.097706
34.811780 -10.408005 -5.668723
34.827960 -7.359586 -21.001205
34.843770 -3.435886 -28.368121
34.860860 9.370471 -16.281850
34.877000 9.444152 6.893802
34.894300 -0.956348 16.154998
34.910050 -4.801391 8.129958
34.926350 -10.238151 -2.538118
34.942580 -4.115274 -4.519723
34.959460 -7.114273 1.369242
34.975810 1.491399 6.149479
34.992050 10.562850 3.869341
35.008830 7.471940 4.580517
35.025010 -8.089739 1.435495
35.041180 -18.264660 0.515161
35.057910 -13.229452 -2.752188
35.074230 -2.248402 5.362648
35.090620 2.782999 17.114315
35.107010 6.672754 11.020958
35.123340 12.538365 4.983420
35.139790 14.784306 1.714447
35.156540 3.123317 2.877109
35.172680 -7.803749 5.742607
35.188950 -7.497987 4.825586
35.205730 0.614857 -1.923389
35.221820 6.277584 -18.656680
35.238240 -0.604763 -32.474674
35.254710 -2.122398 -25.829010
35.271380 1.258295 -9.237292
35.287640 7.569551 -1.774061
35.304430 7.562217 4.731878
35.320660 5.002890 11.541778
35.337200 5.632147 13.084547
35.353590 3.561247 9.533747
35.369950 -1.400063 5.095747
35.386220 -4.266909 3.267561
35.402850 -2.193812 -0.694521
35.420150 2.403439 -8.749523
35.435590 3.760893 -13.162162
35.451610 1.526104 -9.030078
35.468150 -0.870153 -1.200704
35.484970 0.162863 1.829657
35.501390 0.962888 5.480007
35.517720 -1.408833 13.087996
35.534350 -7.254187 17.947673
35.550640 7.774451 11.460688
35.566880 22.677450 -3.567447
35.583450 24.147449 -11.848012
35.599900 7.691054 -8.644593
35.616350 -8.424156 -3.668433
35.632610 -4.531768 -4.948097
35.649310 -2.537154 -4.630042
35.665660 1.606439 -5.093810
35.682170 3.472746 -3.456868
35.700210 0.109445 -0.690174
35.715440 -1.601713 -0.952846
35.731740 -4.590177 9.939504
35.748610 2.014919 8.556769
35.780960 1.983353 4.426038
35.797960 18.662454 -0.739627
35.814220 28.173701 -3.135575
35.830180 19.572617 1.927146
35.846760 7.097752 9.334094
35.863020 -9.695814 13.615332
35.879750 -2.741073 10.633066
35.896100 -4.217007 -3.179429
35.912120 -5.443086 -15.396386
35.928450 -7.204776 -9.412562
35.944960 0.047936 -4.250105
35.961470 5.143372 1.287088
35.977430 4.190997 0.310425
35.994090 0.747287 0.143895
36.010730 0.994077 2.148942
36.027050 7.089964 1.126701
36.043590 2.251842 -3.197882
36.059490 -0.889585 -4.577422
36.076310 0.832499 -4.332944
36.093220 -2.269913 -1.225182
36.109120 -7.728103 2.064614
36.125350 17.113119 0.797634
36.142200 36.844366 -0.858618
36.174910 32.843125 -2.785810
36.191420 14.089746 1.661213
36.207660 -0.462655 7.945213
36.224350 10.459947 7.528207
36.240550 -1.555856 6.868945
36.257340 -7.915650 -0.111382
36.273360 -3.788604 -3.357631
36.289750 4.565188 -12.616798
36.306260 1.823703 -18.468377
36.322740 -14.921493 -15.767234
36.339070 2.466195 1.767303
36.356220 20.359880 20.264615
36.371810 25.593652 21.280582
36.388530 10.317124 7.117699
36.404620 -6.307979 -1.426658
36.421070 -1.224875 5.132843
36.438640 -4.033125 9.166834
36.455980 -2.766024 9.046475
36.471540 1.633507 2.621620
36.488200 -2.825038 -3.360277
36.520680 7.326885 0.633963
36.541150 19.119445 3.957520
36.569020 24.919675 6.197987
36.585740 12.169136 -2.224410
36.603290 -6.912057 -15.812786
36.619130 -4.903426 -14.375534
36.636000 -5.069199 -10.646203
36.653120 -5.819885 0.650668
36.668260 -6.686024 3.060107
36.685650 -5.870240 3.003046
36.701400 0.699842 0.314441
36.717610 2.536361 -2.390467
36.734730 4.960889 -3.234529
36.751450 3.047140 -7.005396
36.766740 -4.781922 0.678809
36.783190 4.129602 9.597306
36.815840 6.712941 7.963454
36.832530 14.885618 -0.131159
36.866290 14.591963 -7.316054
36.881450 9.868616 -4.118332
36.913960 10.008000 -6.763684
36.930770 -10.545384 -0.182337
36.963360 -16.166839 11.719526
36.979930 -21.202555 12.967923
36.998640 -7.761900 3.204285
37.014630 -4.736821 -6.577166
37.031110 -6.765942 -2.110239
37.063220 -0.498985 0.842976
37.080760 -1.372957 -6.397146
37.096730 0.366215 -1.919916
37.113390 -2.222014 -7.836998
37.130420 6.654646 -6.481568
37.162700 -0.645214 1.049012
37.178850 8.477120 0.476553
37.211780 21.740886 0.095670
37.228740 22.964738 -7.455576
37.242630 6.749724 3.925623
37.259140 -6.691808 9.228290
37.275340 2.633632 4.753686
37.308360 2.796646 1.742730
37.324840 -3.708307 0.308251
37.341140 -5.188321 -3.988426
37.357650 9.440522 -13.259601
37.374010 -6.333346 4.002366
37.390120 -67.127559 6.794045
37.407270 -90.701743 -3.859134
37.423170 -93.945380 -4.457771
37.439960 -53.732317 -1.063047
37.456100 -22.675144 11.290878
37.472820 -12.671774 9.523351
37.489000 9.642699 7.744685
37.505600 -3.706946 7.532508
37.522020 -0.415588 1.486555
37.538590 -0.147325 -7.629665
37.554280 -0.852952 -6.363240
37.570880 -4.102156 -2.961413
37.587450 0.059354 4.187562
37.603870 10.791072 8.980389
37.623550 -2.089622 0.169885
37.637560 -17.392556 -1.569702
37.654040 -22.903576 1.697364
37.670790 -10.470306 7.122755
37.687060 -0.534068 6.109571
37.703110 -8.376485 0.239966
37.720230 -2.420111 -2.751455
37.736190 2.785872 -11.845720
37.752580 0.883990 -13.470001
37.769420 2.423816 -10.832647
37.785480 4.812959 -3.700779
37.802110 4.558799 0.468520
37.818950 16.948866 9.426762
37.835400 26.757926 13.899141
37.852770 30.687948 10.242031
37.868120 7.074200 0.200673
37.883930 -16.068476 -5.723894
37.900280 -11.058687 2.924247
37.916890 0.822027 -4.637366
37.932970 9.600736 -3.489734
37.949110 4.276247 1.009246
37.965740 -0.764602 0.017745
37.981920 -2.554847 -5.740386
37.998250 2.181336 -13.625326
38.014910 3.309014 -9.314838
38.031420 -0.818738 -0.964353
38.047290 -3.237336 2.812534
38.065290 -5.383204 8.067298
38.080150 -1.869031 6.134877
38.097090 4.076751 -2.675680
38.113600 -0.765850 -5.516867
38.129810 -3.491157 -4.774266
38.146440 -5.819015 9.791146
38.162730 12.047370 11.460925
38.195570 22.347370 8.228249
38.211780 22.143054 0.735469
38.228230 16.721294 -2.392145
38.244980 5.884757 1.919822
38.261180 8.189996 3.491034
38.277820 2.849195 2.094716
38.294110 0.242140 -1.416758
38.310680 2.755061 -11.462035
38.326800 0.361489 -12.419817
38.343220 -0.973662 -4.883096
38.360000 -0.682603 2.526612
38.376170 4.020423 12.233988
38.393450 12.643194 10.360428
38.409100 -1.237011 0.049831
38.425370 -7.872629 -11.393681
38.442000 -6.211048 -16.087685
38.458180 7.185421 2.507638
38.474960 16.843737 10.261547
38.490980 10.113851 2.568008
38.508260 8.858111 -3.270869
38.525160 -3.441784 -12.864199
38.541120 -8.759329 -11.618732
38.557600 -3.707853 -3.507243
38.574080 1.181286 8.520784
38.590100 4.963119 17.649694
38.608380 -2.804963 5.983068
38.623250 -4.431662 -0.054415
38.639270 -4.910268 7.223646
38.655380 14.959675 7.156755
38.672680 43.429374 5.419662
38.688640 48.615837 -2.411047
38.707350 31.254501 -4.506987
38.723980 -4.196668 3.948518
38.740680 -10.639063 15.096938
38.757160 -10.331981 5.348660
38.774120 5.293645 -5.704519
38.789780 23.709491 -12.303051
38.806140 12.370403 -6.602377
38.822950 -13.450225 1.993494
38.841660 -13.400211 6.048682
38.855640 2.677561 2.267531
38.888470 17.622094 -2.144642
38.905290 -0.434944 -1.633474
38.937910 0.559020 2.518342
38.953840 13.383010 6.094190
38.985860 11.629714 -8.912861
39.000290 8.969974 -9.601441
39.033460 1.689572 1.559070
39.049480 12.579949 1.137877
39.082630 11.618070 -2.249456
39.099200 -3.000981 -7.539100
39.115400 -11.458047 -4.768879
39.132060 6.719481 2.968667
39.148270 -19.615031 0.225553
39.164930 -85.456977 1.581729
39.181410 -113.440926 6.955967
39.197770 -92.477620 0.421311
39.214250 -38.733412 -0.274557
39.230360 -23.575373 1.564693
39.246900 -17.056831 2.986601
39.263930 10.820749 -1.762436
39.279560 10.036656 -14.459032
39.295790 6.237133 -3.610969
39.312300 -1.779396 5.109853
39.328900 -6.424341 5.002157
39.345600 -2.513564 2.048122
39.362050 2.639265 5.729966
39.378100 6.479460 18.827026
39.394940 6.135477 16.412317
39.411060 7.514546 8.643624
39.427780 9.362532 3.241995
39.443980 3.254424 0.416184
39.460650 -1.638497 -5.440620
39.476700 -2.566567 -12.473002
39.493480 -7.458482 -10.562089
39.509870 -8.627770 -1.403007
39.526170 -6.366122 8.228958
39.543080 1.731346 10.234352
39.559220 7.141719 4.731783
39.575180 1.441270 -2.798759
39.592240 1.033772 -1.441284
39.608380 -0.058484 -4.239189
39.624680 -2.112002 -8.409096
39.641430 -1.504253 -5.075805
39.657850 0.728007 -0.918160
39.674120 3.257221 7.360805
39.690410 9.155819 5.869182
39.706710 7.310100 7.582575
39.723160 1.893226 12.844896
39.740010 -2.962571 0.101837
39.756210 4.114329 -3.338397
39.772380 11.949799 -3.333506
39.789320 12.110238 -0.985004
39.805400 0.854955 -1.628725
39.821460 -11.773973 -10.102534
39.838300 -2.630721 1.485870
39.854450 2.961664 6.366996
39.871110 6.329679 8.292966
39.887590 3.475770 -2.540080
39.903760 -2.696804 -13.748376
39.921550 -1.076378 -8.321910
39.936390 -4.186877 -2.000724
39.969830 -7.931490 4.938835
39.985950 10.006148 -3.482008
40.002300 18.654969 -2.294065
40.018720 19.271561 3.390615
40.035110 5.742801 9.178577
40.052050 -8.327188 10.311661
40.068160 -5.372430 6.117581
40.084460 7.786662 5.484591
40.101060 12.641833 -2.665237
40.117420 9.998738 -5.875254
40.134170 -5.531738 -0.347662
40.150590 -17.333887 6.910979
40.166790 -13.569835 8.372189
40.183060 -2.596999 -3.283581
40.199940 20.170115 -7.628224
40.216050 25.760388 -4.101296
40.232320 12.917006 2.748455
40.248860 -2.870214 7.325741
40.265670 -5.207715 6.301193
40.282000 7.535414 0.666144
40.298320 8.198767 -8.402669
40.314770 -2.573523 -10.254057
40.331310 0.429576 -1.293940
40.347370 -2.942988 6.447496
40.363780 -2.454664 5.818571
40.380420 -3.739193 0.855948
40.396800 0.567185 -1.841897
40.413380 4.182491 0.538388
40.429610 -1.474840 0.318813
40.462420 -7.190108 1.462502
40.478780 12.405598 -2.868367
40.495380 26.610621 -10.179961
40.511860 25.571502 -17.823610
40.529040 6.828433 -9.793982
40.544750 -16.360050 1.515665
40.561170 -14.412888 5.941696
40.577500 -4.500769 4.072612
40.594160 2.799066 -1.249472
40.610670 -1.549203 1.161907
40.627330 1.247294 -3.460412
40.643690 6.479838 -1.683802
40.660110 9.210484 2.944449
40.676590 5.925624 4.537113
40.693890 6.521537 5.834189
40.709210 9.563273 2.317504
40.725480 9.168597 9.906709
40.742080 10.729150 9.565716
40.758560 14.550984 3.287337
40.775190 9.298001 -7.643652
40.791490 -6.549096 -13.060423
40.807480 -13.866554 -6.962890
40.824450 -10.578728 -3.206175
40.840500 -0.508210 3.438485
40.856920 5.011245 1.336281
40.873150 1.877008 1.971236
40.906140 -1.518203 1.682408
40.923050 -6.221104 -1.485138
40.938980 2.928547 -9.960745
40.955640 6.675968 -21.085786
40.972210 12.379249 -2.915079
40.988570 24.852126 14.679094
41.004750 27.537049 19.289607
41.021100 18.636333 10.784140
41.037860 -4.762188 4.980680
41.053820 -12.409832 12.841919
41.070210 -7.707424 -0.644666
41.087170 -1.475634 -3.092879
41.103560 3.072470 1.416026
41.120010 -3.943755 10.583165
41.136030 -6.752068 6.821265
41.152540 -6.531214 -6.370210
41.169080 -0.460538 -3.903365
41.185680 5.634113 -0.021147
41.202040 3.200060 5.356457
41.218030 2.222052 -2.251629
41.235820 0.655233 -4.102289
41.251420 1.214933 -1.122590
41.267680 -1.889824 -3.265340
41.284410 1.877915 -5.451819
41.300490 1.009161 -6.296066
41.317030 14.615136 -4.721269
41.333760 23.030436 0.068214
41.349780 18.060867 0.820529
41.366320 9.854553 2.360909
41.382980 -5.230209 -4.368552
41.399030 -4.273563 -15.602956
41.415760 -3.170044 -8.124382
41.432080 0.545032 12.622917
41.448200 1.349215 27.351180
41.464520 1.706395 18.555535
41.481160 1.484065 3.451126
41.497760 -0.104908 -2.491571
41.514140 7.388884 -3.480921
41.530560 -1.111801 -6.320450
41.547040 -6.481842 -12.478862
41.563520 -20.737217 -0.425304
41.580000 -23.279204 9.687185
41.596210 -4.339796 13.394087
41.612900 1.081444 5.514622
41.645400 7.584295 -2.404431
41.663470 12.901053 -0.526030
41.695850 -38.194694 0.735681
41.712480 -94.981473 3.419441
41.745190 -107.580543 -0.402054
41.761860 -57.763437 -4.380602
41.778270 4.751376 -2.774564
41.797590 -0.341415 2.262167
41.810100 -5.402825 2.894641
41.826130 2.085539 3.376202
41.842820 11.028821 1.839392
41.858990 9.521045 7.538084
41.875990 -4.019855 1.612162
41.893330 -15.606448 -5.557152
41.909070 -6.763334 -5.793809
41.925060 6.547659 -0.627182
41.941420 10.664202 4.395842
41.958210 -5.967171 8.291595
41.974660 38.052020 10.211646
41.990680 67.974784 2.891049
42.007710 98.628300 6.525232
42.023640 80.406111 12.345462
42.040360 32.847661 16.953889
42.056500 20.490863 12.168068
42.073010 -5.552455 -4.123648
42.089130 10.855453 -9.229164
42.105580 8.138771 -6.436273
42.122600 1.655358 2.815818
42.137860 -0.548359 13.288284
42.154530 -7.110114 5.642284
42.170670 -0.602382 -8.077859
42.187520 -1.437376 -8.881247
42.204210 59.596032 45.161764
42.237410 -116.434518 -88.907578
42.254230 -271.742249 -211.946802
