0.000000 339.544800 156.229500
0.032710 520.497600 634.998000
0.051030 578.692800 558.379500
0.066650 584.404800 570.654000
0.083010 488.560800 531.762000
0.099610 544.521600 560.112000
0.115480 559.087200 598.447500
0.131100 580.221600 676.179000
0.147710 588.386400 658.245000
0.164310 596.131200 677.544000
0.179690 547.209600 639.082500
0.196290 593.678400 664.891500
0.212400 597.072000 673.365000
0.229490 601.792800 645.771000
0.245850 602.700000 657.142500
0.278810 597.088800 728.322000
0.295410 595.862400 658.213500
0.311770 593.409600 653.719500
0.328610 581.128800 647.346000
0.344480 538.910400 642.831000
0.361080 545.378400 656.187000
0.377200 562.346400 703.332000
0.394040 584.052000 658.108500
0.410160 580.540800 649.446000
0.426510 572.308800 595.707000
0.444090 576.021600 573.216000
0.460210 576.979200 577.689000
0.476320 610.612800 408.807000
0.492920 693.907200 227.934000
0.509520 695.956800 234.706500
0.525630 672.991200 193.903500
0.542240 705.280800 138.306000
0.558350 706.305600 148.827000
0.573970 659.030400 185.482500
0.590820 709.984800 209.769000
0.607180 713.865600 229.876500
0.623290 694.982400 195.657000
0.640140 723.542400 199.489500
0.658200 716.553600 155.452500
0.672610 666.758400 118.314000
0.689210 687.069600 131.418000
0.706050 684.633600 117.915000
0.722170 701.568000 135.576000
0.738280 644.347200 68.932500
0.755130 647.085600 83.233500
0.771240 526.663200 143.451000
0.790280 558.499200 145.393500
0.823240 550.183200 155.967000
0.839110 547.327200 101.997000
0.870120 567.319200 151.326000
0.886720 560.112000 121.705500
0.902830 564.547200 142.464000
0.920170 539.918400 256.189500
0.937260 576.105600 240.082500
0.953860 576.004800 239.683500
0.969480 560.229600 257.754000
0.988770 521.203200 184.957500
1.003420 516.129600 164.640000
1.017580 562.279200 269.535000
1.036620 587.546400 245.416500
1.053220 584.371200 233.068500
1.069340 581.263200 154.633500
1.086180 564.110400 145.530000
1.102290 567.453600 159.075000
1.118650 561.439200 226.537500
1.133300 577.416000 250.771500
1.149900 580.826400 263.686500
1.166020 551.728800 231.577500
1.182370 601.389600 201.138000
1.199460 594.384000 171.454500
1.215330 583.077600 114.817500
1.232670 552.384000 110.439000
1.248050 549.074400 96.831000
1.264650 536.894400 157.741500
1.282710 658.341600 107.572500
1.297360 662.037600 130.315500
1.314450 699.148800 170.394000
1.332030 697.687200 168.609000
1.346680 702.508800 195.489000
1.363040 720.568800 167.496000
1.379390 709.396800 179.886000
1.395750 711.211200 187.372500
1.412350 708.624000 211.984500
1.429200 708.708000 199.815000
1.445070 703.886400 172.725000
1.461670 698.745600 176.589000
1.478270 703.315200 140.616000
1.494870 703.752000 146.842500
1.510740 706.389600 136.762500
1.527340 722.030400 259.833000
1.543700 726.180000 279.604500
1.560300 735.268800 210.724500
1.576660 735.705600 179.455500
1.593020 733.840800 172.557000
1.609130 691.773600 221.959500
1.625490 847.240800 149.436000
1.642330 848.484000 156.534000
1.658690 903.033600 196.203000
1.674800 877.296000 144.837000
1.691410 876.170400 130.893000
1.707520 855.825600 212.131500
1.724370 881.126400 176.158500
1.757570 850.500000 146.685000
1.773930 861.823200 196.318500
1.806400 845.174400 172.599000
1.823000 881.613600 193.546500
1.839840 881.563200 200.046000
1.855220 879.883200 164.031000
1.871830 917.112000 172.819500
1.887940 917.935200 186.595500
1.904790 942.295200 208.267500
1.920900 954.256800 161.931000
1.937990 954.693600 155.064000
1.954100 966.991200 208.152000
1.974120 965.748000 141.771000
1.988280 964.790400 113.379000
2.003420 958.809600 89.785500
2.020260 959.515200 106.837500
2.037110 958.876800 118.828500
2.053710 930.216000 126.168000
2.070070 948.880800 196.182000
2.089600 950.241600 216.132000
2.102780 858.681600 218.998500
2.119630 839.697600 187.183500
2.135740 836.925600 154.696500
2.151860 850.550400 169.680000
2.170650 859.101600 151.987500
2.186520 857.841600 145.278000
2.201660 834.674400 122.839500
2.217530 860.294400 153.888000
2.233640 861.487200 167.254500
2.249760 853.608000 220.563000
2.266360 841.713600 174.300000
2.282960 843.124800 188.139000
2.299320 841.024800 209.223000
2.315920 861.352800 192.990000
2.332280 862.646400 207.081000
2.348390 856.480800 220.111500
2.365720 837.547200 280.822500
2.382080 837.530400 274.459500
2.398680 839.176800 249.805500
2.418700 872.692800 188.307000
2.431150 870.357600 160.891500
2.447270 900.211200 158.266500
2.464110 921.513600 132.142500
2.480220 920.438400 124.876500
2.496090 940.060800 98.080500
2.512940 936.868800 188.674500
2.529540 937.490400 201.715500
2.545650 945.319200 130.861500
2.562260 909.132000 132.930000
2.578610 909.434400 126.105000
2.594730 926.923200 105.777000
2.611570 936.952800 155.610000
2.630370 936.297600 142.306500
2.644040 919.413600 106.627500
2.660640 926.402400 94.500000
2.677250 927.141600 108.570000
2.693600 1046.892000 133.371000
2.710450 1065.036000 150.612000
2.726810 1064.028000 171.192000
2.742680 1069.084800 127.953000
2.759520 1082.810400 173.985000
2.775880 1083.364800 156.817500
2.792240 1063.591200 197.757000
2.808840 1077.031200 135.387000
2.841550 1031.469600 100.296000
2.857670 1069.740000 188.223000
2.874270 1069.303200 204.676500
2.890630 1021.154400 158.959500
2.907470 751.178400 169.470000
2.941160 584.740800 298.578000
2.957760 592.888800 284.592000
2.974610 596.316000 297.675000
2.989750 646.480800 279.205500
3.006100 621.616800 314.286000
3.023440 614.560800 286.188000
3.039550 640.096800 222.558000
3.056640 603.943200 221.665500
3.088130 611.251200 257.964000
3.104250 655.300800 301.938000
3.121090 660.895200 323.967000
3.137210 663.079200 310.516500
3.153810 631.377600 242.875500
3.170650 628.404000 229.929000
3.186280 736.999200 206.535000
3.203370 726.684000 258.772500
3.219480 727.104000 264.715500
3.235600 732.177600 255.129000
3.252200 724.399200 225.330000
3.268800 726.196800 232.092000
3.286870 757.142400 253.806000
3.301760 747.163200 234.675000
3.318600 742.896000 208.194000
3.334470 733.219200 184.212000
3.351070 723.172800 193.515000
3.367680 725.088000 204.876000
3.383790 761.376000 202.051500
3.400150 745.752000 261.397500
3.416750 749.800800 285.810000
3.434570 749.935200 260.736000
3.449710 741.921600 292.141500
3.466060 738.292800 273.840000
3.482910 830.071200 259.749000
3.499020 814.632000 194.418000
3.515140 814.800000 195.961500
3.531250 842.167200 255.822000
3.548100 823.687200 247.317000
3.564700 825.132000 254.289000
3.580810 804.669600 282.649500
3.597660 816.144000 274.585500
3.615230 813.304800 255.570000
3.630370 810.364800 176.253000
3.646730 886.216800 165.711000
3.663090 888.182400 184.201500
3.679930 892.886400 194.932500
3.696780 912.307200 242.655000
3.713130 912.189600 249.721500
3.729740 898.716000 298.032000
3.744630 892.080000 282.828000
3.761720 891.273600 264.705000
3.777830 900.345600 252.588000
3.794190 902.445600 202.209000
3.810790 901.538400 189.294000
3.827390 922.168800 197.631000
3.843750 983.287200 225.991500
3.859620 982.833600 232.396500
3.876460 999.784800 200.214000
3.892820 952.711200 181.996500
3.909420 953.232000 195.268500
3.925540 981.355200 227.577000
3.942380 993.820800 260.379000
3.958740 994.560000 267.109500
3.974850 955.231200 213.885000
3.991700 964.639200 302.757000
4.008060 963.312000 301.885500
4.023930 959.414400 197.431500
4.041020 1013.712000 265.177500
4.056880 1014.921600 263.844000
4.073730 1071.890400 234.465000
4.090090 1035.232800 187.267500
4.106450 1034.846400 155.463000
4.122800 1064.683200 127.123500
4.139160 1057.728000 188.212500
4.155760 1057.459200 201.306000
4.171630 1046.052000 198.240000
4.188480 1071.823200 212.908500
4.221440 1065.859200 199.626000
4.238040 1082.508000 202.209000
4.272710 1038.828000 227.199000
4.287110 909.770400 181.723500
4.303470 909.484800 187.320000
4.319580 581.834400 300.300000
4.336430 598.080000 298.704000
4.352780 599.911200 304.300500
4.369140 601.104000 328.986000
4.385740 547.831200 260.011500
4.402590 543.597600 243.054000
4.418700 616.778400 321.489000
4.435060 555.609600 226.065000
4.451660 552.216000 213.465000
4.467770 594.367200 296.058000
4.484380 553.375200 221.004000
4.500980 554.484000 226.873500
4.516850 549.410400 328.041000
4.533690 602.212800 301.245000
4.550050 604.413600 307.324500
4.566410 658.677600 262.027500
4.585690 650.193600 293.244000
4.601070 648.429600 287.007000
4.617430 697.653600 235.830000
4.631840 715.293600 265.954500
4.648440 717.124800 272.328000
4.665040 696.914400 230.338500
4.682370 652.411200 329.584500
4.698970 653.184000 335.632500
4.715330 675.729600 326.760000
4.730470 698.930400 296.488500
4.747310 703.197600 315.766500
4.763430 695.940000 282.397500
4.780030 735.033600 319.504500
4.795900 733.471200 313.477500
4.812740 699.434400 273.210000
4.828860 705.650400 324.093000
4.845700 708.103200 336.357000
4.862060 703.920000 375.910500
4.878420 737.469600 300.720000
4.894780 735.168000 287.679000
4.910890 749.868000 289.600500
4.927730 798.067200 230.254500
4.944090 796.320000 216.846000
4.960450 756.117600 250.330500
4.977050 744.340800 247.033500
4.993160 746.188800 253.711500
5.009770 766.600800 263.623500
5.026120 728.565600 298.084500
5.042720 726.348000 285.852000
5.058840 739.166400 245.542500
5.075440 748.305600 186.606000
5.092040 746.256000 173.302500
5.108150 796.840800 202.093500
5.125730 728.901600 218.914500
5.142090 731.438400 238.014000
5.158200 772.816800 227.104500
5.175050 770.414400 319.977000
5.191160 773.824800 338.709000
5.207280 776.479200 306.820500
5.223880 834.136800 225.781500
5.240720 832.708800 212.677500
5.258060 817.504800 238.444500
5.272950 804.988800 294.798000
5.306150 831.028800 270.028500
5.323000 793.934400 228.270000
5.338870 792.170400 215.008500
5.356690 831.768000 241.804500
5.372070 815.085600 236.596500
5.405030 779.284800 270.721500
5.421880 830.491200 246.508500
5.438230 831.952800 259.444500
5.454830 776.764800 271.855500
5.472660 835.581600 272.118000
5.488040 835.850400 278.145000
5.504150 815.942400 260.232000
5.520020 830.407200 260.515500
5.536380 830.356800 265.545000
5.553220 840.504000 305.980500
5.570070 873.835200 244.093500
5.593750 874.826400 249.837000
5.603270 963.429600 300.825000
5.618160 942.144000 239.284500
5.634520 942.244800 241.594500
5.650880 939.825600 298.924500
5.667480 912.576000 300.436500
5.699710 974.181600 285.106500
5.716550 964.269600 237.520500
5.733150 964.202400 216.993000
5.750000 970.384800 253.743000
5.766850 969.645600 221.172000
5.783940 969.242400 208.435500
5.800290 903.638400 257.208000
5.814700 942.748800 240.565500
5.831300 943.135200 259.644000
5.847170 959.263200 237.867000
5.864010 1025.320800 269.850000
5.896730 980.582400 261.870000
5.913330 990.444000 190.711500
5.929930 990.897600 184.128000
5.946040 1023.002400 244.177500
5.962650 981.724800 268.369500
5.979250 981.103200 261.943500
5.995120 980.666400 206.776500
6.013180 1018.332000 239.620500
6.028320 1019.004000 232.617000
6.044430 1005.984000 187.005000
6.060790 1035.132000 181.503000
6.077640 1035.182400 168.409500
6.093990 1043.481600 157.195500
6.110600 1087.564800 202.671000
6.143070 1061.205600 220.374000
6.159910 1126.305600 157.426500
6.176030 1124.642400 177.229500
6.192380 1073.217600 192.570000
6.208740 1069.857600 209.412000
6.225340 1069.840800 229.813500
6.241940 1111.387200 224.752500
6.258300 1097.409600 223.713000
6.274900 1097.107200 216.856500
6.291260 1086.002400 219.912000
6.307620 1091.294400 265.345500
6.324220 1090.706400 278.176500
6.340580 1108.161600 229.246500
6.356930 1164.912000 300.940500
6.389650 1134.100800 296.530500
6.406250 1156.764000 305.676000
6.423100 1158.981600 286.503000
6.439940 1093.444800 191.929500
6.457520 1122.744000 160.671000
6.473140 1123.231200 140.322000
6.490230 970.368000 157.006500
6.506100 647.102400 187.971000
6.522460 651.907200 208.036500
6.538820 551.090400 366.145500
6.555420 568.192800 385.780500
6.577390 568.293600 386.127000
6.587650 580.994400 336.808500
6.603520 558.969600 350.311500
6.620850 560.263200 356.023500
6.636230 588.134400 374.892000
6.653080 571.401600 320.911500
6.670900 570.040800 314.548500
6.685790 550.519200 317.751000
6.702150 561.204000 336.714000
6.718260 554.232000 313.152000
6.734620 544.236000 262.741500
6.751710 549.124800 334.068000
6.767820 553.812000 351.256500
6.783940 653.620800 302.557500
6.801030 696.746400 270.196500
6.816890 699.232800 282.838500
6.833740 717.208800 324.439500
6.849850 684.986400 292.593000
6.865720 684.348000 286.482000
6.882080 641.692800 331.968000
6.898930 694.226400 260.253000
6.915530 695.503200 271.897500
6.932130 693.957600 347.550000
6.949950 714.151200 400.995000
6.965090 718.200000 417.406500
6.981200 701.349600 386.200500
6.999270 765.072000 356.569500
7.014400 762.787200 340.189500
7.030760 773.404800 291.784500
7.047120 759.477600 301.864500
7.063480 757.478400 289.579500
7.080080 789.230400 293.328000
7.096440 776.596800 265.366500
7.115230 774.698400 252.493500
7.129390 798.134400 199.794000
7.145510 776.176800 222.873000
7.162350 774.597600 216.142500
7.178470 752.455200 243.663000
7.195310 786.172800 277.494000
7.211670 787.567200 283.867500
7.234620 816.211200 185.923500
7.245360 754.622400 270.837000
7.260740 752.656800 258.678000
7.276860 849.744000 161.668500
7.293700 864.460800 150.864000
7.310060 865.653600 164.377500
7.327150 869.685600 203.784000
7.343020 868.879200 239.673000
7.359380 870.055200 252.682500
7.375490 837.244800 234.223500
7.392330 876.439200 201.075000
7.408450 875.112000 194.008500
7.424560 851.256000 201.432000
7.441650 862.310400 206.283000
7.458010 862.260000 199.636500
7.474120 872.474400 237.625500
7.490720 910.912800 222.673500
7.507320 909.787200 216.289500
7.523680 863.940000 136.206000
7.539790 858.816000 141.361500
7.556150 862.360800 180.915000
7.572510 922.185600 253.417500
7.589110 943.857600 341.638500
7.605960 944.109600 335.569500
7.621830 964.387200 227.241000
7.638430 1000.910400 246.298500
7.655030 999.969600 228.910500
7.671390 980.095200 235.672500
7.688230 986.731200 234.402000
7.704350 986.832000 266.133000
7.720460 945.655200 336.210000
7.736820 989.637600 368.182500
7.753420 990.091200 360.874500
7.769780 952.106400 317.950500
7.786620 992.947200 290.031000
7.802980 993.081600 260.179500
7.819090 947.049600 190.029000
7.835450 948.796800 163.831500
7.853270 948.444000 170.877000
7.869380 965.395200 244.986000
7.888670 977.239200 203.290500
7.902340 978.079200 209.958000
7.917480 1059.643200 209.811000
7.934080 1128.859200 140.563500
7.950930 1129.598400 127.008000
7.967290 1115.553600 209.044500
7.985110 1098.518400 253.963500
8.000240 1096.939200 273.010500
8.016110 1081.634400 309.813000
8.032710 1090.689600 272.380500
8.049320 1090.706400 271.992000
8.065430 1091.361600 188.632500
8.082280 1107.724800 220.216500
8.098390 1108.598400 213.769500
8.115230 1066.497600 225.424500
8.131590 1113.268800 218.085000
8.147950 1112.815200 211.680000
8.164550 1122.609600 236.071500
8.180910 1113.638400 237.195000
8.197270 1113.672000 236.817000
8.213380 1137.696000 264.253500
8.230220 1127.565600 245.941500
8.246340 1128.607200 239.767500
8.262940 1101.290400 221.949000
8.279300 834.321600 265.450500
8.295900 834.372000 265.828500
8.313230 533.584800 310.695000
8.328860 570.578400 330.456000
8.344970 576.055200 353.104500
8.361080 593.359200 412.177500
8.377930 642.096000 414.802500
8.394290 650.479200 446.376000
8.410890 573.182400 482.559000
8.427490 602.817600 437.745000
8.443850 597.004800 414.561000
8.459720 597.273600 380.551500
8.476810 584.270400 393.771000
8.493160 571.620000 351.225000
8.509280 604.312800 261.628500
8.525880 613.720800 297.759000
8.558350 725.020800 262.101000
8.575200 793.346400 270.490500
8.607670 780.158400 241.185000
8.624510 729.388800 217.602000
8.640870 731.572800 230.443500
8.656980 751.060800 287.563500
8.673830 744.492000 279.636000
8.706300 742.308000 266.070000
8.722900 763.996800 273.745500
8.739500 764.383200 279.625500
8.755620 765.626400 308.427000
8.772710 744.643200 313.047000
8.788570 748.960800 337.795500
8.804930 738.998400 334.267500
8.821290 743.450400 361.126500
8.854740 821.385600 375.375000
8.872310 857.455200 314.023500
8.887210 856.296000 295.155000
8.903320 890.551200 292.551000
8.920170 862.864800 251.569500
8.936520 860.479200 226.359000
8.952640 842.940000 154.140000
8.971920 875.817600 148.648500
8.987550 875.616000 155.001000
9.001710 836.572800 177.397500
9.018550 835.598400 230.506500
9.034910 836.959200 243.148500
9.051510 832.104000 314.485500
9.067630 882.705600 264.411000
9.084470 883.747200 271.204500
9.100590 994.744800 297.150000
9.116940 1008.218400 283.111500
9.133540 1007.580000 289.401000
9.149660 980.380800 262.143000
9.166500 1001.397600 242.949000
9.183110 1000.910400 247.789500
9.199710 945.218400 264.043500
9.215820 985.084800 308.196000
9.231930 986.193600 307.366500
9.248050 1000.927200 326.466000
9.264650 1005.194400 303.439500
9.281010 1004.623200 286.398000
9.297360 953.282400 265.251000
9.313960 1026.076800 249.312000
9.330320 1026.009600 261.870000
9.346680 995.198400 274.858500
9.363280 1007.916000 303.334500
9.379390 1008.537600 297.496500
9.396240 751.413600 304.363500
9.412110 814.077600 342.426000
9.428960 811.104000 324.786000
9.445560 773.875200 271.299000
9.461910 777.722400 268.663500
9.478270 779.268000 274.806000
9.494870 786.290400 327.159000
9.510990 758.923200 278.785500
9.527830 757.243200 272.527500
9.543950 785.030400 273.336000
9.562260 794.724000 298.221000
9.578860 798.134400 322.623000
9.595700 793.951200 360.171000
9.609620 813.876000 360.423000
9.626220 815.556000 372.739500
9.642580 811.288800 366.870000
9.658450 796.303200 337.228500
9.675290 794.488800 324.597000
9.691410 843.175200 329.112000
9.708250 871.365600 288.256500
9.724370 871.214400 282.009000
9.740720 883.478400 344.074500
9.757320 858.312000 345.733500
9.773440 858.345600 346.090500
9.790040 823.065600 326.151000
9.807620 843.796800 319.756500
9.839840 822.309600 322.549500
9.856930 853.826400 316.113000
9.873050 852.532800 303.744000
9.889400 860.848800 298.809000
9.906250 855.523200 284.308500
9.938960 1048.387200 249.396000
9.955320 1013.325600 305.707500
9.988040 1040.457600 265.282500
10.004390 1039.147200 252.766500
10.020750 1039.298400 240.135000
10.036870 1010.436000 249.543000
10.052980 1019.524800 267.340500
10.070310 1018.936800 285.673500
10.086180 977.726400 244.566000
10.102540 1021.440000 303.093000
10.118650 1022.028000 321.993000
10.135010 1072.680000 324.607500
10.151370 1059.307200 319.336500
10.168460 1059.021600 313.015500
10.184570 1074.007200 256.672500
10.201170 1061.088000 315.451500
10.217530 1060.382400 338.677500
10.233640 1101.626400 364.770000
10.250490 1071.100800 378.441000
10.266850 1072.377600 359.824500
10.284910 1122.794400 324.313500
10.302250 1080.508800 298.021500
10.316160 1080.475200 281.190000
10.332520 1092.588000 308.868000
10.349120 1167.196800 280.948500
10.365480 1166.004000 300.331500
10.381590 1149.086400 389.172000
10.398190 1113.806400 310.611000
10.414790 1113.638400 304.279500
10.431150 1136.419200 320.103000
10.448000 1155.655200 317.478000
10.465090 1156.948800 310.810500
10.480220 1119.064800 281.242500
10.497310 1050.907200 242.823000
10.513430 1049.748000 241.878000
10.530030 578.457600 440.769000
10.546390 559.053600 433.807500
10.562500 563.505600 444.276000
10.578860 550.435200 433.125000
10.595700 554.601600 415.684500
10.612060 544.286400 383.995500
10.628170 558.633600 376.887000
10.645020 554.517600 313.971000
10.677730 537.331200 378.850500
10.694090 560.481600 300.783000
10.710690 565.017600 318.255000
10.726810 600.734400 338.551500
10.743410 580.406400 366.597000
10.760010 586.320000 384.783000
10.776370 535.500000 408.964500
10.792970 568.932000 387.933000
10.809080 567.436800 386.410500
10.826420 623.296800 377.947500
10.844970 596.517600 417.763500
10.858400 602.868000 439.225500
10.875000 541.917600 441.619500
10.892330 550.737600 450.649500
10.907960 545.529600 434.007000
10.924320 601.473600 426.310500
10.942630 608.294400 430.216500
10.958250 606.396000 425.050500
10.973630 646.060800 430.615500
10.989990 603.876000 441.105000
11.006590 613.317600 472.510500
11.022950 630.285600 544.162500
11.040530 620.491200 541.789500
11.059080 614.846400 520.569000
11.071780 553.896000 445.116000
11.088380 513.693600 463.470000
11.104740 501.429600 432.862500
11.121340 585.043200 371.259000
11.137940 588.403200 350.889000
11.154050 597.105600 379.900500
11.170650 620.709600 457.674000
11.187260 733.303200 384.121500
11.203370 735.352800 390.967500
11.219480 921.362400 303.912000
11.236570 949.166400 318.024000
11.252440 948.612000 305.539500
11.271000 1011.259200 348.159000
11.285640 975.156000 292.393500
11.302250 974.013600 275.121000
11.318600 954.710400 294.336000
11.334960 971.611200 289.611000
11.351070 971.594400 289.233000
11.367680 957.180000 337.764000
11.384030 951.820800 325.710000
11.400880 952.123200 319.777500
11.416990 947.419200 252.514500
11.433590 1016.500800 255.160500
11.451170 1015.862400 248.934000
11.467290 1042.759200 271.152000
11.484380 1049.412000 253.806000
11.501220 1049.176800 266.269500
11.515380 1045.732800 324.964500
11.531980 1067.136000 307.765500
11.548100 1066.732800 320.187000
11.564700 1038.340800 331.600500
11.581540 1037.282400 322.108500
11.598390 1037.736000 328.912500
11.614010 1026.093600 336.157500
11.630860 1036.980000 337.995000
11.646970 1037.131200 326.035500
11.663570 1056.165600 226.894500
11.680180 996.492000 282.849000
11.696290 996.072000 288.834000
11.712400 1110.816000 281.505000
11.729000 1133.008800 300.709500
11.745850 1132.084800 313.225500
11.761960 1115.419200 362.061000
11.779790 1133.664000 360.444000
11.812740 1125.818400 405.247500
11.829830 1101.374400 369.852000
11.843990 1102.365600 363.930000
11.860600 1119.081600 281.956500
11.877200 1126.372800 289.768500
11.893550 1125.616800 289.033500
11.909180 1085.834400 314.338500
11.925540 1119.888000 377.622000
11.942140 1118.191200 399.808500
11.958250 1090.857600 406.360500
11.974850 1115.604000 368.760000
11.991460 1116.544800 363.258000
12.008060 1111.084800 306.169500
12.025150 1086.808800 340.630500
12.041260 1087.312800 329.983500
12.058110 1091.916000 334.866000
12.074220 1119.468000 383.208000
12.090820 1117.804800 398.643000
12.107420 1077.703200 366.397500
12.123540 1080.777600 385.014000
12.139890 1081.180800 395.566500
12.156490 737.335200 416.178000
12.172360 628.236000 456.792000
12.188960 621.062400 436.296000
12.205080 564.782400 443.373000
12.221680 565.706400 462.147000
12.238040 566.832000 463.459500
12.254390 573.602400 452.655000
12.271000 581.582400 428.589000
12.287600 576.156000 413.206500
12.303710 586.034400 367.773000
12.320560 602.582400 432.589500
12.336670 604.900800 438.595500
12.353030 577.869600 453.264000
12.369870 568.461600 471.324000
12.385990 568.041600 470.085000
12.402590 577.399200 435.298500
12.418950 645.607200 427.707000
12.436040 642.549600 416.136000
12.452150 563.421600 411.694500
12.469240 593.863200 388.678500
12.486080 591.964800 384.205500
12.501460 685.188000 418.750500
12.517580 694.797600 428.893500
12.534420 699.955200 451.374000
12.550540 718.687200 526.459500
12.566890 688.867200 492.775500
12.585450 686.112000 481.771500
12.599850 671.076000 495.127500
12.616460 699.720000 480.532500
12.649170 757.058400 427.371000
12.665530 815.724000 372.613500
12.682130 813.775200 358.249500
12.698240 801.578400 317.163000
12.715090 825.938400 281.053500
12.731450 824.460000 268.695000
12.747310 813.052800 314.601000
12.764400 809.860800 293.548500
12.780760 813.708000 325.552500
12.796630 839.697600 380.530500
12.815430 853.759200 390.180000
12.830080 856.279200 402.402000
12.846190 829.483200 357.693000
12.863040 849.172800 349.776000
12.879390 846.703200 333.217500
12.896480 809.289600 388.773000
12.913820 787.483200 370.765500
12.929440 787.096800 364.759500
12.945560 826.156800 324.502500
12.962160 795.278400 288.193500
12.978760 793.682400 281.977500
12.997560 790.305600 331.264500
13.011720 860.428800 297.265500
13.030760 862.915200 322.360500
13.044430 821.822400 407.767500
13.059810 834.607200 391.482000
13.075440 833.095200 379.375500
13.092290 854.397600 374.346000
13.108890 837.396000 343.927500
13.125240 835.884000 325.993500
13.141600 800.856000 304.164000
13.158450 820.192800 262.783500
13.174070 818.714400 250.593000
13.190430 867.955200 276.192000
13.207520 819.638400 272.937000
13.223630 821.150400 285.285000
13.240230 951.736800 264.211500
13.256590 948.158400 314.485500
13.272950 948.746400 343.350000
13.290040 935.205600 326.760000
13.306400 1004.001600 339.129000
13.339360 982.413600 325.279500
13.355710 971.964000 304.038000
13.372560 971.292000 280.518000
13.388430 923.680800 327.925500
13.405270 972.115200 337.575000
13.421630 973.056000 343.843500
13.437740 920.589600 339.780000
13.454590 1001.280000 300.100500
13.472660 1001.397600 311.272500
13.487550 1016.601600 354.060000
13.503660 1022.884800 336.525000
13.519780 1022.380800 329.910000
13.536130 996.962400 319.074000
13.553960 969.981600 286.702500
13.571040 970.334400 299.050500
13.585690 956.894400 303.702000
13.602290 984.782400 350.815500
13.618410 985.034400 363.562500
13.635010 991.720800 423.706500
13.651370 970.872000 334.918500
13.668210 970.149600 311.073000
13.684080 1022.179200 310.170000
13.701420 971.628000 312.931500
13.717290 971.090400 317.929500
13.734130 1015.106400 368.697000
13.751220 917.078400 379.512000
13.767580 918.607200 396.858000
13.783690 899.656800 447.583500
13.801270 831.280800 404.922000
13.816890 829.718400 389.088000
13.832030 858.648000 421.249500
13.848630 837.950400 444.853500
13.865230 836.556000 433.986000
13.881100 796.269600 366.030000
13.899170 850.298400 392.511000
13.930660 807.542400 396.532500
13.947270 847.207200 450.408000
13.963620 847.089600 444.643500
13.982420 834.271200 379.459500
13.998290 867.619200 401.226000
14.014890 867.367200 405.510000
14.030030 910.509600 420.966000
14.045650 983.421600 352.747500
14.062990 983.892000 377.265000
14.079830 992.728800 360.664500
14.095700 1040.407200 382.095000
14.112550 1040.592000 371.563500
14.129150 1009.108800 370.996500
14.145510 980.582400 339.811500
14.177980 985.689600 364.497000
14.194580 1039.080000 381.811500
14.210940 1039.298400 369.642000
14.228030 1009.092000 296.362500
14.242190 990.192000 290.283000
14.258790 989.973600 277.536000
14.275150 997.147200 342.016500
14.291750 1038.240000 346.668000
14.308110 1038.559200 352.978500
14.324460 942.883200 330.120000
14.341060 966.201600 329.469000
14.356930 965.798400 317.520000
14.374020 956.088000 264.159000
14.390140 975.256800 270.921000
14.406740 974.181600 281.967000
14.423100 961.665600 320.302500
14.439210 944.143200 329.532000
14.456050 946.428000 353.608500
14.472170 948.864000 352.642500
14.488280 928.704000 354.207000
14.504880 926.654400 319.641000
14.521240 935.188800 280.602000
14.538330 955.836000 186.805500
14.554440 955.113600 180.085500
14.571290 958.507200 265.818000
14.587400 968.100000 335.758500
14.604740 969.141600 341.764500
14.620610 958.406400 404.292000
14.637700 943.706400 417.501000
14.653560 943.723200 417.816000
14.669920 947.721600 443.383500
14.687010 933.962400 423.433500
14.702390 934.432800 439.813500
14.719240 929.073600 421.890000
14.735600 942.463200 422.299500
14.751950 942.648000 416.388000
14.768070 953.248800 446.995500
14.784910 911.064000 392.164500
14.801270 910.039200 386.851500
14.817380 910.963200 362.292000
14.833980 928.435200 384.415500
14.850590 929.796000 407.757000
14.866700 931.173600 433.104000
14.883060 911.668800 481.845000
14.899660 911.752800 476.857500
14.916020 939.422400 376.992000
14.932620 908.023200 379.386000
14.949220 907.166400 367.794000
14.965580 922.538400 409.731000
14.982180 925.965600 400.848000
14.998290 925.192800 410.644500
15.014400 992.359200 426.405000
15.033690 998.054400 457.233000
15.050290 998.272800 487.683000
15.067380 1020.969600 467.386500
15.083980 1001.095200 546.735000
15.098140 1001.145600 556.258500
15.113530 1002.456000 531.048000
15.130370 1015.123200 541.737000
15.146240 1015.845600 527.509500
15.162840 1011.645600 472.500000
15.179200 1029.940800 449.883000
15.195800 1029.369600 444.748500
15.212400 958.776000 490.854000
15.229000 985.740000 510.982500
15.245120 986.596800 499.107000
15.261960 1008.184800 418.981500
15.278810 1068.631200 389.056500
15.294430 1069.437600 351.676500
15.310550 1117.855200 326.277000
15.326170 1132.118400 373.023000
15.342770 1131.244800 390.243000
15.359380 1130.841600 359.509500
15.375980 1136.083200 355.005000
15.392330 1137.024000 343.287000
15.408450 1119.266400 365.263500
15.425050 1092.907200 381.223500
15.441410 1092.604800 374.902500
15.458250 1130.589600 315.756000
15.474610 1149.506400 361.357500
15.490720 1147.305600 384.394500
15.507320 1121.232000 459.553500
15.523930 880.437600 387.691500
15.542240 881.529600 399.703500
15.557860 548.889600 521.272500
15.573490 557.524800 517.681500
15.606200 520.699200 465.853500
15.622560 582.405600 506.436000
15.638920 581.095200 501.522000
15.655520 523.118400 489.121500
15.671630 517.557600 501.018000
15.688230 510.988800 484.785000
15.704830 581.280000 475.366500
15.721190 567.336000 466.126500
15.737300 570.830400 476.595000
15.754150 541.497600 470.095500
15.770750 576.072000 485.751000
15.787110 578.592000 491.410500
15.803220 568.528800 462.430500
15.820070 514.584000 407.389500
15.836430 506.587200 384.489000
15.852540 584.841600 326.161500
15.868900 546.789600 319.924500
15.885740 543.211200 307.923000
15.901610 595.711200 333.532500
15.918700 534.189600 332.472000
15.935060 537.868800 344.232000
15.951660 572.796000 332.545500
15.967770 532.492800 369.253500
15.983890 537.516000 386.715000
16.000240 554.198400 312.186000
16.016850 551.040000 403.641000
16.033450 552.132000 407.925000
16.049560 663.583200 394.537500
16.068600 702.643200 412.534500
16.084470 704.289600 417.490500
16.101320 643.288800 448.234500
16.117680 679.963200 403.872000
16.131840 680.433600 405.877500
16.148190 650.445600 436.170000
16.165040 681.492000 419.853000
16.197510 684.532800 391.975500
16.214360 686.683200 463.029000
16.231450 683.104800 446.397000
16.246830 640.382400 352.695000
16.263180 723.878400 293.863500
16.280030 721.660800 281.830500
16.296140 618.828000 370.755000
16.312500 662.037600 462.871500
16.331540 665.700000 478.590000
16.346920 651.638400 466.210500
16.363280 632.570400 464.488500
16.382810 636.518400 479.692500
16.398190 642.448800 554.494500
16.412350 669.026400 529.693500
16.428710 670.773600 534.282000
16.444090 668.925600 540.351000
16.460940 692.865600 518.868000
16.477050 690.564000 509.838000
16.493160 672.201600 551.061000
16.510250 655.620000 508.053000
16.526120 652.596000 497.196000
16.542720 664.490400 470.295000
16.560060 630.201600 475.167000
16.592040 548.805600 452.812500
16.608640 543.631200 443.257500
16.625000 546.352800 449.442000
16.641110 552.300000 460.803000
16.657470 574.812000 471.303000
16.674070 568.797600 454.650000
16.690430 589.898400 418.477500
16.707030 598.466400 480.763500
16.723390 598.365600 480.448500
16.741700 573.921600 484.669500
16.756590 549.914400 488.176500
16.772950 552.451200 493.920000
16.788820 593.308800 439.719000
16.805910 567.504000 420.619500
16.822020 563.992800 409.573500
16.838380 563.102400 431.970000
16.854740 582.439200 423.003000
16.871580 583.548000 428.232000
16.887450 570.376800 401.887500
16.904300 540.321600 451.846500
16.920410 544.101600 462.661500
16.937010 607.689600 467.187000
16.953370 527.923200 458.514000
16.969480 523.958400 447.478500
16.985840 578.810400 443.436000
17.002200 582.422400 460.603500
17.036870 711.177600 466.189500
17.053220 769.792800 468.562500
17.073970 769.540800 463.512000
17.085450 757.159200 471.754500
17.101320 738.880800 459.217500
17.117680 736.764000 448.917000
17.134280 778.276800 338.047500
17.150390 761.947200 343.938000
17.166750 764.265600 361.063500
17.183350 758.772000 430.048500
17.199710 746.356800 458.734500
17.216310 748.490400 469.486500
17.232420 752.220000 521.619000
17.248780 781.569600 485.352000
17.265140 779.654400 474.610500
17.281740 841.596000 413.679000
17.298100 887.913600 443.551500
17.314700 888.888000 459.175500
17.331050 859.454400 489.709500
17.347660 843.662400 489.289500
17.364990 846.266400 499.905000
17.381100 845.073600 533.442000
17.405520 848.568000 427.392000
17.415280 847.257600 416.461500
17.429440 867.585600 429.828000
17.445800 823.855200 473.497500
17.479740 856.363200 493.825500
17.501460 859.588800 444.444000
17.515630 858.715200 440.265000
17.529790 930.535200 408.040500
17.546880 947.923200 439.876500
17.562260 948.427200 450.922500
17.578370 884.721600 474.600000
17.595950 938.733600 466.326000
17.611570 938.431200 449.484000
17.628170 922.420800 376.152000
17.643550 938.011200 408.324000
17.661130 936.818400 386.116500
17.677000 939.204000 326.182500
17.693600 1033.435200 340.557000
17.709960 1032.158400 350.280000
17.732420 1033.838400 379.911000
17.743160 1003.716000 385.444500
17.758540 1004.354400 413.542500
17.774660 999.129600 485.478000
17.791260 1012.821600 440.685000
17.825200 1045.749600 462.966000
17.840330 1048.504800 487.410000
17.856690 1049.092800 491.767500
17.873290 1012.216800 485.593500
17.889890 1011.914400 456.225000
17.906490 1010.654400 444.969000
17.922360 1021.608000 431.613000
17.939450 1088.908800 443.079000
17.955810 1089.967200 444.223500
17.971920 1130.522400 390.631500
17.989500 1102.466400 397.288500
18.006100 1103.810400 375.879000
18.021970 1092.100800 398.107500
18.038820 1085.851200 435.403500
18.071290 1117.519200 419.895000
18.087160 1094.856000 435.855000
18.103520 1094.856000 435.855000
18.119630 1096.032000 435.603000
18.135990 954.542400 477.550500
18.152830 953.719200 472.048500
18.168950 591.628800 503.349000
18.185550 594.552000 527.110500
18.202150 597.861600 536.959500
18.218020 610.209600 611.793000
18.234620 605.841600 551.008500
18.267330 619.684800 502.404000
18.283940 628.639200 496.398000
18.316650 612.528000 566.034000
18.333500 634.250400 566.244000
18.349610 637.476000 576.345000
18.366210 634.216800 596.368500
18.382570 626.304000 591.948000
18.399170 622.960800 582.015000
18.415280 591.309600 565.687500
18.431880 558.314400 561.876000
18.448240 554.534400 551.911500
18.464360 610.125600 527.793000
18.480470 578.020800 526.407000
18.497070 580.524000 532.056000
18.513670 567.033600 565.876500
18.530030 568.881600 585.879000
18.546630 567.655200 584.692500
18.562990 630.302400 614.670000
18.579350 630.386400 547.344000
18.595700 635.342400 561.855000
18.612300 618.576000 639.922500
18.628660 629.731200 618.114000
18.645020 626.959200 610.071000
18.661620 665.246400 589.774500
18.677980 628.672800 548.709000
18.711670 671.848800 472.269000
18.728270 679.291200 597.387000
18.744380 684.600000 615.499500
18.760990 719.980800 583.075500
18.777340 696.494400 578.413500
18.793700 695.839200 573.373500
18.811040 697.048800 559.282500
18.826420 647.337600 524.422500
18.842530 642.667200 510.142500
18.858640 661.886400 557.739000
18.875490 640.718400 572.722500
18.891850 643.776000 582.424500
18.907960 656.560800 562.390500
18.925290 679.778400 624.036000
18.941160 676.250400 609.976500
18.957520 827.484000 629.695500
18.974120 862.512000 669.480000
18.990480 860.092800 656.848500
19.006590 859.857600 643.293000
19.023190 804.736800 644.511000
19.039790 808.029600 662.035500
19.055910 848.853600 729.382500
19.072750 892.113600 723.922500
19.088870 893.104800 732.364500
19.105220 833.532000 762.489000
19.121830 809.340000 655.809000
19.154540 857.085600 723.838500
19.170900 857.875200 724.017000
19.203860 855.120000 737.425500
19.221680 832.020000 704.319000
19.238770 830.491200 695.562000
19.254150 881.479200 712.960500
19.270750 896.565600 703.017000
19.303470 820.713600 693.136500
19.320310 822.376800 694.911000
19.336670 823.905600 699.604500
19.352540 999.969600 653.268000
19.373780 1020.549600 614.040000
19.385740 1020.180000 599.938500
19.402340 1016.383200 584.398500
19.420170 1027.555200 642.915000
19.435060 1027.824000 647.398500
19.451660 996.374400 583.926000
19.468510 1004.371200 631.711500
19.486820 1003.833600 636.247500
19.499270 1021.927200 621.463500
19.516600 981.523200 701.116500
19.548830 986.328000 699.951000
19.565430 1011.696000 633.202500
19.598140 1014.652800 673.984500
19.614990 1022.263200 709.758000
19.631100 1022.901600 705.736500
19.647710 1033.922400 621.075000
19.663820 1122.424800 597.208500
19.680660 1122.290400 592.693500
19.696780 1129.144800 599.896500
19.713380 1133.445600 690.186000
19.729740 1132.286400 698.617500
19.746090 1091.596800 656.355000
19.762450 1094.704800 620.004000
19.778810 1095.494400 610.638000
19.795410 1120.056000 643.660500
19.812010 1112.210400 592.945500
19.828130 1111.353600 596.641500
19.844730 1124.928000 650.664000
19.861330 1134.823200 692.580000
19.877690 1133.647200 704.907000
19.894040 1129.548000 626.157000
19.910400 1082.928000 699.783000
19.927000 1082.155200 708.813000
19.943360 897.758400 844.651500
19.962400 848.484000 890.736000
19.978520 847.039200 883.764000
19.994870 866.762400 907.336500
20.009280 878.556000 838.992000
20.025390 876.573600 822.087000
20.041990 903.907200 868.864500
20.060550 900.412800 833.910000
20.074710 901.185600 843.276000
20.091310 857.757600 846.237000
20.107670 857.724000 888.069000
20.124270 860.277600 898.411500
20.140380 885.124800 876.571500
20.156980 870.324000 897.445500
20.173340 866.812800 881.737500
20.190670 905.973600 813.897000
20.207280 917.985600 820.081500
20.223630 918.674400 827.032500
20.239750 1042.843200 1025.241000
20.256350 1077.837600 1024.989000
20.272220 1077.031200 1030.249500
20.288090 1090.303200 1019.676000
20.304690 1047.681600 979.650000
20.321290 1048.891200 971.365500
20.337400 1057.677600 976.668000
20.354000 1064.397600 924.787500
20.370850 1064.481600 924.105000
20.386960 1101.861600 953.505000
20.403810 998.088000 971.838000
20.435790 1078.828800 947.173500
20.454100 1062.180000 891.177000
20.469240 1062.684000 885.706500
20.485600 1064.683200 903.735000
20.501710 1062.247200 986.380500
20.518550 1060.852800 994.318500
20.534420 1082.541600 907.032000
20.551030 1194.026400 963.228000
20.568120 1189.104000 976.720500
20.583500 1183.358400 1000.282500
20.600100 1186.752000 998.550000
20.616210 1186.416000 1001.133000
20.632570 1170.573600 958.345500
20.649170 1176.134400 977.707500
20.665530 1179.494400 963.952500
20.682130 1190.162400 925.564500
20.698490 1177.713600 980.605500
20.714840 1174.756800 990.328500
20.731450 1203.300000 989.656500
20.748290 1169.196000 986.475000
20.764650 1168.641600 990.171000
20.784180 1161.972000 969.748500
20.799320 904.680000 1046.178000
20.813960 903.184800 1037.368500
20.830080 565.840800 1008.546000
20.846680 620.944800 1019.487000
20.863040 621.986400 1021.828500
20.879880 634.149600 1036.444500
20.994630 630.218400 984.238500
21.012210 628.068000 981.939000
21.027340 629.160000 1032.402000
21.043950 593.611200 1018.374000
21.061280 599.306400 1025.482500
21.076420 618.357600 1018.951500
21.439210 798.974400 1034.292000
21.537840 768.700800 1042.849500
21.555180 768.633600 1042.713000
21.684810 941.236800 998.214000
21.700930 940.430400 989.383500
21.717290 920.455200 1000.177500
21.767090 939.724800 1017.408000
21.783450 897.472800 1005.679500
21.800050 896.716800 1001.206500
21.816160 898.413600 1021.576500
21.832760 938.364000 1012.683000
21.849610 937.927200 1008.283500
21.866460 908.124000 1033.168500
21.887700 900.328800 983.041500
21.914550 887.745600 1036.476000
21.931150 945.033600 997.689000
21.947750 945.151200 1004.346000
21.964840 1004.488800 1016.389500
21.980220 1078.845600 1032.906000
21.997070 1077.585600 1043.353500
22.078860 1084.809600 1042.975500
22.095950 1085.246400 1036.927500
22.111570 1112.076000 1024.254000
22.160890 1106.431200 1020.285000
22.176760 1072.512000 966.924000
22.195070 1073.100000 962.251500
22.215580 1104.012000 1043.973000
22.227050 1047.900000 984.154500
22.243650 1047.093600 986.212500
22.260010 1143.794400 1001.196000
22.276610 1206.861600 949.095000
22.292970 1204.963200 956.539500
22.309080 1167.751200 1008.913500
22.325680 1224.938400 1018.080000
22.342290 1222.267200 1022.164500
22.358640 1194.496800 1003.243500
22.375000 1060.600800 1002.393000
22.391360 1060.920000 1006.782000
22.408450 943.252800 886.242000
22.425780 968.016000 882.976500
22.441410 967.411200 880.351500
22.457760 948.276000 889.182000
