0.000000 182.429962 144.694417
0.016850 78.391418 50.361160
0.032960 -41.414388 -51.548730
0.049320 1.517938 -2.679579
0.065920 -3.264555 5.832559
0.082280 7.393118 0.992210
0.098630 10.577820 -4.208992
0.131590 4.573202 0.483641
0.147710 -4.273071 7.379660
0.180660 -10.467659 -2.507473
0.197020 1.992350 -7.143807
0.230220 2.044558 -10.248670
0.246580 -4.631308 1.634726
0.262940 0.590133 6.086416
0.279300 10.992756 8.803701
0.295900 8.530121 -0.121708
0.312500 -9.073822 -38.877180
0.329100 -20.236117 -49.644132
0.345210 -22.230451 -48.435664
0.361570 -18.995492 -21.192694
0.377690 -13.900766 3.090020
0.394290 -8.640774 3.312383
0.411130 5.913262 7.149100
0.427490 8.053182 -0.619810
0.443850 0.942398 -7.227639
0.461180 -12.199908 -32.300807
0.477050 -15.386207 -36.102271
0.493650 -16.581991 -41.967658
0.510250 -9.876139 -24.181035
0.526370 -5.409289 -3.405359
0.542720 -0.236242 2.747699
0.559330 4.564318 8.530825
0.591800 -9.209501 -17.302926
0.608400 -11.493847 -16.491042
0.690670 -5.153163 -8.202897
0.707280 4.013731 3.602581
0.723390 5.817994 0.718362
0.739750 -1.884153 -4.604854
0.855960 -4.809217 0.705248
0.872310 -0.191784 5.260575
0.893070 -1.887933 6.481733
0.904540 -2.737482 -3.555727
0.920650 -1.489509 -9.511254
0.937260 4.207782 -0.053565
0.953860 7.039911 6.394523
0.970210 1.237653 0.702815
0.986570 0.519589 -3.743357
1.002690 1.699287 -1.822262
1.019290 2.176573 6.379897
1.166990 -0.744301 3.714956
1.183350 -1.423577 -0.402786
1.200680 -2.876868 -2.411780
1.218750 -2.235510 -6.155102
1.232670 -7.747723 -9.671496
1.250000 -6.163225 3.806585
1.265380 4.683176 5.821784
1.314700 11.034379 -0.302840
1.331300 4.606206 0.936897
1.347410 10.850236 4.360967
1.364010 12.964827 8.414766
1.380620 35.561403 -7.095654
1.396970 41.615482 -10.533689
1.496580 25.486073 1.502221
1.529790 14.958730 3.526901
1.550540 -1.263247 2.884339
1.561520 0.777531 -4.629262
1.577880 20.190755 -2.054619
1.593990 26.791908 0.672406
1.758300 19.943152 -0.303762
1.807860 7.138241 3.215319
1.824460 -6.919051 -2.970109
1.875490 4.291369 1.051989
1.907470 0.754584 4.757821
1.923340 -3.509946 8.443403
1.939450 -1.733954 8.400117
1.955810 -2.057072 3.458404
1.972170 4.015999 7.097402
1.988770 5.158531 0.015760
2.004880 0.728725 5.576598
2.021480 -3.721728 4.592308
2.054440 -4.342481 2.482947
2.071040 2.516891 -2.085596
2.103520 3.264858 -2.531384
2.120120 -1.249978 7.764886
2.152830 -10.908567 3.480378
2.170650 0.173713 0.618014
2.186770 22.248520 -7.529412
2.203370 29.641844 -9.261794
2.218750 21.191101 -11.303330
2.235110 6.753921 -0.723867
2.250730 3.704224 12.255513
2.267090 4.142116 14.472500
2.283940 -0.757759 9.002930
2.300540 -2.967108 1.431644
2.316650 0.293441 4.120199
2.333500 2.018965 -0.704232
2.349850 3.630013 -2.805611
2.366460 2.700017 -1.916325
2.399170 2.822089 -0.729987
2.416020 3.950862 4.690198
2.448490 14.187014 1.966723
2.465090 -28.908928 6.794872
2.481450 -61.142044 8.715263
2.497800 -57.217501 2.870989
2.514400 -25.683352 -4.474664
2.531010 12.501053 -15.060080
2.547360 -0.836658 -15.567398
2.563720 -0.521290 -6.241840
2.581540 -1.399004 2.828175
2.597410 10.067315 12.126531
2.614500 -28.429185 2.667623
2.631100 -61.993663 3.627627
2.645750 -64.791949 11.052265
2.662350 -25.366927 -0.248236
2.678960 15.898250 -3.572031
2.695310 -0.463978 -6.955305
2.711910 1.948270 3.083428
2.728520 -1.754596 7.298782
2.744630 -2.604825 2.482711
2.761230 -1.141516 11.449513
2.777100 -0.328070 13.566920
2.793950 0.459744 6.863747
2.810550 -2.310023 -5.195362
2.826660 -0.980240 -10.755575
2.845210 2.324087 -9.210215
2.859380 -5.263477 -17.660279
2.875980 -2.528535 -12.876107
2.893800 2.838231 -12.388204
2.908940 1.017403 5.180737
2.941410 -5.952049 15.877028
2.958250 -0.640300 -3.310020
2.974850 4.872161 -6.119188
2.990970 -0.472787 -8.680129
3.007320 -5.801285 -2.916071
3.023680 -4.138108 -5.602730
3.040280 9.363553 -11.146585
3.057130 2.075596 3.058548
3.080080 -5.148664 18.384692
3.089110 -10.149198 23.568144
3.105710 7.266284 14.761671
3.122310 21.412089 0.413112
3.138670 17.106806 -12.382510
3.155030 3.847731 -12.019216
3.173340 -9.617899 -1.497471
3.187740 -4.140339 4.608115
3.204350 -0.603365 2.144051
3.237060 2.676805 -5.170411
3.253910 2.983024 -7.364467
3.270020 1.744691 -5.076231
3.286130 -0.008619 -2.499298
3.302490 4.546285 1.858460
3.319340 6.492465 3.421261
3.335690 5.160913 1.947915
3.352540 3.726869 4.658206
3.368650 1.490832 2.613374
3.385010 2.707011 -1.807234
3.401610 -0.677991 -7.118620
3.417970 -0.846752 -3.524278
3.434330 3.522610 6.435848
3.450930 0.751295 5.943231
3.467530 -5.319655 0.761648
3.483400 -7.696498 -2.876920
3.501460 -7.828814 3.429979
3.516360 -1.535101 1.087030
3.532470 1.122311 -8.045324
3.549800 2.413533 -14.730034
3.565920 -2.153965 -7.790570
3.582030 -2.050758 1.321986
3.598630 -5.843588 1.565567
3.631100 -10.279055 1.186669
3.648190 -10.946938 5.813822
3.664550 -7.878262 10.485867
3.680420 4.384822 -0.166105
3.697510 0.716968 1.262562
3.729740 0.315708 7.919553
3.746580 -1.288198 4.827594
3.762940 -4.974725 4.100422
3.779300 -4.640154 2.313322
3.795900 -4.455365 9.433307
3.813230 -2.047810 6.035569
3.833010 -2.709657 -7.237161
3.846920 1.008216 -6.571164
3.862550 5.500474 -1.598977
3.878170 7.586677 -0.333580
3.894530 -2.519273 3.153036
3.927000 -8.795129 1.566701
3.945560 -4.248536 -2.745123
3.976810 1.011543 -5.000149
3.993160 3.171367 -0.314087
4.010010 3.068916 12.131162
4.026370 9.453489 16.610664
4.043210 5.673468 12.179008
4.059810 -1.154332 7.927043
4.075930 -6.192940 7.699319
4.091550 -4.206497 0.629143
4.107670 3.589600 -8.175040
4.124270 6.318715 -15.479458
4.140870 1.627080 -11.949373
4.158450 -3.334721 -8.390524
4.173580 -5.596800 -9.414901
4.190190 -3.337821 -5.387363
4.206300 6.796602 1.282457
4.222900 8.309080 7.187542
4.239010 16.561199 -4.362621
4.255860 14.599183 -15.564940
4.272950 7.262012 -16.139806
4.288820 2.504642 -1.304998
4.321040 -6.927481 15.203685
4.337650 2.074953 8.754414
4.354000 3.730234 1.132395
4.370360 5.572681 -8.120909
4.386960 -2.773472 -3.302058
4.420170 -8.133101 8.318153
4.436520 -6.444718 4.975765
4.469480 -7.580212 -2.667363
4.487550 -1.229639 -5.119659
4.502200 -3.494143 -3.721524
4.518550 3.544197 1.066048
4.534910 3.687892 -0.769280
4.567630 0.533615 2.093156
4.584230 4.540312 10.788464
4.603030 3.575839 7.868470
4.617680 6.287602 5.483008
4.633540 2.941514 3.927229
4.651120 -0.985836 -0.189449
4.667240 0.031794 -8.287106
4.684080 -2.569062 -6.558854
4.700680 -7.963926 -1.962234
4.722410 -8.904988 1.044712
4.733150 -5.506107 5.212587
4.749020 3.326744 8.512112
4.765630 10.392770 14.737075
4.781980 2.507062 12.298751
4.798340 -3.019543 8.764716
4.816410 -3.588088 7.277682
4.830810 1.412916 0.610193
4.847170 3.837977 -3.499635
4.863770 -1.576271 -2.812179
4.880370 2.394857 -5.470438
4.897710 1.413975 -8.986532
4.914060 -1.264722 -10.318513
4.931150 1.086774 -3.542992
4.946780 -0.576296 -4.922744
4.962160 3.744184 -13.896944
4.978520 -12.437807 -8.383105
4.995120 -23.159639 0.375543
5.011470 -18.069222 5.500115
5.027590 -8.680015 -1.612327
5.044190 4.765250 -11.386097
5.060790 0.430332 -4.654189
5.077390 0.987801 1.286639
5.110840 2.374103 6.758745
5.127690 3.699499 8.738962
5.144780 0.327465 4.256508
5.159910 -2.986842 3.628690
5.176030 -5.030109 0.605940
5.208980 2.243298 -3.004251
5.225340 -0.661357 -3.655603
5.257570 -8.170829 -2.229679
5.274900 -0.599508 4.260808
5.291020 1.917723 9.443419
5.306880 5.737660 10.517575
5.323970 0.110201 5.588128
5.341310 -2.860309 -1.751094
5.357420 1.191569 -6.238248
5.376950 -5.269185 -9.360321
5.390380 -11.514223 -9.069985
5.405030 25.422418 -6.685759
5.421630 56.894735 -1.457398
5.454590 56.256979 2.258245
5.472410 18.312140 7.892807
5.503910 -22.271919 10.843185
5.520750 -2.761450 0.260995
5.537110 9.422225 -8.683791
5.553220 9.626330 -9.385272
5.570310 0.460878 4.171755
5.587160 -1.578463 9.488784
5.602780 8.642173 1.368604
5.619380 4.492716 -5.149761
5.635740 -2.512355 -5.981036
5.651860 -4.566889 -2.535472
5.668700 -7.274677 -4.763563
5.685060 -8.486798 -4.437923
5.701170 -5.016651 -1.375858
5.718020 -7.493527 6.407991
5.734620 -5.694260 4.528536
5.750980 0.635158 6.742749
5.767330 10.012007 1.510774
5.800780 15.571745 -1.513609
5.816890 5.525879 -2.681257
5.849370 -1.251150 -3.352716
5.865970 -3.627821 -3.327292
5.882320 0.219154 -11.849075
5.898680 5.320373 -10.508029
5.915530 9.627351 -1.639877
5.931640 3.013267 8.674505
5.948000 -6.061531 11.213735
5.964360 -5.935756 10.083159
5.980710 -2.729505 7.671439
5.997310 3.912679 3.323205
6.013670 -1.470455 2.602977
6.029790 -0.797228 1.726663
6.046390 2.836492 -4.096523
6.062990 1.229223 -10.268635
6.095700 -1.902677 -13.007120
6.112550 -6.795165 -3.696172
6.128660 -0.983038 9.055147
6.144530 3.476413 14.555785
6.161620 8.610644 12.079229
6.177730 2.665955 3.421639
6.194340 -6.760990 -2.648154
6.210940 -7.217101 -1.179344
6.227290 -5.756373 4.985358
6.243900 -1.429172 10.361751
6.259770 0.348749 -0.038159
6.276610 5.673619 -15.993059
6.292720 9.189692 -25.335222
6.310550 -0.357974 -12.629368
6.327150 -6.344385 12.525762
6.343020 -2.394063 25.931826
6.364750 1.605569 13.540103
6.377200 2.099678 -2.789213
6.391360 -3.690917 -9.545656
6.407710 2.541767 -12.273682
6.424560 0.153109 42.838217
6.440430 -25.553093 32.320627
6.457760 -43.150398 -2.254866
6.703860 -33.712868 -33.462664
6.720700 -7.802124 -32.269908
6.736330 4.282220 17.547675
6.752440 -1.629160 0.026700
6.768800 0.615727 3.958347
6.785640 4.173910 15.479340
6.801510 3.925306 14.407620
6.817870 3.707362 9.120406
6.834230 6.628032 -6.842033
6.851070 -1.065679 -4.089766
6.883790 -8.969974 0.216574
6.900390 -13.477217 -0.113934
6.916990 -10.168894 0.786741
6.932860 -4.224681 -5.846310
6.949460 1.089383 -2.260490
6.965820 7.453151 -2.128031
6.982420 7.361287 -0.641240
6.998780 0.001474 -10.761245
7.015630 -7.456365 -8.399526
7.031740 -4.311178 2.889821
7.048580 -4.627225 7.095890
7.064210 1.643677 2.812510
7.081300 5.142275 -10.598145
7.097660 5.195391 -0.764886
7.114010 2.506419 10.605067
7.130370 -0.184147 13.563163
7.146240 -2.938527 7.119518
7.163330 -8.117676 -3.112750
7.179690 -12.447976 -6.765172
7.196290 -0.832008 0.221371
7.212890 10.070982 -0.312858
7.229000 7.793466 -6.473558
7.245360 2.228327 -7.608140
7.261470 0.313099 -1.661048
7.277830 7.471751 9.007135
7.294680 4.433590 7.330963
7.311040 -2.782999 6.879625
7.327640 -7.296868 8.689225
7.343990 -4.084615 -0.771809
7.360840 4.113157 -6.359294
7.376710 6.114458 -6.748798
7.393550 2.659642 -12.128469
7.410160 5.014307 -3.894670
7.426270 6.487512 -3.330742
7.443120 1.395526 -1.022171
7.475590 -8.529517 -6.139720
7.491940 -7.094010 -9.420831
7.508300 -0.203012 0.854152
7.524410 8.224663 1.206989
7.541020 3.602492 0.708084
7.573490 -3.265954 0.559676
7.590090 0.869775 7.670848
7.606450 -3.719044 5.857793
7.623050 2.836644 -0.102758
7.639400 3.091107 -2.234381
7.672120 1.939953 1.983381
7.688480 2.890175 5.443384
7.723630 -5.275537 0.920665
7.739750 -2.421018 -0.475797
7.773440 0.127440 -1.787930
7.790040 0.760708 -0.784568
7.820310 3.407571 -4.076723
7.836670 -3.226675 -1.792585
7.853270 -9.293426 1.418956
7.869380 -10.320942 -0.544413
7.886720 -7.388430 1.775407
7.902590 -1.365018 0.525581
7.919190 0.228870 3.001746
7.935550 0.961073 3.142073
7.952640 1.939877 2.389239
7.968510 0.043513 -1.057164
7.985110 -1.980933 -1.866871
8.001220 -3.013494 0.830878
8.017820 -3.955474 2.159622
8.034420 -0.325613 -4.310072
8.051030 0.200101 -8.240536
8.066890 -4.442171 -6.747168
8.083740 -0.090089 0.248614
8.100100 7.148334 3.082318
8.115970 14.012816 1.507891
8.133060 2.324767 3.167378
8.149170 -6.366727 4.765429
8.165770 -1.466334 10.825157
8.181640 1.065074 8.789785
8.198490 -0.698444 5.883429
8.214600 -9.316033 3.216383
8.231450 -3.195146 -5.581560
8.247800 2.635069 -5.845341
8.263920 0.425720 -3.514071
8.281740 -0.652019 -5.499737
8.297120 -5.314664 -10.140929
8.315920 7.485814 -11.320436
8.332030 16.819127 -5.442274
8.362550 17.334567 -1.926508
8.379150 9.663718 1.757639
8.396000 -2.187385 8.278600
8.411870 1.670669 13.635320
8.430660 3.197641 8.032966
8.461670 4.677846 1.035332
8.478270 -2.733550 -3.936822
8.494630 -8.398751 -8.586067
8.510500 -8.618659 -7.017021
8.527340 0.057690 -7.074129
8.543460 5.187868 2.827726
8.559080 0.265049 15.012660
8.575680 3.545369 9.276726
8.592530 4.892122 2.008545
8.609380 4.880592 -7.547062
8.625240 1.269901 -0.172224
8.642330 -2.480674 2.683029
8.657710 0.900246 -4.475728
8.674560 -5.227487 2.632063
8.690920 -3.660522 3.419229
8.707280 6.122510 2.497596
8.724120 -4.113876 5.472446
8.740480 -8.163571 5.655681
8.757320 -8.821819 4.825988
8.773190 0.886333 -0.430148
8.790040 2.253808 -6.536313
8.806400 -9.184097 -6.563438
8.823000 -9.823592 -8.099478
8.839360 -4.231977 -3.606551
8.855470 1.757809 3.913005
8.872070 5.699817 3.699810
8.888430 3.152351 0.215535
8.904790 -4.034637 -1.430770
8.921390 -4.313900 -0.823058
8.937740 0.379409 3.212248
8.953860 6.702355 4.479768
8.971440 1.120534 -0.220733
8.987550 -5.190930 -3.717413
9.003420 -10.033971 -0.447065
9.020260 -2.693893 2.578522
9.052980 4.222904 -0.068309
9.069580 3.429573 -3.634077
9.085940 3.921979 -5.906490
9.102290 0.757343 -1.961360
9.118410 9.331042 -5.298734
9.135250 10.995970 -2.658125
9.151370 7.430809 5.936710
9.167970 5.807371 12.539584
9.185790 2.121605 14.094466
9.201660 4.014412 4.722852
9.218020 1.044622 1.081855
9.234860 -1.418474 -2.609310
9.250240 -0.366215 -4.510555
9.267330 -4.658225 -8.819414
9.282960 -4.111607 -6.046934
9.299320 0.636255 1.720543
9.315920 -0.329129 2.952647
9.332520 1.673845 4.070604
9.348630 1.493403 2.361996
9.364990 3.872304 7.055510
9.381590 4.438542 8.021129
9.397950 1.346682 5.692020
9.415040 2.688336 3.156486
9.431150 0.061206 -2.660346
9.447270 -1.670367 -4.575556
9.464600 -1.974015 0.011861
9.497070 -0.878886 6.763447
9.514160 -3.345004 -5.098559
9.533450 -8.658240 -0.672949
9.545900 -9.106220 8.377458
9.562260 -8.468878 13.331924
9.578610 -3.423524 7.412408
9.596190 -1.304870 -8.717957
9.612300 -1.334660 -2.254323
9.629150 -2.148295 -2.036946
9.645510 -4.734742 0.259317
9.660640 4.859157 3.834915
9.677000 8.403742 7.965698
9.693360 5.298597 11.938670
9.709960 1.788204 2.095519
9.727290 -6.679106 2.348575
9.743650 -10.181634 3.350448
9.760010 -7.509140 0.639657
9.776610 4.197046 -8.094233
10.039060 14.629274 -15.018166
10.055910 6.478477 -0.818474
10.073490 -3.729326 7.011161
10.087400 -4.397486 7.120605
10.104250 -0.250230 1.509380
10.120610 5.152369 -4.461291
10.136960 4.477065 -8.197510
10.153560 2.019872 -9.618594
10.170170 -5.372089 -5.571282
10.186040 -7.346505 -0.861240
10.204100 -7.589739 3.545189
10.219480 1.466221 6.407896
10.235350 6.291723 2.679437
10.252200 1.681822 -0.861737
10.284420 -3.603210 -2.940550
10.301270 -6.533483 -3.211161
10.317870 3.015271 -1.471055
10.333980 8.369642 -1.008750
10.350830 2.114762 3.945565
10.367190 -3.981711 6.388781
10.383060 0.258660 1.845228
10.400150 -4.654180 -6.519041
10.432860 -12.160139 -5.870505
10.449220 -15.059664 2.076782
10.482180 -7.169581 10.235108
10.499020 12.783484 4.557646
10.519290 18.939583 -9.489091
10.533200 22.344573 -10.072361
10.548830 19.021613 -1.599166
10.581790 7.772258 9.857894
10.598140 4.759466 6.587397
10.614750 -1.740079 -4.808645
10.630620 -3.814122 -2.099843
10.646970 -2.610533 1.915970
10.678710 -1.574872 3.563359
10.695560 1.432348 -7.930162
10.711910 1.869787 -4.098437
10.730220 2.548193 12.107629
10.745120 4.499143 10.315465
10.761470 6.071398 3.970539
10.777830 8.630454 -2.280361
10.794190 3.298844 1.037907
10.810300 -11.256552 2.272776
10.826900 -15.658314 -4.073533
10.843750 -17.941260 0.372354
10.860110 -8.000672 1.544160
10.876460 -0.936878 -2.507969
10.892820 5.753122 -4.277962
10.909420 9.506718 -6.330893
10.925540 3.341526 -0.370345
10.942380 2.747500 -4.814363
10.958250 -0.729859 -2.092849
10.974850 0.124642 2.159669
10.990970 1.294965 5.738898
11.007810 2.258269 4.719922
11.023930 3.996379 -3.194550
11.041020 -2.677561 -3.933821
11.057370 -6.013255 1.640822
11.073240 -2.936902 6.261593
11.089840 -1.952882 3.023815
11.106450 -1.948799 -3.236915
11.122560 -5.333189 -9.891493
11.139160 -6.383361 -4.706478
11.155520 2.064973 -6.073137
11.171880 9.315580 -8.170078
11.188720 9.806277 -1.434054
11.205080 4.552107 9.923035
11.222170 0.754470 18.530704
11.239500 -5.047537 9.370646
11.255620 -11.745318 -1.158504
11.271970 -13.114870 -5.913531
11.289310 -7.740503 -7.049603
11.304930 3.661845 -2.150998
11.319820 3.585593 0.438512
11.336670 4.315715 0.976710
11.353270 4.918434 -5.541723
11.369380 -7.983547 -7.244792
11.387700 -15.231026 -1.171240
11.417970 -11.931124 4.637083
11.434810 1.478923 1.569513
11.467290 11.606767 -6.386419
11.484380 4.667487 1.353601
11.500490 6.574765 2.496486
11.516600 13.024406 0.778779
11.533450 5.035440 3.196866
11.549560 -4.986218 9.513711
11.565920 -7.092346 15.662685
11.582760 -2.197517 10.624962
11.600590 -3.893361 0.600151
11.615480 -7.361173 -0.544389
11.631840 1.474387 -5.487757
11.666020 10.508110 -8.607166
11.681400 -2.681682 -3.751059
11.697750 -5.180685 -8.987619
11.713620 -1.762119 -9.445947
11.729740 22.318944 -8.967299
11.746580 33.172186 -0.075208
11.763180 17.167139 9.819499
11.779300 16.870653 9.306497
11.796140 -1.177166 6.730983
11.812500 1.851981 -1.282008
11.830320 -3.458531 -4.898242
11.862060 -5.204161 -2.548326
11.878660 6.791158 0.034190
11.911130 8.219597 7.665106
11.927490 6.863478 2.720077
11.960450 0.539361 1.946403
11.977050 -3.448891 0.162939
12.010500 -1.906987 -3.613545
12.027100 6.637785 0.978506
12.044190 3.798131 -5.062408
12.058840 -0.775528 -4.295683
12.075440 2.266586 -7.671699
12.092040 3.777754 -2.186936
12.108150 7.459276 4.489739
12.124510 -1.913225 4.212702
12.157470 -8.584975 1.491423
12.174070 -4.852352 -4.896446
12.190430 0.368030 -5.800307
12.206790 9.861509 -7.750497
12.223390 -3.494862 6.922486
12.240720 -13.159402 22.501377
12.259030 -15.959868 18.491106
12.274660 -2.890175 -1.609941
12.305660 9.386576 -18.731340
12.322270 2.933083 -5.964449
12.338620 0.427534 2.818512
12.354740 -7.117221 2.106908
12.373290 -6.083685 0.726679
12.405760 -2.877057 -1.245951
12.421880 -2.005166 4.976450
12.438230 -0.666839 3.905940
12.454590 2.137596 -2.094834
12.471440 24.387936 -2.438716
12.502930 35.128452 0.477026
12.519530 27.864618 1.372314
12.535890 13.253571 2.835264
12.552000 3.344096 0.656409
12.568850 1.813798 -2.109153
12.588130 -6.466947 -7.296065
12.601320 -7.073595 -12.142007
12.617920 -3.798358 -0.002150
12.634520 -3.934681 8.375733
12.650390 -10.050983 1.762270
12.668210 -9.356219 -1.756458
12.701170 10.599142 -6.006838
12.717290 16.444577 -1.639641
12.748540 9.234565 2.027872
12.765140 -6.329792 -0.466724
12.782960 -9.653171 0.226994
12.798340 2.204548 -0.418499
12.814940 1.186125 2.318756
12.847660 2.767196 2.180627
12.864010 1.219280 -2.613988
12.896970 -0.019054 -2.155109
12.914310 1.362938 1.736799
12.946290 0.759498 2.908818
12.963130 7.149620 -0.869888
12.979490 16.235036 2.573702
12.995850 15.058795 4.738966
13.012210 10.414356 4.601428
13.044920 1.776107 1.316788
13.061520 -4.430906 -6.381339
13.078130 -4.262486 -5.147989
13.093990 -3.857031 -5.822470
13.111080 -4.516760 1.922562
13.127200 4.516269 10.382355
13.143310 9.215701 12.741550
13.159910 9.670031 3.266025
13.176270 1.359952 -10.528633
13.192870 -9.667877 -17.291302
13.208980 1.043942 -7.801179
13.225590 4.170205 1.975867
13.243410 1.383618 4.225485
13.259280 -9.493335 -1.320734
13.274900 2.444457 1.772572
13.291020 23.739466 7.126843
13.307620 26.376716 7.145769
13.340330 15.888081 5.923857
13.357670 -2.261104 4.232266
13.373540 -7.625502 5.145035
13.389890 -6.153169 -0.959604
13.406490 -0.662642 -4.058057
13.440430 5.780795 -4.494961
13.455810 2.163832 -6.106098
13.472410 -8.343708 -13.172275
13.488280 -9.866499 -11.722952
13.505130 -3.946023 -3.829150
13.521730 8.170905 6.167885
13.537350 4.272655 6.370942
13.554200 -1.222909 2.073002
13.587160 -4.272088 -1.558432
13.603520 2.121983 -3.183304
13.619870 2.889608 0.972316
13.636470 -6.681450 3.598919
13.652830 2.205077 3.270774
13.669430 0.537168 -0.620306
13.685550 -1.885552 -2.175193
13.702150 -15.581422 0.278692
13.718750 -10.270360 3.717484
13.734620 4.538309 5.794045
13.751220 0.306105 2.721566
13.786130 1.977304 1.849836
13.800290 -6.391716 2.463383
13.832760 -5.857009 5.269223
13.849850 1.063865 8.589658
13.865970 0.666725 4.574327
13.882570 0.005746 -1.305399
13.898930 2.981889 -0.088510
13.915530 -25.946818 3.249249
13.931640 7.108829 -0.098080
13.948240 31.456378 -8.211119
14.228030 41.641823 -11.613959
14.244630 23.224090 -3.443707
14.260500 -19.745334 -4.561355
14.276610 -3.616631 -11.537217
14.292970 5.952692 -2.691700
14.309330 12.559384 7.421197
14.325680 7.548192 13.982427
14.342530 -0.533728 2.697300
14.358400 1.096415 -9.835732
14.375000 11.625631 -11.661427
14.391360 13.915888 -4.633704
14.407710 2.357279 6.017068
14.424070 0.996950 9.668637
14.440430 -22.787186 8.537347
14.457280 -82.641550 8.643718
14.473630 -103.045053 6.423136
14.489990 -81.083072 2.569922
14.506590 -22.703457 -14.121000
14.523190 -0.970487 -30.099464
14.541750 -5.034683 -9.974142
14.557370 2.244999 9.154170
14.573730 0.717384 18.848290
14.590820 0.307315 7.213722
14.607180 1.582395 -3.879005
14.623540 3.177529 4.018126
14.639890 4.411247 0.399786
14.657230 -0.146683 -1.408488
14.673100 -6.669012 -0.039931
14.689700 1.954054 0.225033
14.722170 17.982919 0.434235
14.740970 -0.998349 2.207067
14.757570 -27.493693 7.116257
14.773680 -34.498731 11.858219
14.789060 -12.981461 7.224827
14.804690 7.566376 -3.535714
14.821530 -0.909016 -7.610030
14.837160 1.547993 -2.751503
14.854250 4.145480 8.106756
14.869870 3.405945 12.607442
14.885990 4.361836 10.552733
14.903080 11.524771 6.277660
14.919680 18.421956 3.366420
14.936520 10.167609 -1.826302
14.952150 -13.206317 -2.201703
14.969240 -24.832091 0.870597
14.986080 -18.347599 -3.234718
15.001710 -4.450942 -8.711317
15.018800 3.829811 -9.974567
15.034670 0.650583 -1.578681
15.051510 3.290074 4.402269
15.068360 6.985397 3.396428
15.084470 3.617765 5.678458
15.101070 2.852408 7.715079
15.116700 -2.023426 2.778368
15.133540 9.328017 -2.689834
15.149410 15.261986 -5.431972
15.166750 9.152757 -6.525823
15.182620 3.793557 -0.988217
15.199710 1.613546 3.717768
15.214840 10.815191 9.341986
15.232420 9.978173 8.587981
15.248780 1.396887 4.036343
15.264890 -6.513673 2.669584
15.281490 -1.531245 -1.607082
15.298340 3.420462 -6.982690
15.314940 3.182443 -13.102716
15.330570 1.734711 -15.213631
15.347410 0.932569 -8.445553
15.363040 3.326631 -2.903879
15.380130 -1.718719 -4.047614
15.396240 -1.401197 -2.471488
15.412350 0.401865 -5.809734
15.430910 -0.662756 -3.363325
15.461670 -1.594644 -2.079736
15.478270 -4.476460 -0.875299
15.495360 0.066347 4.650409
15.510990 1.227937 5.692115
15.527830 3.293174 5.696439
15.544430 0.745586 7.894532
15.560300 -4.282522 7.548858
15.577390 -1.456127 14.083173
15.593510 2.215096 7.692420
15.610350 3.158475 -4.056734
15.626460 1.592376 -12.190301
15.643800 -1.335757 -13.121500
15.658940 -1.944376 -5.272838
15.675540 -0.967538 -1.400809
15.692140 -5.306877 3.364530
15.708500 -8.302577 1.141492
15.724850 -9.200088 0.200625
15.757570 -4.400359 -1.519351
15.774660 1.026892 -0.339700
15.790530 -0.757986 3.294119
15.806880 0.318127 0.938788
15.823970 3.725017 -0.116533
15.857180 6.229232 -2.733026
15.873050 0.900435 5.524759
15.889160 -2.528422 10.881485
15.905270 0.460311 3.553057
15.922610 -2.423060 4.201242
15.937990 -10.570637 4.707896
15.954100 -16.573863 9.791690
15.975830 -10.673616 -1.717094
15.989500 3.480571 -0.591787
16.003910 7.112723 8.780215
16.020260 8.287758 10.088664
16.036620 2.428844 5.662107
16.052980 -5.442482 -1.277164
16.069820 -1.138794 -3.134606
16.086910 2.753360 -5.343840
16.103030 7.662815 -3.323913
16.118650 -2.244924 -0.791443
16.135250 -6.461957 5.697667
16.150630 -4.077961 7.229553
16.167970 1.323924 -1.404968
16.185060 18.610476 -9.515507
16.200440 23.127131 -12.495094
16.217770 18.203269 -8.433101
16.234380 5.287558 -4.481469
16.250730 0.226413 -8.265463
16.266850 -0.918543 -7.621301
16.283200 -8.630492 -3.367767
16.300050 -11.006063 1.223103
16.315920 -6.567431 5.063779
16.333010 2.403704 8.491391
16.348390 3.445489 10.135612
16.365720 6.415646 3.928387
16.382570 7.708142 -2.544474
16.397950 6.135212 -8.430739
16.415530 -2.853467 -5.674961
16.431150 -10.498129 -4.347948
16.447510 -6.941658 -7.271256
16.464110 -2.646902 3.162440
16.480710 -0.562573 9.856855
16.496580 -5.693655 14.016237
16.513180 2.506835 4.153561
16.529050 5.643678 -1.371676
16.545410 3.138061 6.506613
16.562260 1.309974 2.748455
16.594730 0.474450 -2.999998
16.612060 6.350244 -11.596097
16.628910 4.711151 -7.546850
16.644290 3.633870 -1.387956
16.660640 0.453506 -6.192812
16.677980 -3.056932 -8.426415
16.694340 -0.697083 -9.640095
16.710940 -3.882133 -5.316881
16.724610 -6.639222 3.466485
16.741460 -8.049780 9.717712
16.758060 0.651414 10.613077
16.773930 10.593055 5.343840
16.790280 11.454871 0.913128
16.807130 2.416595 3.465185
16.823490 -3.692013 5.836693
16.839600 0.042984 8.141441
16.856930 1.171268 2.839493
16.872560 -1.045643 -0.138767
16.889160 -7.481656 -0.477900
16.905520 -2.018965 -2.864610
16.923340 0.606427 -1.135656
16.939210 -1.183479 2.588966
16.957760 -1.862075 2.240382
16.972900 1.387020 0.241265
16.987060 10.085650 -5.630351
17.004390 -6.173773 6.482749
17.019780 -24.013181 9.232921
17.036380 -27.985310 -1.287300
17.052980 -17.203392 -9.546837
17.072510 1.748887 -9.949569
17.088130 2.814490 5.445700
17.104490 5.125452 3.545898
17.121580 5.992349 0.718693
17.137700 1.734068 -6.006105
17.153810 7.625955 5.052745
17.171630 -4.096448 11.779847
17.189940 -14.651427 8.996692
17.202150 -16.283310 0.811504
17.218510 -5.172141 2.822079
17.234620 11.567640 18.913428
17.251220 8.548230 21.301231
17.267580 4.039703 10.518733
17.284910 -2.398184 -2.457736
17.300290 1.248881 -5.971490
17.315920 7.356750 -2.101544
17.332280 9.010689 0.450515
17.348630 1.501947 -1.887735
17.364990 -9.142588 -6.209092
17.381350 -11.917325 -14.602614
17.398930 -10.009248 -11.645336
17.414550 -4.095465 -7.674439
17.430910 2.731433 -2.793560
17.447020 1.629462 -1.757639
17.479740 -1.785747 -0.695655
17.496830 -1.229639 5.758249
17.512940 4.908000 9.306332
17.529540 9.523351 9.794761
17.545900 4.885695 1.543333
17.562260 0.577657 -5.661753
17.578860 -1.625568 -9.621335
17.595210 -1.322336 -7.835770
17.611820 -3.099273 -5.213249
17.627690 -0.560116 -2.695859
17.644290 -5.296140 -2.414119
17.677000 -5.410688 -1.635482
17.693600 -4.224228 -0.346599
17.727290 2.578702 4.247648
17.742920 5.567879 5.622294
17.776120 -0.997669 0.347568
17.792240 0.224523 -0.811952
17.824950 -4.225059 -3.915179
17.841800 1.799848 -3.521041
17.874510 4.328153 -3.178791
17.894780 5.968041 -3.919952
17.911380 1.438699 -0.019186
17.927250 -6.974661 3.528201
17.945560 0.995892 4.660073
17.961180 4.211261 5.266931
17.975590 1.878709 -0.351679
17.991210 -3.615761 1.432211
18.008790 -0.623439 3.275051
18.023930 7.576583 0.622267
18.040280 3.758776 0.895454
18.058350 -0.066801 2.680453
18.073730 -0.424094 6.182085
18.090090 -1.931636 4.593938
18.106690 -3.401257 -3.670228
18.122560 -3.044607 -6.734031
18.139160 -1.731724 -3.480023
18.156250 0.791254 -1.974686
18.172360 -2.457953 -6.969127
18.188960 3.277825 -1.763853
18.205570 5.292208 12.792986
18.222170 2.145913 21.169753
18.239010 0.825279 14.646300
18.253170 0.167437 5.551482
18.270020 3.343756 -3.890015
18.287840 1.662579 -10.368603
18.319820 -0.581476 -11.380308
18.336910 2.377051 -9.118374
18.351810 -3.745923 0.937630
18.367680 -9.963505 4.337575
18.386960 -7.960675 6.891345
18.403320 1.150286 9.249318
18.419190 11.475474 10.077749
18.435790 5.689610 9.540505
18.452640 -0.282213 5.582765
18.468510 -3.321829 -2.160709
18.485350 -3.158967 -0.501906
18.499270 -2.221938 1.641980
18.515140 -3.208642 -0.965204
18.531490 -2.707162 -5.046294
18.549070 -0.947313 -6.103853
18.565190 -4.872426 -3.328096
18.583980 -7.143760 -0.346103
18.614260 10.493026 0.587014
18.631100 23.107663 -2.030519
18.663820 20.167544 -2.253590
18.680180 2.782167 -4.911284
18.696780 -8.369113 -5.753311
18.715090 -3.640070 -6.417796
18.729250 -3.444959 -6.530997
18.745850 -0.338693 -6.888911
18.761960 0.875408 -5.532650
18.779050 5.694222 1.355018
18.795170 10.613507 11.482496
18.811280 12.597225 17.996509
18.829590 5.137323 10.623733
18.843990 -3.055079 -1.665632
18.860600 -1.752932 -6.951784
18.876710 -2.626941 -4.745747
18.893310 -1.536803 4.206677
18.909670 -2.758426 8.127525
18.926270 0.447495 0.872015
18.942380 5.796862 -3.490207
18.958740 6.352853 -4.702603
18.975340 4.372119 5.647529
18.993160 -3.133713 6.477102
19.009280 -8.483433 -2.576443
19.025880 -3.315440 -7.431523
19.044430 2.321743 -11.110837
19.057620 2.736877 -8.658013
19.073970 1.460021 -0.045224
19.090090 3.429686 3.020342
19.106450 7.431981 2.462131
19.123290 6.547244 -1.937259
19.139890 3.873627 1.616911
19.156980 -2.807307 4.031736
19.173100 -3.237260 -0.176548
19.205570 -4.992380 1.187236
19.222170 -4.071459 1.883056
19.254880 -2.336449 3.021594
19.271240 -3.503292 -4.033697
19.287600 -2.159069 -4.230730
19.303960 -5.442519 -4.845623
19.320560 -3.329353 -4.359526
19.336910 -3.504313 -1.804399
19.353520 8.968915 3.903247
19.371580 32.805442 1.082209
19.403080 45.424263 -4.936873
19.419190 21.349754 -1.915285
19.438230 -10.323324 6.337131
19.453860 -16.214698 12.840099
19.470950 -3.170724 7.068836
19.486820 8.778004 0.982263
19.503660 4.816740 -1.869589
19.520020 4.153608 -2.409228
19.535890 4.726992 -1.903660
19.552730 7.555110 -0.635853
19.569820 -1.306647 -8.646861
19.585450 -8.363594 -9.824745
19.602290 -9.578470 -4.136785
19.618650 1.701972 -0.142689
19.635250 9.470199 -1.594582
19.652100 2.552352 -8.115214
19.669430 1.792325 0.908237
19.685300 4.625751 2.968431
19.702390 7.814826 -3.370839
19.717040 9.334935 -2.796159
19.731450 7.682775 6.331484
19.747800 6.197174 13.180284
19.764400 7.365748 6.956156
19.797610 4.292919 -0.669688
19.815920 2.194152 4.124215
19.829350 -0.086195 5.615608
19.845700 -5.249300 -1.247771
19.862790 -7.060137 -5.222487
19.895260 -4.671494 -6.317851
19.912350 -3.107061 3.453182
19.928220 -3.864327 0.514145
19.944340 -2.986804 -5.458223
19.961180 2.724590 -3.216808
19.994630 7.525660 0.252583
20.011720 7.659148 1.673429
20.043460 0.150766 -6.534470
20.059810 13.100429 -9.209270
20.076420 21.752000 2.601890
20.092530 18.330890 10.024752
20.109380 2.674877 3.650971
20.142580 -12.056670 -4.835533
20.158200 -7.658429 0.498196
20.173830 -2.876490 8.352413
20.190670 1.748736 5.244414
20.207520 0.921000 5.137899
20.223880 0.478193 1.494045
20.240480 -1.114296 -0.641524
20.256590 -0.436192 -6.140382
20.272950 0.796169 -0.554856
20.289550 -1.934925 10.660710
20.306150 7.286132 -0.391941
20.322270 16.094107 -15.578573
20.338870 15.293665 -23.059793
20.354980 11.723354 -10.172377
20.371830 0.162409 5.109877
20.387940 -1.975792 7.316574
20.404050 -3.776166 7.194489
20.420410 -3.904476 4.878489
20.437500 -1.085829 9.134417
20.455570 -1.001525 7.964753
20.471680 -2.764361 3.615978
20.487550 2.825151 -4.765760
20.506590 4.891177 -5.291552
20.536620 4.061705 0.317348
20.553220 1.970196 0.287340
20.570070 -1.338781 -2.753204
20.585690 -9.744203 -9.283319
20.602540 -16.611439 -1.468031
20.635010 -12.979382 5.364656
20.652100 -1.572452 3.066463
20.667970 2.984082 6.737906
20.684570 -4.248725 7.253346
20.700200 -4.619437 9.999683
20.716800 -2.254602 7.528585
20.733150 1.765295 -0.162490
20.749510 0.592704 -3.975359
20.765630 0.974797 -5.197678
20.782230 4.202376 -1.449956
20.799070 1.270770 -11.546928
20.815430 -13.040208 -8.905938
20.831790 -65.608551 9.327219
20.848140 -91.510507 16.568679
20.883540 -70.579270 7.776866
20.899660 -16.529936 -1.786347
20.913570 21.048703 4.976639
20.929930 12.592046 8.701464
20.946530 -1.327175 13.050453
20.962890 -8.540442 15.323119
20.979250 -0.236393 23.229637
20.997800 3.328861 11.476353
21.030520 2.688109 -3.419370
21.047120 1.649839 1.076870
21.063480 2.382495 -2.761474
21.079590 -0.880549 -2.066126
21.096920 -1.296440 -2.546837
21.112790 -0.325159 1.622511
21.128910 5.600883 9.085059
21.145020 1.797807 3.379912
21.162600 -5.928573 -3.824495
21.178220 -10.089770 -5.558145
21.194340 -0.967311 -1.200846
21.210210 4.904636 -1.766287
21.227290 3.354077 -7.852545
21.241940 -4.972079 -10.643817
21.258300 -6.095480 -4.694451
21.275150 0.648125 8.152121
21.291500 -1.249562 12.281479
21.324220 -0.810648 10.695584
21.340580 1.874966 3.612363
21.356930 -0.893705 -1.255993
21.374270 -7.502184 -1.994132
21.390630 -3.982618 -1.646021
21.407960 4.627641 8.311561
21.423830 8.989972 5.898858
21.439940 16.898816 -9.484271
21.472660 21.288100 -21.912670
21.489260 12.067066 -19.448140
21.506350 6.330662 1.481806
21.522220 -5.132560 5.270168
21.538820 -0.903459 1.357121
21.570560 3.857333 -4.296392
21.587160 -3.996946 -6.986092
21.620850 -7.072272 -8.500228
21.636960 -5.961009 3.144105
21.653810 6.505205 16.798709
21.669680 16.838860 17.290050
21.686280 3.229132 10.205786
21.703130 -11.496380 11.133874
22.014890 -16.327653 22.199440
22.033450 1.343923 15.095662
22.049560 33.124637 1.307290
22.065430 38.943357 -6.518522
22.081790 24.988660 -1.138940
22.114500 2.368356 4.465875
22.129640 -3.446963 -5.237042
22.145510 4.174099 -14.758859
22.162600 10.977106 -18.200193
22.178960 -3.713902 -5.459191
22.195310 -19.246498 0.199538
22.211430 -21.715672 -7.206468
22.227540 -12.627922 -11.218389
22.243900 -0.587902 -6.748255
22.260740 -10.982247 2.782243
22.278810 11.258140 7.669430
22.293460 35.976890 7.192741
22.309810 37.427768 2.305430
22.326900 17.785287 -1.254363
22.343750 -4.616148 4.648920
22.359620 -2.521579 4.812662
22.376710 1.388872 2.931666
22.408690 2.715744 -3.661793
22.425050 4.077961 -5.099386
22.457520 2.056164 -0.333438
22.474120 -2.782810 -8.939938
22.507080 -0.750274 -7.757940
22.523440 -9.670296 -12.888346
22.539790 -12.276007 -9.027502
22.556400 -14.295396 -5.248572
22.572750 -1.388986 -2.582634
22.589600 7.705307 1.885845
22.605710 -0.420616 -1.052296
22.622310 0.926180 7.479251
22.638430 1.341654 17.651466
22.655030 3.575423 24.694106
22.673580 1.417944 6.628722
22.688230 -2.807345 -7.983750
22.704100 -2.847002 -13.356756
22.720460 -6.336408 -9.625753
22.753420 -7.150981 -2.405896
22.771970 -4.708770 -5.535509
22.787600 2.598625 -0.917900
22.804930 10.417267 -4.096972
22.821530 3.081165 -5.238909
22.837890 -2.521239 -0.688071
22.854000 -3.416077 5.027179
22.870610 1.040426 7.875086
22.886960 5.323662 7.420158
22.903560 2.306243 1.869778
22.920410 6.122964 1.915639
22.936280 1.757923 -3.325378
22.952390 -4.855641 -10.313882
22.969480 -2.510842 -5.618656
22.983640 -1.537332 1.004213
22.999760 1.647457 6.885461
23.016600 -3.072356 4.281884
23.032710 -7.261786 -1.510987
23.049070 -6.366311 -1.948199
23.065430 -5.672069 -1.083438
23.082030 6.542707 -0.940701
23.098390 15.320241 -5.507912
23.114990 6.880792 -4.441396
23.131350 -5.652826 -2.466620
23.147460 -12.815125 -2.183203
23.164310 -2.712947 4.054678
23.180660 12.091336 8.381073
23.197020 57.417099 45.280850
23.213620 -77.301253 -66.319968
23.229980 -199.020585 -162.755083
