0.098720 663.768000 479.440500
0.115540 673.764000 464.656500
0.132050 672.134400 454.786500
0.148160 709.682400 440.412000
0.164950 657.736800 444.528000
0.198360 704.239200 459.994500
0.212680 664.053600 456.760500
0.245120 725.474400 487.882500
0.261990 669.933600 497.133000
0.278230 668.320800 487.893000
0.294340 649.437600 493.122000
0.311220 703.886400 439.666500
0.327640 705.717600 453.274500
0.343900 665.246400 452.655000
0.360440 651.168000 537.306000
0.376650 653.352000 546.178500
0.392850 664.524000 468.006000
0.409480 736.780800 468.573000
0.426330 733.941600 440.212500
0.442540 641.474400 313.131000
0.707700 457.464000 10.815000
0.724090 457.329600 10.363500
0.756770 489.501600 10.909500
0.853180 501.278400 31.605000
0.869930 504.739200 45.937500
0.935420 470.047200 31.405500
0.984860 511.022400 30.061500
1.001130 516.381600 25.441500
1.033870 461.328000 62.055000
1.050600 505.629600 60.469500
1.083220 479.757600 77.080500
1.099580 548.100000 61.351500
1.132390 489.535200 34.702500
1.149200 547.260000 37.432500
1.181820 699.636000 119.815500
1.198490 714.823200 113.536500
1.214570 713.412000 97.786500
1.231380 731.690400 106.795500
1.247500 701.097600 97.492500
1.265750 700.408800 91.266000
1.283200 736.612800 84.661500
1.296840 689.186400 117.915000
1.313510 690.816000 132.604500
1.329560 705.364800 47.680500
1.346010 709.094400 128.520000
1.364200 709.161600 127.690500
1.380580 709.766400 94.857000
1.397950 736.108800 170.772000
1.413360 737.956800 194.911500
1.428990 740.695200 153.405000
1.444890 716.335200 192.685500
1.461090 716.385600 194.260500
1.477480 694.024800 194.428500
1.495240 721.929600 159.715500
1.511290 719.762400 135.082500
1.526920 665.532000 132.457500
1.545170 573.904800 112.213500
1.560420 575.064000 118.366500
1.576600 568.478400 135.912000
1.592960 605.740800 131.491500
1.609830 604.749600 125.590500
1.625950 607.672800 122.545500
1.642550 580.154400 85.554000
1.658690 578.373600 78.235500
1.674900 595.324800 63.441000
1.691800 582.069600 65.446500
1.708100 587.227200 93.009000
1.724430 592.704000 43.732500
1.741180 521.337600 188.191500
1.757200 525.285600 209.244000
1.773620 615.350400 227.965500
1.790370 654.780000 179.980500
1.806790 656.460000 202.461000
1.822810 705.398400 281.641500
1.839360 662.256000 193.567500
1.874210 703.180800 248.734500
1.921540 707.935200 247.516500
1.973600 609.067200 73.510500
2.024200 556.516800 250.225500
3.286500 665.481600 37.747500
3.303650 668.455200 179.602500
3.319760 734.899200 210.399000
3.336360 738.276000 252.273000
3.351840 699.333600 263.025000
3.368040 738.511200 310.191000
3.385310 737.066400 293.013000
3.402190 717.796800 245.217000
3.418910 724.046400 258.111000
3.434940 722.937600 246.078000
3.451660 670.588800 234.045000
3.467470 652.243200 214.200000
3.481630 652.344000 214.956000
3.498230 641.323200 252.745500
3.515080 635.224800 233.824500
3.531340 637.190400 246.046500
3.547730 636.165600 256.714500
3.564120 658.324800 284.718000
3.580690 659.131200 289.054500
3.596800 633.057600 256.956000
3.614040 626.740800 239.589000
3.629910 621.532800 209.065500
3.646090 635.661600 160.051500
3.662630 624.540000 208.330500
3.679260 623.683200 203.290500
3.695040 634.116000 207.805500
3.712070 660.676800 253.879500
3.728490 661.416000 258.709500
3.744870 630.016800 203.857500
3.761140 648.060000 193.410000
3.777590 645.288000 174.940500
3.793880 646.682400 163.233000
3.810580 688.900800 177.145500
3.828980 687.153600 161.784000
3.845430 666.237600 152.397000
3.859740 677.728800 118.629000
3.876130 675.242400 97.776000
3.892330 673.663200 116.119500
3.909240 674.452800 113.452500
3.925510 676.132800 128.572500
3.941960 665.582400 110.533500
3.958370 671.949600 199.521000
3.974820 674.604000 219.544500
3.991000 666.792000 222.957000
4.007450 681.357600 197.442000
4.040560 687.355200 186.228000
4.056760 664.776000 138.379500
4.089630 687.405600 129.591000
4.105930 629.529600 177.166500
4.139980 668.690400 196.612500
4.155330 645.859200 184.569000
4.188260 634.401600 190.029000
4.204800 656.325600 168.787500
4.237920 647.085600 160.513500
4.254790 622.960800 179.959500
4.271240 627.177600 205.296000
4.287260 663.331200 226.705500
4.304050 665.935200 273.420000
4.321410 667.228800 282.891000
4.336820 668.404800 287.007000
4.353550 640.903200 209.485500
4.369900 637.459200 187.992000
4.385930 685.574400 198.838500
4.402590 682.836000 199.783500
4.419040 683.508000 204.939000
4.435460 650.764800 185.913000
4.452240 664.927200 219.775500
4.468140 665.716800 226.579500
4.484280 658.896000 224.532000
4.500340 665.397600 255.706500
4.516850 666.859200 265.314000
4.533450 706.288800 252.924000
4.550110 716.755200 185.839500
4.566380 714.722400 163.810500
4.582580 704.810400 160.587000
4.599760 693.722400 270.763500
4.618160 694.293600 275.593500
4.634060 694.159200 239.788500
4.650240 729.388800 221.361000
4.664670 728.952000 216.373500
4.681180 686.884800 196.014000
4.697720 716.184000 209.181000
4.714510 716.671200 214.179000
4.730680 737.016000 221.151000
4.747040 709.682400 231.861000
4.763760 707.817600 213.948000
4.779480 688.094400 180.421500
4.796660 707.767200 209.485500
4.829160 681.945600 207.847500
4.845920 688.060800 212.373000
4.878480 725.676000 153.615000
4.894740 695.419200 210.094500
4.927670 706.742400 194.848500
4.944090 711.144000 231.987000
4.977080 729.691200 197.557500
4.993680 722.534400 194.124000
5.026120 747.163200 207.217500
5.042850 742.240800 192.213000
5.075380 750.187200 192.160500
5.092380 736.596000 183.204000
5.125000 718.956000 206.860500
5.141300 736.948800 245.154000
5.174040 720.098400 241.069500
5.190860 702.592800 179.928000
5.223080 806.198400 216.289500
5.242550 801.024000 238.213500
5.275150 729.976800 168.756000
5.291840 800.553600 197.746500
5.324040 810.784800 178.185000
5.340520 790.742400 182.427000
5.373870 797.260800 201.369000
5.387730 822.712800 154.077000
5.420440 798.688800 173.691000
5.437040 762.686400 120.330000
5.453800 763.392000 134.442000
5.469910 763.308000 220.279500
5.486660 689.119200 229.992000
5.519010 714.235200 168.399000
5.538480 735.487200 202.597500
5.567930 716.184000 231.840000
5.584960 775.958400 213.906000
5.601290 776.076000 216.993000
5.617370 772.665600 184.222500
5.634250 778.579200 165.700500
5.651250 778.125600 156.607500
5.666930 802.956000 175.969500
5.683500 802.653600 164.871000
5.700130 802.468800 157.279500
5.716130 814.010400 177.303000
5.734010 820.696800 164.944500
5.766850 816.295200 190.365000
5.783080 791.515200 187.288500
5.798550 791.196000 177.103500
5.814910 804.468000 169.806000
5.831450 793.161600 178.815000
5.863830 824.997600 171.706500
5.880520 797.848800 179.413500
5.912990 804.585600 208.141500
5.929900 786.777600 171.864000
5.946500 785.988000 150.297000
5.962460 789.700800 102.963000
5.979250 825.014400 112.266000
6.011930 859.034400 138.610500
6.028290 843.427200 178.395000
6.044890 843.309600 189.651000
6.061040 868.442400 138.736500
6.077730 837.580800 163.695000
6.093990 837.614400 158.802000
6.110630 819.571200 148.848000
6.127140 871.836000 104.328000
6.143370 872.088000 98.227500
6.159850 846.720000 110.397000
6.176360 844.972800 119.353500
6.193540 844.804800 117.946500
6.209080 813.036000 124.446000
6.225400 827.181600 125.233500
6.241640 827.232000 137.581500
6.258420 812.347200 152.859000
6.275050 802.720800 165.889500
6.291350 802.939200 175.917000
6.308010 831.448800 206.461500
6.323910 845.023200 209.779500
6.356780 909.400800 164.860500
6.373600 890.097600 149.751000
6.389650 890.568000 139.492500
6.406130 878.455200 177.670500
6.422490 885.763200 184.821000
6.439210 886.099200 180.001500
6.455440 873.180000 98.164500
6.472050 880.538400 115.458000
6.488620 880.605600 109.851000
6.504640 876.573600 126.588000
6.521910 895.372800 113.442000
6.537720 895.221600 119.059500
6.553710 912.609600 117.421500
6.570650 873.432000 121.968000
6.586580 873.616800 116.350500
6.602600 866.544000 129.559500
6.619690 916.994400 129.843000
6.635710 916.305600 140.395500
6.652280 893.104800 151.200000
6.668950 870.928800 98.952000
6.685420 870.626400 109.525500
6.701630 889.375200 137.287500
6.718350 900.379200 159.946500
6.734740 900.681600 154.980000
6.750920 914.726400 172.630500
6.767430 947.906400 138.106500
6.783840 948.292800 132.489000
6.799990 920.035200 113.095500
6.816560 925.730400 178.006500
6.833070 924.621600 193.588500
6.849550 913.785600 165.427500
6.865690 938.128800 182.469000
6.882110 939.388800 167.044500
6.898440 911.551200 106.228500
6.915220 902.966400 158.056500
6.931760 902.378400 168.462000
6.948060 894.247200 157.059000
6.964290 948.612000 165.700500
6.981140 948.141600 170.971500
6.997100 983.824800 186.217500
7.014010 974.685600 158.308500
7.030460 976.046400 146.853000
7.046660 948.175200 159.663000
7.063350 950.544000 121.138500
7.079710 951.199200 114.586500
7.095890 976.466400 168.000000
7.112610 957.264000 100.894500
7.129430 958.171200 91.402500
7.145230 971.426400 137.329500
7.161960 992.510400 133.570500
7.179020 991.048800 145.267500
7.194640 971.712000 155.431500
7.210880 989.721600 155.631000
7.227570 988.461600 165.784500
7.243800 1007.160000 187.372500
7.260530 1009.125600 167.989500
7.276950 1009.848000 162.907500
7.292760 981.355200 149.772000
7.309300 990.259200 120.162000
7.326260 990.796800 114.534000
7.342100 987.789600 123.690000
7.359100 990.830400 164.524500
7.375210 988.209600 185.251500
7.391540 970.536000 196.654500
7.408660 994.644000 196.791000
7.441220 976.449600 200.298000
7.459200 989.822400 206.514000
7.490910 948.813600 142.695000
7.507720 990.864000 149.625000
7.523650 990.864000 149.625000
7.539790 1054.737600 202.125000
7.556520 1003.329600 168.714000
7.573060 1005.530400 153.342000
7.589200 1036.207200 178.573500
7.606570 1009.562400 154.192500
7.625000 1011.679200 138.715500
7.638210 1058.803200 124.057500
7.654360 1046.119200 164.398500
7.671200 1042.658400 184.674000
7.687440 1003.413600 158.088000
7.704040 1011.242400 179.119500
7.720580 1007.714400 202.786500
7.736850 1024.044000 251.905500
7.753570 1024.161600 233.667000
7.769710 1025.018400 228.406500
7.786010 1051.260000 208.908000
7.802220 961.044000 189.903000
7.819120 964.689600 156.618000
7.835170 573.636000 109.347000
7.852020 504.571200 147.241500
7.868320 505.814400 151.767000
7.884250 543.513600 162.424500
7.901210 534.508800 179.770500
7.917570 538.036800 194.386500
7.933810 507.746400 166.173000
7.950130 544.924800 163.779000
7.966490 544.857600 164.010000
7.983280 530.980800 156.534000
7.999540 500.976000 140.836500
8.016240 499.716000 136.132500
8.032260 485.788800 124.750500
8.048950 460.572000 130.137000
8.065370 463.730400 140.920500
8.082640 481.168800 131.292000
8.099640 504.823200 136.059000
8.116420 503.596800 131.008500
8.131710 480.480000 130.872000
8.148350 490.291200 138.778500
8.165250 488.762400 133.024500
8.181030 478.262400 141.844500
8.196870 505.848000 154.959000
8.213260 504.688800 150.349500
8.229710 481.807200 166.372500
8.246430 462.470400 142.233000
8.262730 457.984800 126.703500
8.278810 512.568000 128.940000
8.295500 517.372800 129.454500
8.311950 519.960000 139.933500
8.328280 550.821600 136.090500
8.344910 528.024000 180.652500
8.377690 524.714400 104.559000
8.394010 527.805600 141.781500
8.410830 526.680000 136.804500
8.426760 544.840800 161.605500
8.443850 513.441600 125.895000
8.459960 510.854400 115.479000
8.475890 506.570400 125.601000
8.493190 506.184000 111.594000
8.509340 509.779200 126.619500
8.525760 565.101600 155.956500
8.542050 583.245600 170.719500
8.558750 587.344800 191.184000
8.574890 619.802400 203.616000
8.591580 589.965600 188.842500
8.623870 590.956800 174.982500
8.640630 568.444800 174.184500
8.672910 574.862400 193.242000
8.689640 589.663200 193.914000
8.706570 584.488800 167.401500
8.821410 761.325600 66.465000
8.837830 760.351200 17.661000
8.887330 713.143200 15.414000
8.903560 714.084000 26.617500
8.919710 748.137600 53.067000
8.936220 750.876000 35.616000
8.969180 724.180800 13.965000
9.018310 652.579200 20.800500
9.035280 650.647200 65.730000
9.067810 677.191200 43.365000
9.084440 673.125600 59.409000
9.117740 678.669600 47.502000
9.134610 666.153600 76.314000
9.153320 667.514400 87.286500
9.167360 669.916800 64.312500
9.182710 662.424000 48.636000
9.199160 659.769600 25.840500
9.297670 630.033600 18.343500
9.330570 655.536000 15.351000
9.347020 654.074400 3.927000
9.379760 683.004000 6.037500
9.396030 683.541600 11.455500
9.412570 716.587200 4.651500
9.461610 681.744000 13.125000
9.478300 666.456000 28.224000
9.494960 667.816800 39.595500
9.511020 726.818400 38.346000
9.527560 769.204800 89.260500
9.544220 768.700800 78.277500
9.560060 761.191200 24.223500
9.576930 757.108800 5.092500
9.609410 752.018400 20.842500
9.626130 760.620000 35.542500
9.658870 748.944000 19.330500
9.675450 728.683200 2.184000
9.757260 789.331200 12.694500
9.790410 814.111200 3.906000
9.807680 784.576800 18.343500
9.824250 802.939200 0.546000
9.839940 803.174400 12.211500
9.856320 835.984800 33.537000
9.872770 832.490400 54.295500
9.905520 775.320000 12.852000
9.921940 781.116000 41.233500
9.938540 780.645600 24.475500
10.004300 826.022400 30.303000
10.020840 821.200800 48.772500
10.037510 821.301600 60.228000
10.053220 574.543200 111.310500
10.069920 541.564800 79.159500
10.086150 538.204800 63.294000
10.102780 506.755200 47.754000
10.119380 539.935200 16.474500
10.135960 538.574400 10.500000
10.152100 539.481600 52.647000
10.168430 566.546400 45.853500
10.185090 572.712000 77.332500
10.201230 545.143200 123.868500
10.217860 549.830400 153.310500
10.250270 496.944000 113.809500
10.267270 514.735200 83.380500
10.283750 511.274400 68.659500
10.300020 506.822400 39.816000
10.316380 522.715200 70.654500
10.333040 521.253600 64.858500
10.349120 494.541600 38.125500
10.365840 495.499200 33.778500
10.381680 496.893600 39.700500
10.398250 515.474400 54.033000
10.414400 512.316000 57.592500
10.431300 512.232000 57.235500
10.447360 496.188000 60.217500
10.464940 504.856800 74.980500
10.496370 502.807200 92.725500
10.513400 539.498400 77.070000
10.529690 540.590400 82.278000
10.545900 562.228800 72.607500
10.562350 561.136800 93.019500
10.579040 561.204000 93.387000
10.595120 565.790400 66.097500
10.611970 552.031200 52.216500
10.627990 549.763200 41.254500
10.644590 523.924800 53.319000
10.660890 522.396000 48.678000
10.677550 524.899200 59.577000
10.693480 545.496000 77.374500
10.710270 546.336000 77.595000
10.726840 549.813600 92.872500
10.742800 548.688000 115.626000
10.759190 572.460000 123.343500
10.775820 570.242400 112.318500
10.793270 669.295200 76.387500
10.808990 690.093600 94.395000
10.825070 689.690400 90.268500
10.841550 665.683200 70.896000
10.858060 673.965600 92.946000
10.874540 675.309600 104.097000
10.891170 662.524800 79.821000
10.907500 681.626400 85.932000
10.923980 679.896000 69.541500
10.940000 661.785600 74.781000
10.956760 670.168800 60.312000
10.974180 669.614400 54.358500
10.989470 662.390400 94.699500
11.006230 652.663200 67.210500
11.022340 653.486400 73.153500
11.038480 657.300000 35.322000
11.055510 627.177600 19.939500
11.104710 637.879200 5.649000
11.120790 640.147200 21.787500
11.137240 646.128000 78.088500
11.153930 649.084800 98.185500
11.170350 650.613600 109.200000
11.186680 709.464000 77.301000
11.203060 724.516800 76.366500
11.219820 723.290400 60.312000
11.235870 714.285600 62.317500
11.252500 694.797600 35.721000
11.269010 693.688800 24.538500
11.285130 697.586400 17.545500
11.302220 713.596800 22.071000
11.334560 712.471200 9.145500
11.351350 683.524800 3.318000
11.367580 685.154400 19.540500
11.383760 712.051200 49.539000
11.400210 681.273600 91.885500
11.416840 683.793600 113.662500
11.433230 725.356800 98.658000
11.449310 726.348000 132.163500
11.482060 796.370400 63.924000
11.498750 758.990400 78.519000
11.531770 795.900000 106.207500
11.548160 745.096800 130.473000
11.580900 799.411200 101.776500
11.597050 781.284000 106.438500
11.613590 780.612000 90.321000
11.630370 759.259200 29.116500
11.646670 780.544800 1.680000
11.695980 769.053600 4.273500
11.712460 769.288800 9.565500
11.728550 767.692800 15.582000
11.745300 765.088800 17.482500
11.761630 765.979200 34.765500
11.777800 818.848800 81.805500
11.794040 835.749600 26.890500
11.811040 835.732800 36.708000
11.827360 867.199200 96.705000
11.843750 864.897600 89.712000
11.860410 864.645600 100.170000
11.876590 829.516800 136.678500
11.893070 850.701600 106.701000
11.909210 851.104800 96.600000
11.925930 870.727200 83.874000
11.942350 890.148000 57.078000
11.958650 890.786400 40.897500
11.975130 861.688800 59.251500
11.991610 904.428000 34.587000
12.009190 904.008000 40.719000
12.024930 855.657600 45.622500
12.041990 860.344800 47.649000
12.058440 860.126400 57.330000
12.074650 863.721600 65.646000
12.091000 830.222400 127.480500
12.107880 830.356800 138.621000
12.123660 836.656800 120.235500
12.140590 853.826400 77.133000
12.156800 854.128800 50.158500
12.173220 828.240000 25.914000
12.189480 856.413600 74.445000
12.206270 856.010400 94.983000
12.221980 840.151200 93.187500
12.238770 867.417600 104.643000
12.254790 867.283200 110.281500
12.271150 845.292000 96.033000
12.287570 955.466400 61.362000
12.304110 957.415200 40.099500
12.320040 979.608000 55.020000
12.336820 972.720000 59.220000
12.353450 973.156800 53.550000
12.369420 955.012800 69.058500
12.386470 967.226400 21.052500
12.402770 966.638400 27.132000
12.419100 978.532800 43.218000
12.435700 957.196800 69.972000
12.451970 957.549600 64.060500
12.468260 968.956800 49.969500
12.484860 970.569600 37.180500
12.500980 970.519200 37.548000
12.517580 907.653600 43.396500
12.534150 910.896000 86.394000
12.567660 924.285600 56.143500
12.583470 931.106400 99.298500
12.616000 935.037600 81.942000
12.632480 935.239200 86.100000
12.665070 938.666400 76.429500
12.681950 929.292000 73.405500
12.714750 984.110400 62.706000
12.730960 1024.363200 75.348000
12.763820 1018.567200 68.859000
12.780300 1009.898400 43.900500
12.796720 1008.470400 54.946500
12.812810 1017.744000 70.612500
12.829410 1019.625600 73.993500
12.846070 1018.096800 85.071000
12.862210 1014.602400 139.335000
12.878480 1026.463200 139.219500
12.894810 1028.059200 128.593500
12.911650 1005.547200 105.073500
12.928310 1024.111200 117.558000
12.944820 1025.673600 107.016000
12.960940 1047.076800 104.139000
12.977260 1022.817600 38.230500
12.993770 1021.288800 49.318500
13.010160 1013.493600 85.459500
13.026670 1004.757600 101.167500
13.043330 1003.346400 112.014000
13.059780 1011.998400 93.177000
13.076020 1042.339200 89.386500
13.092440 1043.229600 83.968500
13.108800 726.717600 127.333500
13.125700 546.806400 126.682500
13.141820 544.404000 115.920000
13.158330 561.069600 104.947500
13.174870 559.574400 92.389500
13.191250 557.373600 81.837000
13.207550 588.655200 43.543500
13.223910 581.380800 31.909500
13.256840 566.596800 73.542000
13.273380 561.825600 58.243500
13.289890 562.867200 63.031500
13.306030 448.728000 113.568000
13.322450 456.237600 100.537500
13.339170 454.356000 94.216500
13.355470 453.448800 65.247000
13.372100 482.664000 121.149000
13.388400 485.940000 133.150500
13.404450 488.191200 103.446000
13.420900 466.149600 93.345000
13.437740 464.570400 87.885000
13.453950 515.676000 60.522000
13.470340 499.262400 46.525500
13.486940 502.017600 57.750000
13.502840 488.090400 70.570500
13.519900 479.421600 100.359000
13.536190 480.916800 106.018500
13.552580 487.720800 120.162000
13.568970 484.428000 112.003500
13.585330 481.521600 101.146500
13.601810 497.296800 108.822000
13.618410 512.416800 85.533000
13.651060 516.717600 132.405000
13.667300 507.729600 68.764500
13.700290 483.487200 84.136500
13.716890 471.609600 105.819000
13.733490 470.131200 100.443000
13.749510 516.751200 53.718000
13.766020 590.721600 30.376500
13.782710 591.880800 36.487500
13.798770 598.752000 30.376500
13.815550 574.644000 21.693000
13.832000 573.333600 15.582000
13.847780 607.773600 23.320500
13.864410 597.424800 9.544500
13.881200 599.356800 21.094500
13.897640 584.908800 17.041500
13.913880 560.834400 37.369500
13.930150 559.759200 31.920000
13.946870 625.581600 53.476500
13.963290 758.738400 44.005500
13.979770 758.133600 32.791500
13.996060 765.878400 64.039500
14.012510 769.641600 63.619500
14.029080 770.448000 79.558500
14.045140 784.677600 74.980500
14.062010 783.820800 81.963000
14.078090 784.224000 93.229500
14.094570 764.047200 127.039500
14.110930 798.151200 114.030000
14.129910 797.580000 85.648500
14.146550 789.163200 57.372000
14.162660 762.384000 6.531000
14.192960 780.880800 11.424000
14.209780 742.257600 46.473000
14.226070 744.105600 74.298000
14.242520 759.612000 62.790000
14.259120 724.416000 91.003500
14.275450 725.323200 102.091500
14.291660 738.158400 90.510000
14.308260 749.834400 95.739000
14.341030 764.450400 85.984500
14.357760 776.361600 70.602000
14.374050 776.596800 76.335000
14.390410 731.304000 95.109000
14.406560 696.780000 77.983500
14.423460 695.637600 66.790500
14.439670 671.109600 73.143000
14.456210 649.353600 50.662500
14.489350 663.532800 60.385500
14.505550 669.900000 53.392500
14.521760 669.194400 47.754000
14.538210 668.572800 58.128000
14.554720 672.470400 66.685500
14.571230 671.042400 54.768000
14.587250 675.040800 44.205000
14.603640 674.570400 11.193000
14.636870 668.001600 27.562500
14.702670 711.211200 10.437000
14.718930 712.941600 28.560000
14.735110 733.756800 46.735500
14.751650 729.388800 47.764500
14.768460 730.312800 59.850000
14.784700 709.648800 71.064000
14.801240 706.389600 56.563500
14.833920 693.369600 91.297500
14.850340 707.196000 95.980500
14.866790 706.204800 85.428000
14.882870 711.496800 69.772500
14.899350 684.751200 9.292500
14.915410 685.322400 14.553000
14.932250 762.434400 49.990500
14.948390 760.216800 80.356500
14.965210 761.275200 97.251000
14.981380 771.036000 117.138000
14.998080 776.731200 91.980000
15.014130 775.605600 63.073500
15.030790 763.106400 48.016500
15.047030 762.518400 29.557500
15.064030 763.089600 40.687500
15.080510 768.264000 62.548500
15.097140 766.903200 68.638500
15.113800 767.726400 86.856000
15.129700 788.810400 127.974000
15.146850 783.417600 120.246000
15.163120 783.031200 109.378500
15.178990 802.149600 74.014500
15.195920 775.588800 86.394000
15.228240 776.932800 84.451500
15.245180 788.726400 98.500500
15.277560 832.692000 43.900500
15.294740 836.320800 60.291000
15.326720 854.448000 67.378500
15.343230 855.204000 57.382500
15.359380 855.388800 46.494000
15.392360 860.680800 5.995500
15.408810 860.781600 0.304500
15.425260 875.028000 13.314000
15.444090 860.932800 30.996000
15.460850 860.697600 42.336000
15.475860 846.787200 45.349500
15.491060 865.233600 48.048000
15.523470 844.603200 39.553500
15.540340 830.407200 58.201500
15.573090 858.379200 69.426000
15.589510 852.129600 60.711000
15.606050 852.146400 55.492500
15.622100 782.157600 33.474000
15.638670 749.397600 47.964000
15.655400 748.725600 36.865500
15.671570 731.976000 37.495500
15.688290 736.377600 8.410500
15.720790 757.344000 0.714000
15.737340 759.981600 24.864000
15.754850 760.536000 35.647500
15.770020 751.615200 28.402500
15.786560 753.009600 38.262000
15.819060 749.397600 52.206000
15.836060 750.691200 52.027500
15.852020 751.144800 57.214500
15.868900 721.778400 92.358000
15.885410 732.244800 82.341000
15.901610 733.084800 93.502500
15.917720 804.316800 87.696000
15.934600 795.160800 75.369000
15.951140 794.858400 64.533000
15.967250 766.533600 99.918000
15.983890 792.170400 125.643000
16.016690 808.298400 90.646500
16.033230 817.941600 67.735500
16.049470 818.008800 73.227000
16.065800 776.076000 62.433000
16.082310 778.293600 70.938000
16.098630 777.840000 59.755500
16.115020 802.468800 79.138500
16.131530 812.464800 70.287000
16.147950 812.313600 59.766000
16.164310 798.940800 46.483500
16.180570 782.594400 62.769000
16.213780 781.032000 63.441000
16.229920 775.051200 52.395000
16.262730 770.532000 33.411000
16.279570 776.008800 53.046000
16.312010 767.659200 74.917500
16.328920 780.511200 87.948000
16.345210 780.309600 82.330500
16.361720 775.824000 41.191500
16.378270 762.619200 43.795500
16.394680 762.316800 37.159500
16.411010 753.866400 58.201500
16.427490 737.032800 42.367500
16.443700 737.049600 42.777000
16.459960 725.844000 39.091500
16.476530 725.659200 50.379000
16.493230 725.978400 55.030500
16.509190 733.454400 48.363000
16.525730 742.812000 51.565500
16.542360 742.324800 45.024000
16.558870 727.910400 25.546500
16.575230 727.255200 24.801000
16.593230 727.406400 26.691000
16.607880 769.238400 29.389500
16.624080 764.282400 41.590500
16.640560 764.870400 53.665500
16.657010 780.141600 63.945000
16.673520 770.162400 88.368000
16.691500 770.397600 93.397500
16.708160 788.995200 109.567500
16.724330 787.584000 124.099500
16.741330 787.752000 129.717000
16.756810 762.048000 97.828500
16.773680 780.813600 63.924000
16.790220 780.393600 52.951500
16.806520 740.779200 75.684000
16.822540 765.609600 82.351500
16.854430 758.520000 93.681000
16.871430 769.876800 81.060000
16.887730 769.322400 69.226500
16.903900 781.032000 45.769500
16.937190 791.498400 9.964500
16.952970 769.591200 38.860500
16.969450 793.984800 65.131500
16.985870 794.337600 77.290500
17.002590 813.103200 66.864000
17.019260 741.736800 81.333000
17.035250 741.031200 70.906500
17.051670 739.368000 82.813500
17.068700 821.133600 73.752000
17.101990 775.303200 19.015500
17.119230 812.767200 44.992500
17.135190 812.834400 50.011500
17.150970 806.316000 85.260000
17.166750 812.078400 124.393500
17.183500 811.910400 112.791000
17.199520 793.951200 40.288500
17.216340 795.026400 7.077000
17.248600 800.772000 15.267000
17.265470 819.336000 57.540000
17.281770 819.621600 75.264000
17.298250 854.632800 37.779000
17.314820 844.116000 39.690000
17.331120 844.099200 40.834500
17.347110 847.022400 49.035000
17.363830 855.321600 62.317500
17.380220 855.103200 74.235000
17.397830 835.010400 66.685500
17.413150 839.596800 57.046500
17.429440 839.647200 51.135000
17.445800 873.902400 46.315500
17.462550 830.272800 28.759500
17.479280 830.289600 22.039500
17.495420 854.296800 19.561500
17.511570 844.233600 40.005000
17.528410 844.132800 52.458000
17.544430 856.279200 82.036500
17.561190 838.639200 86.961000
17.593990 839.882400 78.813000
17.610570 807.256800 109.378500
17.626860 807.055200 97.786500
17.643220 515.373600 153.699000
17.659610 458.690400 151.042500
17.692110 470.232000 183.991500
17.708830 483.117600 190.995000
17.725980 486.192000 201.715500
17.741730 504.235200 199.878000
17.758270 504.638400 186.658500
17.774380 507.175200 196.161000
17.790800 515.776800 204.928500
17.807650 511.089600 186.070500
17.840060 531.165600 186.133500
17.856570 524.697600 182.080500
17.873290 522.295200 172.473000
17.889590 462.504000 175.455000
17.906460 481.992000 171.906000
17.922700 484.730400 181.513500
17.938900 550.536000 180.558000
17.957090 536.323200 206.503500
17.971890 537.398400 210.693000
17.988220 545.244000 217.801500
18.006200 561.355200 216.510000
18.020780 560.044800 210.672000
18.036830 588.151200 193.252500
18.053340 573.972000 211.585500
18.069980 573.064800 206.976000
18.086330 550.233600 210.210000
18.103090 536.978400 211.974000
18.119110 534.676800 202.776000
18.135770 548.083200 131.376000
18.153170 516.314400 167.674500
18.169220 517.339200 172.305000
18.185820 593.308800 130.336500
18.202330 616.509600 106.501500
18.218810 618.525600 118.576500
18.234740 602.330400 160.566000
18.251590 589.008000 121.989000
18.284090 611.889600 129.727500
18.300870 631.276800 149.562000
18.335750 635.342400 129.969000
18.349820 632.839200 146.895000
18.366000 631.276800 137.004000
18.382200 598.684800 154.423500
18.399050 593.224800 161.028000
18.431820 723.525600 152.659500
18.448460 732.849600 149.509500
18.481200 705.348000 161.196000
18.497860 733.572000 152.428500
18.514560 733.740000 156.744000
18.530730 718.972800 193.347000
18.547420 713.815200 165.375000
18.563780 713.361600 163.989000
18.580140 747.079200 182.458500
18.596680 715.041600 184.789500
18.613220 714.621600 180.610500
18.629300 649.672800 165.742500
18.645780 654.158400 126.630000
18.662630 651.201600 105.210000
18.678160 631.512000 102.375000
18.694520 630.772800 126.640500
18.710600 634.720800 151.861500
18.727570 671.815200 197.263500
18.744540 646.615200 219.292500
18.760560 649.168800 235.525500
18.776860 665.532000 192.003000
18.793490 641.323200 198.376500
18.810000 638.248800 178.815000
18.826420 645.338400 169.407000
18.842900 628.286400 155.242500
18.859440 629.008800 159.988500
18.875460 630.319200 167.968500
18.892430 643.574400 151.966500
18.908480 644.397600 157.615500
18.924960 702.273600 173.733000
18.941680 701.299200 160.261500
18.957790 701.265600 159.936000
18.974000 699.316800 169.260000
18.991210 707.884800 183.960000
19.006930 708.876000 193.735500
19.023040 687.993600 214.861500
19.039120 697.200000 194.344500
19.055450 696.124800 184.569000
19.071990 703.214400 171.465000
19.088750 701.080800 165.322500
19.105380 700.072800 155.557500
19.121370 682.668000 100.716000
19.138120 722.013600 131.869500
19.170560 690.345600 129.916500
19.187410 694.293600 138.631500
19.203830 695.368800 148.533000
19.219730 724.063200 140.196000
19.236760 737.822400 181.461000
19.253050 738.192000 186.207000
19.269290 714.252000 163.716000
19.285830 671.781600 158.791500
19.302060 671.244000 154.276500
19.319460 717.528000 128.173500
19.335110 716.133600 119.994000
19.351560 715.192800 109.483500
19.367860 677.174400 96.421500
19.384400 646.884000 104.601000
19.400790 647.690400 109.620000
19.417420 657.283200 158.697000
19.434510 641.978400 167.506500
19.450040 644.364000 182.679000
19.466370 640.029600 167.926500
19.483030 666.792000 179.193000
19.499570 665.414400 168.924000
19.515660 670.941600 153.982500
19.532170 669.883200 131.922000
19.548430 668.606400 121.905000
19.565000 631.008000 123.868500
19.581360 620.121600 105.252000
19.614380 632.133600 82.908000
19.630520 646.245600 80.734500
19.647400 647.690400 91.066500
19.663700 655.855200 103.645500
19.680420 662.121600 118.030500
19.696780 663.482400 128.310000
19.712770 665.935200 125.884500
19.729370 648.160800 148.260000
19.745970 646.682400 138.127500
19.762480 603.859200 132.237000
19.778350 609.688800 145.677000
19.795040 608.680800 140.563500
19.811220 670.790400 134.946000
19.828060 656.275200 114.387000
19.844390 657.720000 125.002500
19.860780 689.287200 150.538500
19.877290 653.872800 164.041500
19.893740 653.167200 159.075000
19.910220 639.374400 174.279000
19.926700 669.715200 146.790000
19.942720 668.404800 136.500000
19.959110 647.119200 123.784500
19.975890 669.866400 111.909000
19.992980 670.504800 116.896500
20.009370 686.431200 140.143500
20.025850 683.911200 133.014000
20.042420 685.120800 143.493000
20.058870 712.471200 154.297500
20.075230 721.694400 144.501000
20.095550 721.291200 139.576500
20.106840 706.406400 115.248000
20.123930 698.644800 133.255500
20.140230 697.552800 122.850000
20.156710 699.501600 118.482000
20.173280 722.400000 134.725500
20.205990 707.011200 133.360500
20.222440 699.501600 122.335500
20.255740 685.692000 78.907500
20.271790 683.642400 109.704000
20.306000 697.922400 83.842500
20.321290 680.500800 129.223500
20.353490 670.034400 69.195000
20.370420 657.266400 128.866500
20.403140 658.056000 121.747500
20.419650 670.370400 84.010500
20.435970 668.304000 66.507000
20.452510 712.236000 125.506500
20.469060 732.580800 80.073000
20.485200 732.916800 83.653500
20.501800 739.149600 88.683000
20.518190 741.720000 140.805000
20.534420 742.543200 152.491500
20.550990 731.186400 135.901500
20.567720 730.514400 110.407500
20.583950 729.741600 100.474500
20.599950 721.694400 116.854500
20.616970 721.308000 118.860000
20.649480 726.650400 119.395500
20.665800 718.855200 67.032000
20.698910 734.445600 139.597500
20.715390 714.806400 89.943000
20.731780 715.831200 101.587500
20.747890 703.684800 142.768500
20.764830 718.754400 138.999000
20.781130 719.224800 143.934000
20.797490 725.625600 181.335000
20.814000 673.831200 171.139500
20.830540 673.125600 165.207000
20.846650 707.448000 128.299500
20.863010 739.653600 131.302500
20.879460 738.931200 121.149000
20.895660 735.772800 135.145500
20.912840 754.017600 136.962000
20.945370 734.193600 83.370000
20.961910 750.792000 109.378500
20.978300 750.086400 98.091000
20.994260 730.632000 122.713500
21.010930 720.451200 112.434000
21.043700 745.785600 144.700500
21.060520 737.167200 93.082500
21.076600 737.973600 104.412000
21.093080 743.920800 132.573000
21.109710 721.190400 163.453500
21.141940 700.744800 113.106000
21.158540 742.476000 144.427500
21.191680 731.942400 172.158000
21.207920 737.721600 180.085500
21.224460 738.544800 190.953000
21.240970 732.681600 147.703500
21.257510 727.070400 193.221000
21.274020 726.129600 182.374500
21.290250 705.768000 149.614500
21.306700 702.408000 134.904000
21.339390 717.964800 171.076500
21.356140 724.180800 162.225000
21.374850 723.676800 156.922500
21.391200 700.879200 114.702000
21.406890 733.420800 142.936500
21.424350 731.724000 121.054500
21.440400 724.852800 118.975500
21.454710 685.624800 166.834500
21.471160 686.834400 177.156000
21.487210 785.736000 213.402000
21.503970 750.640800 148.407000
21.520080 750.792000 153.846000
21.536710 757.831200 139.377000
21.553100 768.448800 149.079000
21.569340 769.020000 160.240500
21.585970 732.160800 131.880000
21.602080 734.580000 199.143000
21.634950 740.056800 165.879000
21.651580 771.993600 156.933000
21.667910 771.775200 151.620000
21.684170 748.188000 148.963500
21.700680 764.568000 112.423500
21.717250 765.139200 122.608500
21.733180 808.684800 190.155000
21.750150 753.513600 146.170500
21.766820 754.521600 163.212000
21.783020 757.528800 198.817500
21.799840 765.408000 192.181500
21.816010 764.870400 182.238000
21.832520 740.779200 156.040500
21.849330 769.524000 172.662000
21.881530 760.233600 193.305000
21.900050 792.204000 147.252000
21.914730 792.506400 157.101000
21.930910 761.728800 205.222500
21.949160 804.132000 177.775500
21.980290 776.865600 183.466500
21.996860 787.802400 189.283500
22.013240 787.466400 179.676000
22.029570 757.125600 153.783000
22.046050 798.772800 166.771500
22.062290 798.470400 155.683500
22.078800 802.888800 158.182500
22.095400 785.467200 136.930500
22.128200 774.328800 114.166500
22.144680 765.693600 126.525000
22.161010 765.475200 120.792000
22.177830 803.409600 138.222000
22.193540 787.550400 123.501000
22.210080 787.264800 117.526500
22.226010 779.570400 108.160500
22.242800 816.866400 115.594500
22.258910 817.135200 138.547500
22.275360 796.051200 127.533000
22.291960 812.548800 116.980500
22.324890 809.323200 150.958500
22.341430 852.230400 154.465500
22.357570 852.549600 137.623500
22.374080 863.956800 74.623500
22.390810 817.320000 73.363500
22.407230 817.370400 77.112000
22.423250 855.808800 126.798000
22.440060 856.329600 177.030000
22.456330 855.708000 209.076000
22.472630 857.085600 178.752000
22.491090 843.141600 180.442500
22.506990 843.242400 170.530500
22.524230 835.867200 191.604000
22.542080 844.233600 177.313500
22.555510 844.552800 162.078000
22.572140 852.213600 163.306500
22.588840 858.933600 150.591000
22.605380 859.084800 144.564000
22.621060 871.500000 146.895000
22.638150 862.612800 157.416000
22.654420 862.327200 168.819000
22.670560 898.228800 148.176000
22.687380 897.926400 147.378000
22.703890 898.245600 140.962500
22.720280 880.471200 144.721500
22.736690 874.473600 178.216500
22.753110 874.641600 172.462500
22.769230 881.311200 170.499000
22.787410 875.767200 126.420000
22.802980 875.884800 120.991500
22.818910 883.528800 123.921000
22.836330 883.024800 134.263500
22.852110 882.823200 139.534500
22.867250 902.832000 147.231000
22.883880 907.922400 141.561000
22.900210 907.872000 142.621500
22.916630 909.636000 152.491500
22.933320 909.484800 163.453500
22.949650 908.796000 174.510000
22.965820 892.886400 169.900500
22.982570 883.747200 172.389000
23.015140 937.372800 166.425000
23.031830 928.233600 165.837000
23.064510 871.718400 166.981500
23.081050 907.418400 191.530500
23.114230 906.192000 142.884000
23.130000 929.476800 204.298500
23.162960 942.614400 233.646000
23.179530 943.017600 230.464500
23.196170 944.462400 214.767000
23.212160 960.036000 135.807000
23.228520 945.890400 97.209000
23.244960 946.276800 91.224000
23.261020 967.579200 103.939500
23.277860 981.170400 124.866000
23.294070 978.532800 147.735000
23.310550 956.155200 157.510500
23.326970 943.034400 158.959500
23.359830 952.828800 164.503500
23.376340 956.088000 170.236500
23.392940 957.196800 159.138000
23.409120 989.200800 176.599500
23.425630 993.249600 167.212500
23.458370 989.604000 137.781000
23.474820 986.092800 150.139500
23.491150 984.748800 161.322000
23.507540 983.320800 159.799500
23.524050 984.160800 153.888000
23.557070 980.044800 155.883000
23.573520 1002.187200 196.633500
23.589660 1003.716000 185.755500
23.605900 994.560000 115.311000
23.622830 993.048000 95.340000
23.639100 994.442400 83.884500
23.655670 1048.404000 150.885000
23.671940 1034.040000 142.800000
23.688570 1033.233600 147.672000
23.704710 1033.452000 176.211000
23.721250 1041.902400 194.176500
23.737920 1039.264800 210.115500
23.754150 1054.351200 188.485500
23.770540 1052.805600 157.143000
23.787200 1054.586400 146.947500
23.802980 1043.330400 140.721000
23.820800 1031.200800 125.758500
23.853300 1031.940000 130.168500
23.869660 1031.116800 143.440500
23.886320 1029.352800 154.686000
23.902650 1023.607200 195.657000
23.919280 956.608800 170.352000
23.935270 957.717600 159.253500
23.951810 568.041600 173.544000
23.968380 487.015200 102.963000
24.001070 463.024800 152.439000
24.017460 481.924800 162.571500
24.034060 485.016000 173.533500
24.050380 456.775200 159.484500
24.067140 494.373600 152.124000
24.099550 479.404800 173.344500
24.116030 476.196000 164.766000
24.148070 477.859200 147.315000
24.164550 472.600800 144.427500
24.197300 477.825600 142.705500
24.213900 484.512000 155.578500
24.246770 485.419200 157.573500
24.263090 500.740800 162.960000
24.295780 523.118400 173.743500
24.313720 523.622400 179.109000
24.328700 524.680800 183.655500
24.345090 547.747200 201.768000
24.362950 570.847200 230.926500
24.377990 569.587200 225.393000
24.394500 542.220000 166.215000
24.410920 502.975200 167.958000
24.427430 499.010400 152.859000
24.443730 539.263200 155.379000
24.460140 564.648000 143.514000
24.476650 563.388000 137.613000
24.493040 544.185600 121.621500
24.509460 563.707200 134.599500
24.526280 565.000800 140.479500
24.542910 603.775200 135.891000
24.559110 613.972800 129.192000
24.575740 614.728800 134.158500
24.591950 617.349600 115.521000
24.608460 628.488000 128.079000
24.624760 630.319200 139.681500
24.641660 608.344800 162.130500
24.658570 610.327200 177.072000
24.690800 615.451200 194.082000
24.707980 640.617600 205.002000
24.740140 620.760000 207.490500
24.757230 592.351200 155.893500
24.773280 589.192800 139.419000
24.789860 573.417600 158.182500
24.806370 627.328800 116.875500
24.822390 624.708000 99.865500
24.838990 640.584000 88.557000
24.855590 628.740000 144.721500
24.871670 630.520800 155.799000
24.887850 638.198400 130.116000
24.904750 655.233600 128.320500
24.920990 656.745600 139.335000
24.937040 640.651200 163.054500
24.953400 657.636000 160.188000
24.969970 656.846400 154.854000
24.986450 607.252800 135.975000
25.003600 590.016000 135.534000
25.019620 589.680000 134.347500
25.035980 598.113600 130.021500
25.052730 680.131200 178.321500
25.069060 683.440800 205.737000
25.085360 676.216800 208.540500
25.101680 682.466400 216.205500
25.118130 680.551200 201.253500
25.134830 678.888000 140.847000
25.150820 647.858400 129.055500
25.167270 645.338400 111.961500
25.183500 698.409600 134.925000
25.199890 689.035200 107.215500
25.216610 689.673600 113.232000
25.236450 698.224800 109.137000
25.250030 662.860800 127.795500
25.266240 662.810400 127.417500
25.281980 651.336000 132.426000
25.298550 662.356800 141.897000
25.315610 663.532800 151.830000
25.331450 671.781600 179.581500
25.348020 690.278400 204.855000
25.365200 692.294400 221.004000
25.381100 757.024800 193.221000
25.397610 775.538400 180.169500
25.415220 774.564000 159.033000
25.431000 778.545600 125.958000
25.448460 771.506400 120.918000
25.464870 770.985600 109.725000
25.479280 774.362400 143.766000
25.495910 772.279200 129.517500
25.512420 772.497600 135.072000
25.528750 749.414400 147.756000
25.545350 757.495200 149.257500
25.561340 757.780800 154.266000
25.578060 760.401600 135.681000
25.594600 744.189600 132.741000
25.610780 744.760800 138.852000
25.627230 827.752800 158.182500
25.643550 820.024800 125.055000
25.660340 819.772800 112.770000
25.676330 808.063200 139.293000
25.693050 797.983200 153.174000
25.709530 798.436800 164.094000
25.725490 815.169600 171.181500
25.742000 833.481600 127.239000
25.758910 833.498400 105.472500
25.775020 832.087200 81.669000
25.791440 830.995200 99.792000
25.808140 830.894400 105.094500
25.824400 810.784800 149.205000
25.840700 845.241600 143.682000
25.857420 845.006400 166.162500
25.873350 845.544000 163.453500
25.891360 824.258400 184.411500
25.906650 824.409600 179.077500
25.922820 820.764000 144.963000
25.939580 836.354400 134.946000
25.955600 836.371200 117.894000
25.972290 854.968800 127.081500
25.990690 851.709600 107.436000
26.007930 851.524800 118.975500
26.023100 856.615200 136.185000
26.040470 860.109600 126.850500
26.054380 859.689600 143.020500
26.070430 868.089600 178.867500
26.087520 858.446400 221.865000
26.103550 858.228000 231.661500
26.119810 855.691200 202.870500
26.136600 853.221600 203.668500
26.152980 853.372800 198.796500
26.169620 853.490400 185.304000
26.186000 868.644000 178.983000
26.202330 868.946400 168.924000
26.218440 910.862400 169.438500
26.237640 911.198400 161.868000
26.267820 913.953600 164.703000
26.287110 906.914400 164.031000
26.302920 907.586400 152.890500
26.319850 902.630400 137.949000
26.333440 899.438400 151.168500
26.350620 899.236800 155.851500
26.366550 961.128000 151.273500
26.383150 936.784800 191.236500
26.399350 934.953600 212.236500
26.415770 946.075200 232.438500
26.432680 931.711200 223.618500
26.448610 933.424800 202.513500
26.465210 946.780800 153.667500
26.481540 943.135200 115.384500
26.498140 944.916000 92.547000
26.514400 937.876800 132.342000
26.531100 929.493600 115.920000
26.547090 928.334400 132.846000
26.563630 971.140800 155.704500
26.580170 973.408800 159.589500
26.596710 973.896000 154.486500
26.612730 971.863200 190.470000
26.629300 969.612000 156.681000
26.646180 967.344000 177.040500
26.661930 972.904800 179.959500
26.678860 952.980000 192.013500
26.695310 953.988000 181.755000
26.711360 958.641600 168.031500
26.729400 959.011200 165.354000
26.745420 959.968800 155.883000
26.762150 991.636800 121.485000
26.779140 965.378400 128.415000
26.793150 964.689600 133.738500
26.809750 1036.795200 132.940500
26.826600 1007.311200 178.804500
26.842960 1005.715200 190.050000
26.859380 1038.945600 208.845000
26.875550 1021.742400 181.114500
26.892180 1021.036800 185.955000
26.908780 984.984000 189.462000
26.925020 1014.552000 188.653500
26.941830 1013.829600 193.903500
26.958770 1007.277600 170.425500
26.974240 999.146400 164.860500
26.990810 1000.490400 154.654500
27.006990 1009.680000 144.249000
27.023900 999.331200 216.625500
27.056150 1018.802400 230.128500
27.073180 1000.406400 210.420000
27.107210 1005.177600 239.694000
27.122530 995.349600 225.046500
27.138670 997.701600 209.076000
27.155180 987.420000 167.926500
27.171420 898.850400 139.282500
27.188140 899.556000 122.650500
27.204190 525.940800 126.798000
27.220760 488.745600 97.314000
27.237490 491.752800 108.769500
27.253510 525.285600 139.408500
27.270140 507.024000 130.809000
27.287020 510.972000 146.433000
27.303280 478.195200 174.384000
27.319400 469.912800 198.345000
27.336030 473.222400 209.464500
27.352050 551.443200 195.636000
27.368560 526.293600 138.106500
27.385010 519.590400 110.544000
27.401520 446.208000 145.162500
27.418000 486.528000 127.281000
27.434600 489.585600 138.568500
27.450590 512.988000 139.954500
27.467440 510.132000 130.830000
27.483980 511.711200 136.584000
27.499970 506.805600 154.003500
27.516880 475.692000 145.960500
27.532840 472.483200 134.641500
27.549500 480.580800 107.467500
27.567320 481.202400 118.156500
27.598750 583.816800 171.139500
27.615450 608.378400 170.919000
27.631560 610.075200 180.222000
27.648070 640.617600 181.923000
27.664220 568.814400 197.599500
27.681090 569.856000 202.954500
27.697420 582.472800 181.408500
27.713870 570.326400 156.933000
27.730260 571.620000 163.243500
27.746490 612.578400 268.317000
27.763210 649.891200 231.619500
27.779480 648.244800 220.636500
27.796020 590.301600 198.376500
27.812350 551.812800 154.812000
27.828640 549.259200 143.556000
27.845280 577.550400 165.669000
27.861420 602.683200 226.674000
27.877870 607.874400 252.987000
27.895600 632.520000 232.239000
27.911040 570.712800 168.724500
27.927220 568.579200 158.634000
27.943570 602.229600 148.039500
27.961730 631.932000 154.266000
27.977750 632.654400 158.980500
27.992550 680.013600 207.826500
28.011660 665.683200 184.495500
28.029600 667.044000 194.554500
28.045990 645.372000 210.850500
28.062810 619.080000 191.205000
28.082340 617.400000 181.062000
28.094510 667.312800 183.907500
28.108280 684.331200 162.225000
28.124630 682.365600 146.181000
28.141050 644.431200 135.859500
28.157710 662.037600 170.404500
28.173980 663.566400 181.639500
28.190830 645.204000 236.827500
28.206820 666.758400 222.663000
28.223360 667.497600 227.241000
28.239470 687.657600 248.220000
28.256010 682.432800 251.989500
28.272740 683.642400 261.502500
28.288880 658.744800 263.728500
28.305210 716.906400 288.351000
28.338130 740.342400 365.809500
28.354580 722.114400 365.536500
28.371280 721.039200 356.601000
28.387120 694.327200 373.222500
28.404270 691.320000 357.126000
28.420230 688.951200 339.108000
28.436100 721.728000 298.305000
28.452880 708.456000 295.764000
28.469060 709.548000 304.447500
28.485600 697.569600 335.695500
28.502080 731.757600 360.559500
28.518590 732.984000 370.188000
28.534450 698.812800 324.145500
28.551510 694.360800 311.283000
28.567410 691.924800 291.784500
28.583740 670.051200 264.001500
28.600400 679.039200 267.340500
28.617430 681.172800 282.418500
28.634030 697.603200 324.681000
28.650700 692.949600 313.792500
28.667210 693.067200 314.737500
28.683140 685.910400 317.982000
28.699740 682.735200 327.705000
28.716490 680.853600 313.362000
28.732540 808.735200 292.204500
28.749390 783.266400 252.073500
28.765750 782.426400 232.029000
28.781650 847.140000 253.302000
28.798710 829.920000 249.616500
28.814940 830.004000 254.383500
28.831360 818.781600 276.171000
28.848510 798.638400 280.056000
28.863710 798.940800 289.999500
28.880000 797.496000 276.496500
28.896850 816.513600 291.816000
28.930510 817.269600 285.400500
28.946900 805.526400 268.506000
28.963230 805.912800 282.555000
28.978610 738.410400 292.572000
28.995270 751.615200 307.534500
29.011510 752.320800 317.278500
29.027980 774.076800 319.347000
29.044590 774.312000 308.899500
29.060610 772.850400 280.297500
29.076970 777.201600 251.443500
29.093870 768.885600 262.647000
29.110020 768.482400 257.670000
29.126680 800.637600 238.654500
29.142850 788.037600 278.596500
29.161040 788.659200 293.527500
29.177700 775.504800 263.109000
29.194030 780.175200 258.289500
29.210510 780.612000 267.078000
29.227600 798.890400 299.880000
29.241700 808.718400 302.211000
29.257870 809.071200 312.291000
29.274200 762.703200 310.338000
29.290740 774.228000 269.923500
29.307010 773.304000 249.532500
29.323580 789.885600 250.897500
29.340240 792.136800 252.378000
29.356720 792.439200 262.899000
29.372920 841.159200 285.631500
29.389400 821.856000 278.785500
29.405910 821.721600 274.260000
29.422120 786.307200 279.772500
29.438570 793.984800 282.733500
29.454990 794.556000 297.255000
29.471070 853.053600 324.670500
29.487790 850.634400 313.068000
29.504730 850.416000 312.858000
29.520630 904.478400 294.367500
29.537480 877.178400 290.965500
29.553830 877.447200 280.948500
29.570190 871.231200 283.447500
29.586730 850.920000 289.054500
29.603090 850.684800 299.103000
29.619420 885.208800 289.947000
29.635590 905.251200 279.531000
29.652340 906.494400 260.116500
29.668330 857.220000 269.713500
29.685240 826.425600 247.695000
29.701540 826.274400 256.672500
29.718480 849.643200 308.059500
29.734650 841.159200 299.218500
29.750760 840.974400 309.813000
29.767240 851.726400 326.413500
29.783660 848.383200 270.763500
29.799740 848.719200 260.946000
29.816500 929.241600 272.023500
29.833040 940.128000 336.640500
29.849210 940.296000 336.346500
29.865660 915.768000 319.914000
29.882110 934.500000 262.416000
29.898620 935.676000 252.682500
29.914610 937.641600 239.809500
29.933650 915.717600 251.916000
29.948060 913.701600 277.756500
29.964420 898.665600 321.741000
29.980590 895.591200 280.612500
29.998440 896.095200 271.362000
30.014280 941.908800 284.707500
30.031430 900.244800 295.858500
30.048890 899.992800 300.121500
30.062960 931.694400 338.898000
30.079590 938.918400 310.327500
30.096010 940.044000 299.785500
30.112270 919.195200 336.525000
30.128600 961.682400 303.366000
30.145320 964.118400 280.287000
30.161250 994.072800 211.701000
30.178160 982.111200 204.267000
30.194640 981.338400 209.884500
30.211850 1013.560800 245.049000
30.228450 970.569600 204.403500
30.245390 971.779200 193.851000
30.261140 990.763200 191.499000
30.277220 956.558400 186.438000
30.294460 955.516800 196.665000
30.309300 961.632000 198.870000
30.326170 971.678400 208.887000
30.342530 970.989600 213.990000
30.358640 991.082400 256.158000
30.375060 974.786400 260.767500
30.391690 975.508800 255.969000
30.407750 957.297600 255.559500
30.424620 937.188000 235.494000
30.441100 937.288800 234.811500
30.457090 970.586400 244.681500
30.475890 965.798400 246.130500
30.490170 964.840800 256.326000
30.506500 949.888800 291.270000
30.523530 984.564000 289.516500
30.539670 987.100800 270.900000
30.556340 942.127200 283.626000
30.572140 963.782400 269.619000
30.591250 962.690400 279.153000
30.604460 968.335200 285.421500
30.621370 959.733600 289.936500
30.637600 958.641600 299.544000
30.654110 948.796800 306.579000
30.670320 937.423200 282.996000
30.703220 1006.387200 276.171000
30.719970 1000.154400 279.730500
30.736210 1000.927200 274.743000
30.752810 1009.495200 274.564500
30.769130 1007.193600 255.465000
30.785370 1006.504800 260.148000
30.801880 1033.116000 291.648000
30.818540 1018.634400 316.176000
30.834750 1019.709600 309.571500
30.850800 1032.460800 302.610000
30.867710 1037.265600 286.524000
30.884340 1038.004800 282.166500
30.900050 1005.076800 306.505500
30.916930 987.940800 301.077000
30.933560 985.723200 316.869000
30.949620 1021.524000 318.370500
30.966490 1036.660800 298.315500
30.982670 1037.433600 294.283500
30.999180 1012.939200 299.176500
31.015630 1043.716800 301.623000
31.031740 1044.607200 296.520000
31.048460 1047.345600 288.456000
31.064760 1025.421600 292.519500
31.081180 1024.514400 297.675000
31.097750 1027.185600 298.693500
31.113950 1024.312800 314.559000
31.130430 1024.934400 309.466500
31.146790 1008.201600 296.394000
31.163330 1024.497600 307.324500
31.179530 1022.800800 317.163000
31.196290 983.270400 320.796000
31.212620 800.520000 318.664500
31.245270 538.876800 282.009000
31.262360 515.188800 257.082000
31.278230 512.450400 247.107000
31.294590 518.330400 281.725500
31.311400 534.324000 289.558500
31.327580 532.980000 284.791500
31.344270 456.422400 278.271000
31.360200 499.447200 249.963000
31.377230 497.868000 244.587000
31.393280 515.188800 338.625000
31.410460 515.020800 313.162500
31.426420 517.809600 322.770000
31.442750 481.521600 290.157000
31.459810 485.368800 302.988000
31.475680 486.948000 307.923000
31.491970 498.506400 313.782000
31.508060 494.071200 300.804000
31.524540 495.314400 305.119500
31.540740 467.342400 316.113000
31.557650 515.776800 322.738500
31.574680 517.238400 327.957000
31.590420 494.071200 350.017500
31.607180 494.995200 331.590000
31.623440 489.048000 312.532500
31.639830 448.005600 302.536500
31.656400 464.604000 315.357000
31.688780 494.424000 310.096500
31.705440 486.729600 327.043500
31.721800 489.669600 336.252000
31.738280 483.554400 323.232000
31.755040 492.794400 338.950500
31.771000 489.871200 329.763000
31.787630 539.632800 308.479500
31.803710 525.016800 309.571500
31.820160 526.293600 314.107500
31.836640 514.197600 357.157500
31.853420 514.920000 335.013000
31.869750 519.170400 349.534500
31.886140 482.580000 332.293500
31.902250 473.709600 368.707500
31.919310 470.517600 359.352000
31.935940 517.204800 341.208000
31.952760 496.389600 330.771000
31.969570 497.716800 335.244000
31.985500 500.052000 367.227000
32.002170 481.404000 346.111500
32.018830 481.504800 346.416000
32.034730 473.407200 357.955500
32.050810 461.042400 322.927500
32.083590 478.430400 381.171000
32.100250 499.867200 374.283000
32.132660 503.210400 362.607000
32.149410 500.942400 342.090000
32.165530 498.069600 332.839500
32.182220 490.728000 369.054000
32.198880 492.676800 343.444500
32.215150 495.600000 352.611000
32.231320 585.648000 362.733000
32.250580 564.580800 364.938000
32.266170 566.932800 374.167500
32.283290 545.949600 390.358500
32.297030 598.836000 386.022000
32.313420 596.752800 376.887000
32.329740 533.332800 377.149500
32.346160 530.157600 355.582500
32.362640 528.864000 351.267000
32.378970 539.632800 350.206500
32.396510 563.572800 347.623500
32.411960 563.505600 347.319000
32.428590 541.682400 327.568500
32.445130 530.628000 320.145000
32.461610 531.837600 324.670500
32.477690 658.845600 296.551500
32.496460 644.884800 318.108000
32.513430 644.162400 313.750500
32.528750 640.214400 288.802500
32.545900 634.569600 295.512000
32.561580 631.932000 280.875000
32.577450 628.236000 314.076000
32.592530 644.834400 345.607500
32.608890 646.480800 354.963000
32.625400 645.002400 342.940500
32.641820 635.392800 308.889000
32.674650 626.858400 333.196500
32.691040 651.151200 323.914500
32.707460 653.318400 336.997500
32.723910 623.044800 352.600500
32.740510 637.425600 377.863500
32.756900 638.198400 381.937500
32.773070 635.712000 371.101500
32.789830 597.962400 361.074000
32.806150 598.281600 362.544000
32.822390 617.601600 388.794000
32.838960 606.782400 374.640000
32.855500 604.783200 365.410500
32.871670 732.984000 377.328000
32.887850 743.383200 419.517000
32.920960 769.994400 393.603000
32.937500 735.924000 404.250000
32.970180 791.716800 398.370000
32.987030 736.915200 401.026500
33.019740 747.196800 382.158000
33.036070 719.056800 379.218000
33.052370 718.704000 374.724000
33.070010 710.942400 343.917000
33.086430 705.532800 324.975000
33.103520 704.020800 310.611000
33.118870 704.894400 326.245500
33.135500 693.352800 319.872000
33.152920 693.924000 324.838500
33.168790 696.628800 321.163500
33.185640 722.601600 306.652500
33.201720 722.988000 310.947000
33.222440 716.083200 307.650000
33.234530 713.361600 357.021000
33.250150 714.420000 366.523500
33.266450 730.447200 313.876500
33.283230 695.452800 301.570500
33.299440 693.722400 287.133000
33.315670 708.288000 301.917000
33.332280 707.935200 276.475500
33.348910 706.860000 266.595000
33.365140 629.076000 273.189000
33.383610 605.035200 257.292000
33.400880 605.724000 261.975000
33.416930 581.565600 286.062000
33.432770 574.140000 284.581500
33.449550 576.408000 294.441000
33.465790 663.516000 335.191500
33.479800 649.874400 310.527000
33.496060 649.219200 305.907000
33.512450 611.671200 350.175000
33.529170 615.820800 336.808500
33.545230 616.644000 340.987500
33.561980 647.623200 346.752000
33.578430 651.873600 369.883500
33.594600 656.426400 396.280500
33.610750 631.696800 408.229500
33.627660 631.713600 413.311500
33.660250 642.969600 382.515000
33.676880 667.497600 362.397000
33.693480 664.087200 340.126500
33.709560 651.336000 320.439000
33.728880 667.615200 291.868500
33.745150 666.170400 282.051000
33.761630 648.328800 308.059500
33.775390 657.098400 284.749500
33.793980 657.703200 289.401000
33.810460 677.846400 328.996500
33.824980 695.352000 308.290500
33.843200 697.569600 326.319000
33.860170 704.020800 354.742500
33.873780 681.626400 370.681500
33.909000 663.465600 374.031000
33.923520 662.373600 349.503000
33.939910 661.080000 341.376000
33.956300 660.996000 349.503000
33.972600 674.184000 382.273500
33.989290 673.730400 377.811000
34.005430 582.859200 593.733000
34.021970 570.998400 646.978500
34.038330 567.571200 636.972000
34.054660 541.430400 643.146000
34.071380 549.561600 640.647000
34.087740 553.358400 650.832000
34.103760 594.888000 601.167000
34.120640 551.275200 618.933000
34.136870 551.191200 618.702000
34.153500 551.930400 624.928500
34.170010 493.466400 666.981000
34.186190 490.576800 660.555000
34.202360 534.004800 601.135500
34.219090 546.218400 593.302500
34.235630 547.394400 596.578500
34.251770 527.704800 627.826500
34.268220 541.312800 649.320000
34.284970 542.673600 652.911000
34.301240 530.661600 613.042500
34.318180 512.064000 606.879000
34.334010 503.445600 585.039000
34.350430 468.955200 805.213500
34.366730 497.750400 883.900500
34.383510 499.111200 886.053000
34.399600 478.682400 877.957500
34.416350 458.001600 896.133000
34.432770 466.485600 907.987500
34.449010 484.579200 908.701500
34.465610 506.368800 918.855000
34.482090 504.722400 916.419000
34.498410 507.830400 906.475500
34.514920 520.682400 904.302000
34.530880 520.783200 904.449000
34.547240 491.920800 936.526500
34.564180 509.241600 949.021500
34.580630 511.996800 953.074500
34.596770 486.780000 937.209000
34.613130 488.023200 1000.324500
34.629460 491.030400 1004.041500
34.646150 509.208000 972.499500
34.662540 520.430400 973.077000
34.679170 519.019200 971.092500
34.695070 501.362400 978.159000
34.712160 466.804800 1003.737000
34.728360 460.404000 996.345000
34.744960 510.787200 959.878500
34.761350 509.006400 948.286500
34.777560 506.318400 944.328000
34.794070 472.768800 928.672500
34.810610 459.144000 919.506000
34.843350 468.249600 949.147500
34.859530 479.052000 958.240500
34.876040 481.941600 962.073000
34.892580 470.719200 935.319000
34.909120 477.573600 974.988000
34.925600 483.168000 982.117500
34.942020 472.197600 982.495500
34.958280 464.066400 948.549000
34.975040 462.268800 946.186500
34.991180 467.930400 993.667500
35.007600 474.784800 925.680000
35.023770 477.943200 930.079500
35.040440 488.460000 967.050000
35.056820 510.652800 1001.731500
35.074550 512.114400 1003.873500
35.089780 484.377600 1049.370000
35.105960 459.194400 1000.954500
35.122860 451.348800 992.019000
35.138820 469.274400 1006.530000
35.155360 473.256000 998.319000
35.171810 474.969600 1000.366500
35.188050 472.600800 974.389500
35.204680 479.270400 961.044000
35.221280 477.640800 958.849500
35.237520 518.834400 942.018000
35.254270 501.547200 950.775000
35.270450 505.495200 956.497500
35.286650 478.464000 968.079000
35.303130 476.246400 986.821500
35.319610 476.145600 986.685000
35.336150 451.332000 998.959500
35.352450 479.337600 1019.098500
35.369260 473.676000 1012.567500
35.634830 697.317600 951.583500
35.649290 692.008800 971.701500
35.698330 579.213600 1035.058500
35.779880 561.019200 1046.346000
36.191890 691.387200 395.661000
36.210820 689.589600 382.095000
36.226070 706.708800 360.759000
36.241940 708.825600 346.972500
36.258880 708.187200 341.901000
36.275120 701.971200 348.316500
36.289120 690.127200 336.913500
36.305760 691.404000 346.584000
36.322020 681.004800 368.508000
36.338440 694.092000 342.426000
36.354950 694.780800 346.027500
36.371400 660.055200 302.610000
36.388150 690.396000 381.391500
36.404540 690.345600 381.087000
36.420440 700.324800 368.193000
36.437070 689.757600 344.431500
36.453740 688.682400 336.346500
36.469940 695.167200 336.357000
36.486390 717.242400 495.799500
36.519290 707.481600 448.297500
36.535550 703.936800 433.849500
36.552310 702.844800 425.418000
36.568210 709.245600 421.764000
36.585050 723.508800 451.783500
36.601140 723.861600 455.752500
36.617400 708.590400 440.842500
36.634190 741.787200 481.876500
36.650820 743.383200 498.414000
36.666840 738.292800 490.791000
36.683410 749.985600 490.392000
36.699650 749.011200 478.128000
36.717070 750.960000 479.776500
36.732390 740.594400 453.264000
36.748900 739.015200 436.663500
36.765380 743.836800 439.372500
36.782040 742.123200 450.618000
36.798710 743.030400 462.567000
36.814730 744.105600 452.602500
36.831240 748.120800 457.327500
36.847560 748.624800 461.716500
36.863890 733.874400 445.840500
36.880100 731.774400 458.755500
36.896420 731.186400 454.261500
36.913060 745.399200 461.737500
36.930080 745.600800 449.862000
36.946380 747.129600 466.956000
36.962800 742.240800 497.374500
36.979160 727.120800 518.626500
37.012020 693.168000 500.839500
37.028470 735.151200 495.820500
37.061100 730.934400 496.398000
37.078090 709.632000 465.801000
37.094270 708.086400 453.222000
37.110660 755.916000 446.040000
37.127290 713.025600 455.280000
37.143680 710.976000 438.721500
37.159760 755.966400 416.398500
37.176210 724.264800 408.817500
37.209260 709.682400 398.097000
37.225890 713.361600 428.904000
37.258640 728.750400 359.635500
37.275050 754.286400 372.981000
37.291500 755.143200 385.738500
37.307800 713.361600 393.267000
37.324400 717.998400 417.249000
37.340730 717.880800 416.199000
37.356930 762.636000 369.841500
37.375400 734.680800 393.844500
37.406250 727.557600 390.694500
37.422880 738.645600 413.889000
37.439330 738.360000 405.258000
37.455660 766.668000 386.116500
37.472200 730.480800 345.429000
37.488400 729.506400 334.750500
37.504910 719.409600 336.787500
37.521330 698.560800 349.471500
37.537750 703.516800 388.983000
37.554320 729.136800 443.572500
37.570650 728.364000 396.322500
37.603450 700.845600 420.136500
37.620150 716.570400 438.837000
37.636690 715.176000 426.111000
37.652650 733.588800 378.136500
37.669400 734.630400 361.200000
37.685760 733.941600 356.107500
37.702000 723.139200 383.806500
37.718630 745.012800 386.410500
37.734680 745.533600 391.576500
37.750850 724.029600 392.154000
37.767670 698.644800 372.960000
37.784090 697.855200 367.836000
37.800380 732.681600 374.808000
37.817080 736.999200 382.011000
37.833560 737.553600 387.051000
37.850040 699.904800 410.256000
37.866390 742.509600 405.268500
37.882780 741.720000 396.417000
38.162480 914.642400 590.089500
38.179230 914.625600 582.498000
38.195040 706.994400 504.462000
38.213810 686.700000 497.563500
38.229680 685.473600 489.877500
38.246280 711.043200 462.378000
38.260530 728.750400 459.637500
38.293210 719.577600 473.928000
38.309750 710.085600 454.387500
38.342560 746.978400 455.448000
38.358760 742.291200 422.404500
38.391820 642.482400 414.960000
38.410490 655.267200 469.518000
38.638180 726.062400 386.274000
38.654630 717.124800 365.158500
38.687130 715.478400 375.091500
38.704040 681.492000 464.257500
38.736720 667.749600 446.103000
38.753570 792.926400 444.895500
38.769410 793.212000 456.708000
38.785860 719.611200 510.499500
38.802640 755.092800 651.031500
38.819060 757.999200 665.521500
39.082860 737.116800 520.884000
39.101780 791.044800 506.247000
39.131990 779.436000 492.471000
39.148160 725.272800 389.413500
39.772090 756.201600 391.303500
39.788480 733.672800 655.714500
40.018460 838.891200 691.971000
40.034850 762.316800 610.260000
40.067470 786.088800 572.838000
40.084440 743.517600 574.948500
40.116880 847.946400 592.126500
40.133850 839.160000 669.154500
40.166320 658.778400 654.003000
40.182770 586.840800 668.923500
40.215300 478.363200 703.962000
40.232090 454.524000 642.768000
40.264770 524.412000 622.713000
40.281520 526.192800 662.056500
40.314060 456.808800 680.074500
40.330570 464.352000 740.838000
40.364810 479.589600 755.265000
40.380250 509.980800 763.759500
40.396640 505.814400 752.934000
40.660770 557.373600 343.045500
40.677250 528.477600 369.957000
40.707950 542.186400 322.024500
45.505710 1108.430400 731.913000
45.705510 331.732800 584.031000
48.560850 1013.006400 30.103500
48.744810 622.053600 46.483500
48.760470 677.577600 8.914500
48.793150 646.010400 82.729500
48.807190 631.260000 23.950500
48.840270 602.548800 20.674500
48.856960 623.616000 65.184000
48.873470 625.615200 86.929500
48.889650 736.360800 118.912500
48.906010 769.356000 135.975000
48.922670 768.969600 157.710000
48.938840 808.483200 151.347000
48.955200 771.892800 186.795000
48.988460 726.398400 162.078000
49.004640 801.780000 114.492000
49.037170 735.823200 91.759500
49.054050 743.769600 89.911500
49.086300 778.764000 114.744000
49.103090 771.573600 142.726500
49.135620 786.072000 156.019500
49.152130 790.557600 182.710500
49.168730 791.313600 161.406000
49.186920 783.552000 93.565500
49.201900 777.016800 140.679000
49.218170 777.537600 119.763000
49.251220 900.799200 183.634500
49.283810 850.903200 455.721000
49.300290 857.539200 545.727000
49.335540 878.808000 530.449500
49.352050 859.756800 495.778500
49.382350 808.080000 499.086000
49.398990 848.332800 559.849500
49.431730 846.619200 531.699000
49.448270 830.407200 555.334500
49.481050 836.119200 571.903500
49.497380 715.377600 589.197000
49.513640 715.747200 592.158000
49.530000 544.236000 701.053500
49.546880 491.064000 636.289500
49.563290 492.676800 639.744000
49.579380 492.996000 678.562500
49.596070 490.778400 630.840000
49.612490 487.821600 624.025500
49.628850 493.466400 649.645500
49.645420 514.785600 662.224500
49.661710 521.707200 679.171500
49.677700 544.941600 765.786000
49.694490 539.666400 789.001500
49.711030 546.235200 803.386500
49.727050 531.132000 790.177500
49.743710 533.534400 741.300000
49.760410 528.712800 730.380000
49.776730 465.880800 763.507500
49.793090 445.166400 742.087500
49.825990 498.405600 750.718500
49.842250 508.082400 778.690500
49.859010 503.764800 770.500500
49.875060 462.504000 705.474000
49.891910 451.684800 721.612500
49.908230 450.072000 718.273500
49.924620 489.703200 745.017000
49.941590 458.253600 747.169500
49.957610 464.856000 759.013500
49.974030 505.142400 788.550000
49.990420 499.111200 756.504000
50.022920 497.548800 798.525000
50.039730 528.192000 773.661000
50.072080 484.394400 711.616500
50.088710 494.608800 721.801500
50.105470 490.324800 712.771500
50.121490 479.018400 741.394500
50.138090 501.916800 758.499000
50.154720 500.287200 755.244000
50.170720 476.448000 723.796500
50.186800 528.309600 772.768500
50.203490 533.652000 784.182000
50.220030 506.100000 769.744500
50.236360 486.444000 723.135000
50.252870 490.476000 730.947000
50.269410 514.970400 758.761500
50.285800 496.423200 762.373500
50.302250 501.933600 773.199000
50.318300 535.096800 799.344000
50.334840 533.349600 805.770000
50.351100 525.638400 789.642000
50.367680 498.892800 743.956500
50.386570 495.852000 710.640000
50.400850 484.848000 687.393000
50.417020 461.445600 677.943000
50.433590 530.140800 678.415500
50.534030 1149.808800 647.157000
50.566930 1133.697600 667.516500
50.581330 1109.169600 614.208000
50.614010 1169.582400 557.403000
50.630890 1194.379200 597.198000
50.663210 1124.440800 627.616500
54.557530 861.991200 344.946000
54.573850 833.364000 347.655000
54.590270 836.287200 386.211000
54.606080 725.692800 403.357500
54.625090 706.305600 371.994000
54.657410 709.027200 363.657000
54.673920 717.477600 395.524500
54.707950 725.020800 422.373000
54.723750 711.177600 335.212500
