0.000000 139.188000 219.019500
0.017090 144.463200 230.653500
0.029790 163.464000 309.624000
0.046390 154.543200 289.915500
0.062010 166.185600 305.088000
0.078610 169.209600 312.952500
0.094730 191.906400 283.710000
0.111570 188.160000 275.940000
0.127690 169.243200 305.319000
0.143800 193.754400 297.916500
0.160890 189.268800 293.212500
0.177250 176.450400 272.380500
0.195800 176.467200 286.062000
0.216310 180.852000 294.283500
0.230710 163.279200 302.421000
0.242680 183.842400 296.593500
0.260010 190.713600 302.862000
0.276370 209.781600 315.105000
0.292970 203.716800 289.537500
0.309570 198.139200 283.069500
0.327390 187.034400 300.237000
0.342530 378.655200 315.672000
0.358400 375.580800 309.781500
0.374760 453.986400 275.068500
0.391850 423.376800 285.264000
0.407960 419.815200 277.641000
0.428220 422.570400 273.777000
0.440670 455.481600 268.831500
0.456050 454.087200 262.972500
0.472170 487.586400 242.665500
0.487790 479.136000 287.290500
0.504640 473.037600 277.935000
0.520750 700.291200 247.516500
0.538570 820.411200 210.598500
0.553470 817.639200 201.001500
0.570070 831.448800 169.554000
0.586430 776.311200 185.482500
0.603030 773.690400 177.324000
0.619380 766.365600 155.127000
0.636230 848.198400 211.732500
0.652340 850.651200 221.004000
0.668950 813.640800 223.881000
0.685060 781.267200 208.204500
0.701900 607.051200 190.564500
0.719970 475.540800 179.161500
0.737300 438.732000 201.610500
0.755370 446.947200 221.182500
0.769040 405.451200 217.959000
0.785400 414.909600 238.780500
0.801270 419.697600 249.280500
0.818120 446.863200 265.314000
0.833980 437.656800 238.644000
0.850340 429.189600 219.187500
0.866460 411.734400 221.235000
0.883540 430.953600 191.299500
0.899660 434.784000 200.403000
0.916260 390.146400 215.670000
0.932620 533.080800 270.060000
0.948970 536.793600 280.182000
0.965330 804.686400 254.551500
0.983150 774.950400 257.470500
0.998290 772.094400 238.759500
1.014890 828.492000 199.416000
1.031740 785.786400 207.490500
1.047610 785.551200 212.341500
1.063480 789.818400 226.884000
1.082760 797.428800 251.338500
1.097170 800.066400 265.681500
1.113530 788.205600 288.267000
1.129390 800.570400 281.001000
1.146730 799.377600 272.118000
1.162840 786.912000 264.663000
1.178960 766.332000 233.100000
1.212400 788.172000 226.380000
1.228270 793.077600 225.865500
1.261960 804.300000 241.269000
1.277830 819.403200 237.405000
1.294920 818.277600 227.335500
1.310550 794.438400 208.918500
1.327390 748.876800 182.710500
1.344240 747.180000 172.347000
1.360350 1137.780000 201.621000
1.376710 1259.596800 203.374500
1.392580 1255.010400 217.654500
1.410160 1249.180800 219.901500
1.425780 1263.326400 237.615000
1.442870 1255.480800 264.957000
1.458250 1247.400000 290.335500
1.475830 1259.008800 315.577500
1.491700 1256.472000 323.914500
1.507570 1221.679200 303.219000
1.524900 1212.304800 307.461000
1.557370 1244.863200 305.046000
1.574220 1247.349600 297.885000
1.590820 1256.925600 269.262000
1.606200 1240.898400 248.881500
1.622800 1273.389600 217.098000
1.638670 1274.851200 208.551000
1.654540 1277.589600 234.622500
1.672120 1233.086400 260.190000
1.688960 1227.290400 284.214000
1.704830 1274.901600 293.065500
1.721920 1290.609600 274.186500
1.739500 1299.144000 247.653000
1.754640 1231.759200 229.708500
1.770020 1254.422400 262.983000
1.786620 1255.329600 258.195000
1.803470 1257.799200 245.080500
1.819820 1236.261600 252.661500
1.836180 1233.976800 261.240000
1.852540 1238.496000 255.570000
1.869140 1269.458400 245.017500
1.885740 1266.115200 258.384000
1.901610 1264.855200 283.584000
1.918460 1255.296000 291.301500
1.934570 1255.984800 287.280000
1.951170 1236.513600 277.053000
1.967290 1240.596000 253.270500
1.984620 1243.099200 243.988500
2.000490 1249.214400 259.213500
2.018070 1266.720000 251.538000
2.033450 1265.762400 256.483500
2.049320 1276.850400 259.192500
2.067870 1255.212000 260.515500
2.082280 1252.591200 269.734500
2.098880 1245.115200 275.362500
2.115230 1240.444800 281.431500
2.132320 1238.563200 286.072500
2.148680 1268.013600 310.222500
2.164790 1271.071200 319.420500
2.182130 1273.910400 310.506000
2.197750 1269.307200 296.740500
2.214600 1280.848800 276.885000
2.230220 1287.266400 256.441500
2.247070 1301.949600 245.290500
2.263180 1297.228800 237.825000
2.280270 1296.372000 242.749500
2.297360 1319.942400 287.952000
2.312740 1295.565600 276.118500
2.329830 1291.718400 287.868000
2.345950 1298.455200 401.709000
2.362550 1292.877600 442.879500
2.396240 1309.089600 470.736000
2.411620 1318.884000 421.144500
2.427980 1316.750400 424.987500
2.444090 1251.213600 456.414000
2.461180 1269.727200 466.536000
2.476810 1266.518400 476.595000
2.493410 1286.913600 486.916500
2.510500 1287.736800 477.309000
2.526610 1290.609600 470.221500
2.542240 964.202400 458.461500
2.559330 837.177600 481.488000
2.575680 836.337600 474.694500
2.592040 854.061600 440.664000
2.608640 804.484800 480.196500
2.641360 824.661600 459.900000
2.658200 830.004000 472.615500
2.673580 828.979200 464.719500
2.689700 830.340000 469.644000
2.706300 829.684800 471.712500
2.739990 816.043200 439.477500
2.756840 829.365600 477.151500
2.772460 830.407200 484.911000
2.789790 1192.144800 488.806500
2.805660 1216.538400 496.912500
2.837890 1219.377600 466.105500
2.855470 1214.404800 470.715000
2.871090 1215.026400 466.861500
2.887940 1246.610400 463.417500
2.904050 1245.182400 466.662000
2.920410 1245.434400 465.937500
2.936770 821.788800 456.277500
2.955080 603.204000 518.353500
2.969970 605.606400 522.091500
2.987060 463.982400 552.741000
3.003170 453.364800 504.262500
3.019040 452.323200 500.304000
3.036130 502.874400 497.490000
3.053710 412.171200 499.222500
3.067870 408.878400 495.789000
3.084470 438.480000 524.149500
3.101810 413.498400 504.777000
3.118410 418.404000 512.778000
3.134280 442.579200 546.808500
3.150630 450.928800 531.793500
3.183590 456.943200 527.530500
3.199710 468.182400 533.725500
3.232420 799.965600 513.460500
3.249270 854.044800 520.537500
3.281740 856.699200 491.757000
3.298580 866.544000 510.604500
3.331050 854.683200 490.665000
3.347660 845.359200 500.199000
3.382320 875.548800 500.997000
3.396240 874.524000 496.671000
3.413570 873.885600 489.058500
3.429440 863.133600 506.646000
3.445800 861.873600 487.861500
3.462650 861.151200 480.364500
3.479000 884.234400 495.421500
3.496580 1064.884800 554.179500
3.528080 1283.940000 474.117000
3.545410 1252.776000 479.461500
3.577880 1265.896800 494.140500
3.593990 1267.912800 466.777500
3.626950 1286.913600 469.098000
3.644290 1281.957600 486.496500
3.675290 1253.952000 517.870500
3.692140 1267.795200 533.872500
3.710450 1265.006400 540.676500
3.724370 1277.791200 501.343500
3.740720 1254.069600 522.196500
3.759030 1251.331200 529.284000
3.775150 986.798400 468.709500
3.791260 861.470400 487.137000
3.824220 849.794400 508.231500
3.841060 851.995200 468.384000
3.874020 841.764000 471.828000
3.889890 854.666400 496.755000
3.923100 859.320000 487.294500
3.939450 853.070400 459.154500
3.972410 837.076800 477.949500
3.987790 816.328800 492.439500
4.020510 862.764000 465.759000
4.037110 883.730400 481.834500
4.054690 883.176000 474.075000
4.070560 854.666400 484.186500
4.086670 855.069600 494.781000
4.119380 866.107200 478.779000
4.136230 869.920800 468.594000
4.152100 870.609600 476.406000
4.168950 884.116800 498.823500
4.185550 841.058400 504.367500
4.218260 829.617600 516.526500
4.234620 1026.127200 443.740500
4.251220 1026.849600 435.718500
4.267580 1268.349600 463.596000
4.283690 1242.511200 476.553000
4.316160 1255.296000 496.251000
4.334230 1259.563200 493.563000
4.349610 1257.564000 497.238000
4.365970 1268.836800 487.998000
4.383060 1271.054400 514.521000
4.398440 1270.483200 517.534500
4.415530 1233.775200 512.610000
4.432130 1240.545600 497.784000
4.447750 1242.914400 491.085000
4.464600 1257.261600 496.860000
4.480710 1236.967200 510.804000
4.514160 1265.745600 496.534500
4.530760 1270.113600 492.828000
4.563480 1248.088800 477.813000
4.579830 1248.122400 487.242000
4.613040 1309.156800 467.575500
4.628910 1279.185600 517.996500
4.645020 1274.162400 528.538500
4.662350 1036.257600 559.167000
4.678710 919.648800 560.416500
4.693850 921.446400 566.317500
4.709470 905.352000 523.446000
4.725830 899.253600 528.055500
4.758300 913.970400 532.014000
4.775390 936.784800 521.104500
4.807860 954.492000 522.627000
4.824460 904.831200 508.525500
4.841060 961.228800 544.981500
4.859380 862.327200 493.017000
4.875730 869.131200 514.132500
4.892090 868.190400 511.192500
4.907960 1171.531200 489.888000
4.925540 1223.409600 546.829500
4.941650 1218.571200 560.311500
4.958010 1237.840800 506.037000
4.973880 1262.469600 516.505500
4.990480 1264.485600 512.830500
5.006100 1251.768000 541.632000
5.022950 1266.804000 502.299000
5.040530 1270.298400 491.673000
5.056400 1299.530400 497.973000
5.072270 1269.676800 530.113500
5.088870 1268.971200 533.148000
5.105710 1234.749600 506.898000
5.121830 1253.414400 484.785000
5.138430 1253.145600 485.499000
5.155030 1265.913600 510.289500
5.171390 1285.804800 527.173500
5.204100 863.620800 581.500500
5.220460 710.740800 612.706500
5.252200 651.537600 625.107000
5.268310 641.558400 650.464500
5.284910 637.056000 644.868000
5.301270 620.205600 696.685500
5.318120 591.040800 630.819000
5.334230 586.202400 625.191000
5.354000 581.935200 619.951500
5.367190 588.604800 690.837000
5.382810 706.591200 589.942500
5.402100 398.848800 717.213000
5.418950 411.919200 723.954000
5.434810 407.013600 718.221000
5.450930 366.760800 793.306500
5.467290 325.214400 736.239000
5.484380 327.180000 739.231500
5.500490 393.758400 800.257500
5.517090 363.552000 800.089500
5.533200 374.136000 809.970000
5.549560 387.626400 773.020500
5.566410 402.628800 734.433000
5.598630 415.228800 729.487500
5.615230 398.714400 746.487000
5.648680 403.569600 729.592500
5.664790 396.799200 721.350000
5.697020 405.619200 750.771000
5.713130 411.482400 753.837000
5.746830 373.884000 747.054000
5.762940 382.922400 783.888000
5.779050 384.468000 786.303000
5.795170 415.380000 738.969000
5.811280 420.285600 768.631500
5.828610 423.192000 770.742000
5.845460 400.848000 783.100500
5.861080 391.255200 773.073000
5.877690 388.180800 770.941500
5.894290 333.564000 749.122500
5.909910 398.143200 776.023500
5.927490 401.268000 778.207500
5.943600 710.102400 755.475000
5.959960 735.823200 702.544500
5.976560 734.076000 697.273500
5.992680 762.669600 758.625000
6.009770 742.896000 725.613000
6.026610 742.543200 722.400000
6.041990 769.843200 701.232000
6.058840 731.001600 750.886500
6.075680 725.188800 739.767000
6.091310 853.356000 725.728500
6.107670 854.616000 776.706000
6.123540 856.447200 783.646500
6.141110 845.745600 744.765000
6.156740 864.444000 799.449000
6.174070 865.368000 805.455000
6.190190 876.288000 744.597000
6.206300 877.766400 758.803500
6.222410 877.144800 753.648000
6.238770 890.349600 821.688000
6.255860 1054.687200 794.325000
6.269780 1057.341600 789.169500
6.434570 1311.172800 723.618000
6.453130 1298.169600 709.831500
6.468990 1295.078400 715.081500
6.485110 1284.981600 723.828000
6.501710 1294.272000 734.821500
6.518310 1291.113600 740.008500
6.535160 1280.328000 771.267000
6.552980 1269.744000 754.309500
6.567380 1272.700800 749.248500
6.583740 1274.565600 722.305500
6.600340 1292.256000 731.577000
6.616700 1295.330400 726.463500
6.633300 1274.044800 724.794000
6.649900 1302.756000 711.931500
6.683350 1276.581600 733.582500
6.699460 1289.719200 703.626000
6.732420 1282.612800 765.282000
6.748540 952.660800 687.424500
6.927730 822.326400 681.061500
6.946780 845.560800 664.356000
6.962160 846.434400 670.183500
6.978520 866.073600 690.270000
6.995360 829.617600 684.264000
7.011470 830.659200 690.081000
7.027830 811.507200 713.716500
7.044190 861.235200 672.073500
7.077390 844.116000 642.337500
7.093510 855.052800 634.242000
7.110110 854.784000 637.434000
7.126460 827.164800 665.679000
7.142580 817.286400 669.910500
7.159670 818.563200 668.850000
7.175290 833.364000 601.566000
7.192140 799.024800 609.063000
7.208980 796.454400 596.368500
7.224850 810.717600 602.637000
7.241700 820.713600 621.631500
7.258060 820.579200 625.275000
7.273930 816.597600 610.113000
7.291260 827.416800 618.219000
7.306640 828.508800 624.897000
7.322750 849.424800 644.479500
7.340330 842.973600 640.783500
7.372560 863.402400 660.639000
7.389400 841.058400 609.556500
7.421880 815.942400 639.901500
7.437740 806.181600 646.054500
7.470950 807.156000 611.856000
7.488280 869.500800 678.405000
7.503660 868.812000 672.483000
7.520020 845.745600 655.977000
7.536620 832.137600 625.663500
7.552980 831.868800 628.782000
7.569580 795.228000 653.079000
7.586180 819.940800 646.023000
7.602290 822.124800 658.056000
7.618900 805.375200 668.241000
7.635500 807.122400 665.721000
7.652830 804.367200 644.994000
7.668460 861.016800 616.413000
7.684810 771.170400 591.055500
7.701170 768.465600 585.490500
7.717530 827.164800 632.163000
7.733890 828.391200 602.910000
7.750730 832.708800 626.682000
7.767330 832.154400 649.383000
7.783450 817.420800 634.651500
7.799560 816.362400 628.834500
7.816410 841.360800 627.490500
7.832280 857.337600 644.647500
7.848390 857.220000 647.619000
7.866460 826.442400 685.198500
7.881350 841.276800 637.591500
7.899170 841.814400 629.958000
7.915040 835.749600 613.620000
7.931640 827.265600 638.095500
7.947750 823.956000 623.658000
7.964110 798.621600 516.484500
7.981200 825.720000 337.123500
7.997310 827.803200 354.910500
8.013670 843.141600 285.138000
8.030030 813.439200 297.864000
8.046390 814.615200 311.965500
8.062990 820.579200 325.867500
8.079350 812.296800 342.699000
8.095950 813.506400 346.626000
8.111570 839.176800 291.637500
8.128420 832.826400 306.558000
8.144780 831.902400 297.937500
8.160890 840.924000 293.632500
8.177730 826.610400 306.789000
8.193600 825.333600 301.990500
8.210690 815.724000 315.714000
8.227540 851.894400 301.119000
8.243650 853.557600 299.701500
8.259770 853.154400 269.346000
8.276120 854.246400 271.509000
8.292720 852.280800 258.436500
8.309810 819.117600 260.967000
8.325930 819.655200 260.242500
8.342040 820.596000 274.785000
8.358400 820.394400 304.657500
8.375000 823.149600 315.840000
8.392090 825.468000 329.280000
8.407230 861.100800 331.411500
8.424560 884.587200 301.140000
8.439940 883.646400 297.349500
8.456790 822.981600 317.037000
8.473880 813.086400 331.044000
8.489260 813.120000 325.584000
8.506350 818.899200 294.168000
8.522460 805.106400 247.369500
8.539060 803.997600 238.465500
8.555910 819.420000 258.436500
8.571780 831.986400 230.716500
8.605220 1070.008800 254.005500
8.621340 1198.243200 296.163000
8.652100 1271.978400 296.824500
8.668950 1271.508000 307.860000
8.685550 1269.223200 324.040500
8.701420 1274.397600 324.628500
8.718020 1260.856800 276.360000
8.734860 1262.032800 267.088500
8.751220 1215.984000 263.056500
8.767580 1282.596000 267.928500
8.783690 1168.087200 262.510500
8.801510 1261.848000 235.294500
8.817630 1261.562400 296.992500
8.834720 1256.858400 310.453500
8.852050 1264.771200 295.333500
8.867920 1233.120000 310.390500
8.884280 1232.632800 314.233500
8.899410 1036.896000 264.138000
8.916260 1000.372800 274.312500
8.933350 1000.792800 265.534500
8.949950 1044.640800 297.286500
8.966310 1037.080800 261.429000
8.999760 1039.264800 260.232000
9.015630 1032.763200 252.262500
9.048830 1017.693600 259.476000
9.064450 1010.452800 275.247000
9.081050 1011.007200 265.671000
9.097410 1227.508800 279.090000
9.113770 1265.056800 271.824000
9.131100 1265.980800 267.036000
9.146480 1253.616000 242.445000
9.164060 1259.899200 266.101500
9.179440 1254.708000 283.878000
9.196530 1297.027200 306.589500
9.213130 1241.503200 294.262500
9.229250 1238.832000 303.765000
9.245360 1254.355200 316.722000
9.262210 1257.496800 319.504500
9.293950 1273.826400 346.300500
9.311520 1104.600000 385.717500
9.327880 1107.405600 376.666500
9.343990 956.709600 301.728000
9.359860 955.735200 306.390000
9.376950 954.928800 293.622000
9.393070 943.790400 314.821500
9.410160 948.595200 333.501000
9.425540 948.578400 342.846000
9.442630 960.523200 332.965500
9.459720 950.846400 351.340500
9.475100 950.880000 342.415500
9.491940 972.098400 343.927500
9.509030 980.868000 332.976000
9.541500 996.542400 305.991000
9.557370 994.106400 325.048500
9.590330 1190.800800 247.411500
9.606930 1236.832800 292.099500
9.623050 1235.102400 296.383500
9.640140 1250.138400 306.411000
9.656250 1242.813600 308.017500
9.672360 1237.740000 325.626000
9.688960 1231.692000 343.791000
9.705570 1223.409600 343.045500
9.721680 1221.208800 350.952000
9.738040 1215.698400 358.995000
9.754880 1212.002400 360.433500
9.771240 1209.818400 368.424000
9.787110 857.976000 327.715500
9.803960 863.150400 323.473500
9.820560 862.764000 310.096500
9.836180 876.926400 316.018500
9.853760 880.168800 274.144500
9.869380 879.597600 265.209000
9.885740 872.776800 284.718000
9.902340 843.662400 284.602500
9.918460 844.485600 293.149500
9.934570 839.512800 280.728000
9.951660 850.298400 291.616500
9.967530 849.542400 283.048500
9.984620 881.916000 255.832500
10.001220 867.484800 266.343000
10.018310 866.174400 247.926000
10.033450 878.203200 252.409500
10.051270 863.503200 241.248000
10.082520 861.436800 264.684000
10.100100 862.545600 289.117500
10.115970 863.284800 298.609500
10.132570 858.429600 256.305000
10.149410 873.012000 301.066500
10.166020 872.356800 291.606000
10.182130 864.679200 267.477000
10.199950 877.800000 238.843500
10.216310 877.212000 229.068000
10.231930 857.589600 224.122500
10.248540 852.516000 217.665000
10.283450 836.152800 207.816000
10.297610 841.411200 218.662500
10.329830 852.230400 219.880500
10.346920 879.547200 229.236000
10.379390 866.292000 211.123500
10.395260 855.876000 233.751000
10.411620 856.648800 243.484500
10.428470 856.228800 232.911000
10.445310 1069.958400 234.118500
10.461180 1067.757600 248.766000
10.478030 1216.521600 262.983000
10.497310 1231.020000 299.061000
10.511230 1228.684800 307.576500
10.527830 1224.064800 302.148000
10.544680 1208.205600 305.476500
10.560790 1209.936000 300.867000
10.576420 1231.641600 293.727000
10.593510 1237.202400 300.909000
10.611570 1239.537600 292.488000
10.626220 1236.748800 280.024500
10.641850 1235.472000 275.709000
10.675050 1205.131200 255.832500
10.690670 1193.001600 245.059500
10.709470 1195.168800 235.326000
10.724850 1242.796800 257.187000
10.741700 1202.913600 242.896500
10.774900 1246.963200 245.196000
10.791260 1230.885600 259.077000
10.807620 1226.736000 273.063000
10.824710 1221.292800 280.854000
10.840580 1225.341600 315.178500
10.856930 1223.040000 323.589000
10.872310 1215.043200 343.234500
10.888920 1165.180800 278.502000
10.906010 1168.624800 263.938500
10.921880 813.775200 432.096000
10.939940 788.020800 420.808500
10.954100 785.349600 405.121500
10.969730 758.520000 388.857000
10.986330 748.910400 410.067000
11.003170 748.893600 414.130500
11.019040 784.862400 412.261500
11.036620 752.640000 449.715000
11.052730 755.731200 461.023500
11.068360 744.861600 403.525500
11.085940 757.596000 451.353000
11.104000 757.764000 452.130000
11.120610 854.448000 522.028500
11.137210 849.676800 516.274500
11.153560 849.273600 504.556500
11.173100 819.084000 505.333500
11.185300 811.288800 503.622000
11.201420 808.852800 493.027500
11.217290 819.672000 473.371500
11.234130 825.568800 494.109000
11.250240 827.652000 508.987500
11.268070 857.774400 499.233000
11.283450 836.253600 527.950500
11.315430 845.342400 496.293000
11.332520 843.712800 505.617000
11.348880 842.822400 498.256500
11.367680 826.123200 494.035500
11.381590 822.612000 493.941000
11.414790 829.147200 491.022000
11.431150 830.390400 495.663000
11.464110 840.806400 450.450000
11.481930 823.720800 478.002000
11.513430 854.481600 486.811500
11.529540 806.282400 460.236000
11.546140 807.492000 467.953500
11.562740 820.411200 474.159000
11.578860 792.338400 491.452500
11.611570 485.604000 482.370000
11.627440 378.571200 486.160500
11.660640 355.504800 508.945500
11.677250 336.772800 511.770000
11.694580 342.199200 519.466500
11.709960 343.509600 459.144000
11.726810 344.064000 492.324000
11.743650 338.671200 484.375500
11.759520 317.889600 469.434000
11.775630 313.588800 457.506000
11.808350 338.704800 508.084500
11.824710 351.036000 499.117500
11.841550 357.924000 510.793500
11.857910 542.774400 521.839500
11.874270 664.440000 444.685500
11.891110 666.103200 448.014000
11.907230 843.124800 509.565000
11.924800 860.899200 492.891000
11.940430 860.193600 485.877000
11.956540 848.114400 516.159000
11.972900 886.989600 490.171500
11.989750 887.560800 485.992500
12.005620 915.079200 478.863000
12.022950 915.129600 504.010500
12.038090 913.920000 493.059000
12.054690 884.133600 498.246000
12.070310 883.058400 482.842500
12.087890 883.075200 483.168000
12.104000 912.408000 487.945500
12.120850 904.243200 542.178000
12.136960 905.150400 545.265000
12.153320 885.830400 516.012000
12.170650 883.831200 519.088500
12.186770 883.360800 522.564000
12.202880 843.108000 503.989500
12.219970 854.162400 502.929000
12.235840 854.196000 503.254500
12.253170 835.413600 527.509500
12.268800 849.374400 506.247000
12.284910 848.534400 498.907500
12.301030 838.622400 478.338000
12.317870 824.191200 479.724000
12.351810 860.781600 508.578000
12.367430 853.910400 525.073500
12.383790 855.120000 528.307500
12.399410 876.640800 476.038500
12.416990 880.975200 513.345000
12.432620 880.521600 516.988500
12.449710 858.866400 531.562500
12.465580 837.782400 485.110500
12.482180 837.816000 485.446500
12.498050 843.242400 528.759000
12.514890 878.068800 524.853000
12.547120 866.208000 506.982000
12.567380 837.832800 524.380500
12.579590 839.092800 527.604000
12.597410 882.873600 491.442000
12.613280 884.570400 485.341500
12.629880 882.991200 474.358500
12.646240 844.989600 512.263500
12.663090 866.863200 464.730000
12.679200 866.628000 468.762000
12.695560 873.633600 457.611000
12.712400 868.257600 419.475000
12.729250 869.887200 431.025000
12.745360 990.091200 472.342500
12.761720 983.438400 529.158000
12.778320 983.404800 529.861500
12.797120 959.448000 527.163000
12.810550 961.245600 500.892000
12.844480 980.464800 555.229500
12.860350 983.539200 514.216500
12.876460 983.892000 506.814000
12.896000 1232.918400 529.767000
12.909420 1280.025600 477.340500
12.941890 1300.017600 495.526500
12.958500 1274.952000 502.246500
12.975340 1272.028800 509.523000
12.991210 1264.284000 502.855500
13.008540 1288.929600 515.623500
13.024410 1286.896800 519.109500
13.040770 1273.540800 518.889000
13.057860 1279.437600 533.001000
13.073000 1276.665600 539.532000
13.088620 1276.262400 537.705000
13.106200 1269.727200 575.221500
13.123540 1272.751200 568.302000
13.138920 1258.689600 544.866000
13.155520 1280.244000 510.825000
13.187740 1083.751200 536.991000
13.205080 966.957600 535.983000
13.223390 967.612800 539.763000
13.237550 935.844000 537.043500
13.254150 914.827200 509.586000
13.270020 914.272800 495.169500
13.286870 939.002400 497.511000
13.305420 930.518400 503.044500
13.340090 909.014400 518.133000
13.352540 915.667200 493.006500
13.369140 915.952800 500.556000
13.385990 915.532800 509.260500
13.402830 915.398400 508.147500
13.435550 925.898400 496.135500
13.451660 898.598400 480.973500
13.468020 898.161600 473.235000
13.484380 854.212800 535.846500
13.501220 856.464000 503.695500
13.533450 862.411200 507.727500
13.553710 869.013600 515.277000
13.566160 869.702400 522.648000
13.583740 838.084800 581.007000
13.599370 848.568000 539.952000
13.633540 802.082400 533.946000
13.651120 811.876800 531.426000
13.669190 810.684000 524.086500
13.681640 561.523200 621.789000
13.698490 366.357600 711.889500
13.730220 389.827200 688.705500
13.746830 400.831200 719.932500
13.763180 405.736800 725.592000
13.778810 372.439200 757.543500
13.796630 402.981600 761.449500
13.829100 385.694400 725.266500
13.845210 383.124000 686.458500
13.862300 381.124800 682.804500
13.879150 374.942400 722.379000
13.894530 374.841600 684.442500
13.911620 367.768800 678.804000
13.927250 350.179200 710.745000
13.944090 382.636800 731.860500
13.960690 389.205600 736.407000
13.976560 401.570400 749.049000
13.992430 400.780800 698.512500
14.010010 403.804800 704.277000
14.025880 336.537600 721.119000
14.042480 397.572000 751.096500
14.058840 400.915200 753.627000
14.075440 417.984000 766.993500
14.092040 375.144000 728.794500
14.107670 360.864000 713.286000
14.123540 381.393600 723.429000
14.142090 381.242400 726.075000
14.157470 379.495200 722.883000
14.173830 376.605600 747.190500
14.190430 348.700800 738.465000
14.208010 343.358400 733.005000
14.222900 354.177600 703.972500
14.239750 364.543200 683.266500
14.255370 366.307200 686.763000
14.272220 333.345600 705.085500
14.289310 395.589600 753.385500
14.304930 406.795200 766.374000
14.321290 409.080000 718.441500
14.338620 445.267200 759.675000
14.354740 452.608800 767.256000
14.371580 443.805600 759.475500
14.387940 455.548800 749.353500
14.404300 451.466400 744.387000
14.420650 739.989600 748.041000
14.437010 770.145600 777.073500
14.453610 768.549600 772.033500
14.470460 799.629600 722.400000
14.486330 794.488800 706.986000
14.518800 781.754400 735.189000
14.536620 794.875200 744.544500
14.552250 794.808000 747.096000
14.568600 811.776000 723.786000
14.583980 705.314400 754.404000
14.601320 706.927200 753.312000
14.617430 415.800000 730.873500
14.634030 383.443200 729.078000
14.650630 377.361600 724.164000
14.667480 388.634400 717.685500
14.683350 406.308000 738.181500
14.700200 410.844000 743.305500
14.716310 394.178400 745.836000
14.732910 403.368000 765.303000
14.748780 405.115200 765.093000
14.765380 368.827200 748.209000
14.781740 396.496800 746.833500
14.798580 391.860000 741.751500
14.813960 410.272800 734.538000
14.830320 345.492000 719.386500
14.864990 379.041600 733.950000
14.880860 360.864000 741.762000
14.896970 362.930400 744.817500
14.912840 408.139200 732.385500
14.929440 410.860800 725.518500
14.945560 414.120000 728.112000
14.962400 363.837600 734.842500
14.978760 405.552000 714.178500
14.995610 406.375200 716.415000
15.011470 399.252000 766.962000
15.028080 378.470400 784.287000
15.045170 383.913600 789.652500
15.061280 431.894400 766.195500
15.077640 415.548000 761.974500
15.094240 409.516800 754.299000
15.109860 394.464000 729.613500
15.127200 404.107200 709.894500
15.142090 399.100800 703.972500
15.158200 388.903200 745.216500
15.175050 395.404800 730.401000
15.192870 397.320000 733.509000
15.208980 408.676800 748.261500
15.225340 442.461600 761.271000
15.241460 447.165600 766.720500
15.258300 428.114400 768.673500
15.275150 419.311200 741.762000
15.291020 417.412800 738.643500
15.307860 486.696000 699.457500
15.323970 645.472800 598.867500
15.340090 643.608000 595.875000
15.356690 850.416000 729.340500
15.372800 839.361600 699.814500
15.389400 841.159200 710.577000
15.405760 877.346400 733.404000
15.421880 869.584800 706.030500
15.438480 870.189600 711.060000
15.456050 884.268000 732.837000
15.471190 825.736800 725.203500
15.488280 824.628000 723.103500
15.504390 896.229600 791.626500
15.520260 860.193600 771.319500
15.537840 859.488000 763.602000
15.553710 865.065600 748.765500
15.570070 867.720000 682.048500
15.586430 866.376000 671.023500
15.603270 842.352000 716.625000
15.619870 851.256000 774.123000
15.652830 868.442400 729.204000
15.669190 851.508000 737.184000
15.686040 852.230400 744.723000
15.701900 888.451200 726.022500
15.718020 872.726400 782.323500
15.734860 874.003200 791.836500
15.750980 862.982400 758.845500
15.767820 864.981600 754.278000
15.800290 884.973600 773.304000
15.817140 873.348000 749.836500
15.833740 874.188000 744.397500
15.850830 867.367200 711.270000
15.866460 871.483200 710.745000
15.883060 870.172800 699.940500
15.898440 869.349600 675.234000
15.915530 856.178400 742.896000
15.948490 847.123200 687.361500
15.964840 860.647200 673.512000
15.997070 829.802400 782.376000
16.014400 862.058400 725.329500
16.030520 861.621600 728.185500
16.046140 913.382400 715.732500
16.063230 885.628800 745.699500
16.080080 885.763200 753.795000
16.095950 867.468000 735.094500
16.113040 867.518400 705.673500
16.128420 868.156800 710.913000
16.144780 866.174400 756.189000
16.161130 846.837600 755.842500
16.178710 847.358400 749.847000
16.193600 849.760800 762.478500
16.211430 842.839200 737.866500
16.227290 840.638400 733.414500
16.243650 868.005600 733.267500
16.260250 871.248000 767.613000
16.276120 872.155200 769.975500
16.292480 855.573600 739.200000
16.309810 897.372000 745.122000
16.325930 896.498400 735.294000
16.342290 1258.924800 742.402500
16.358640 1226.668800 750.414000
16.391600 1228.617600 737.121000
16.408200 1255.077600 739.294500
16.424320 1253.179200 741.898500
16.441160 1271.625600 705.768000
16.457030 1246.274400 716.215500
16.474120 1245.636000 718.609500
16.490480 1247.920800 713.716500
16.507320 1224.720000 684.768000
16.523680 1222.351200 690.112500
16.540280 1209.667200 726.180000
16.556150 1107.237600 755.895000
16.570560 1104.583200 760.599000
16.735110 920.774400 698.082000
16.753420 1162.912800 791.238000
16.767580 1159.065600 796.698000
16.932860 1249.819200 765.901500
16.950440 1269.912000 748.944000
16.966800 1272.566400 744.366000
16.983150 926.284800 721.297500
17.000000 946.713600 763.612500
17.016110 947.469600 751.012500
17.032710 909.081600 675.412500
17.049320 922.857600 659.946000
17.065190 922.084800 657.153000
17.081790 885.091200 618.744000
17.098630 892.113600 654.990000
17.114010 893.222400 657.856500
17.130860 885.763200 623.143500
17.147710 878.169600 639.597000
17.163090 877.044000 636.856500
17.180910 880.840800 670.383000
17.195800 877.228800 686.721000
17.212160 878.455200 698.355000
17.229980 840.655200 713.643000
17.246090 917.632800 687.267000
17.263180 917.196000 695.226000
17.278560 909.669600 740.575500
17.296140 880.353600 752.535000
17.311520 881.294400 754.876500
17.328860 834.842400 706.408500
17.344730 826.526400 749.626500
17.360600 824.577600 740.103000
17.376950 826.593600 803.785500
17.393550 837.076800 731.713500
17.426270 864.578400 707.091000
17.442380 875.716800 740.166000
17.475830 752.556000 498.739500
17.491940 696.124800 371.248500
17.525390 571.872000 274.155000
17.541500 549.578400 235.326000
17.558350 550.401600 240.418500
17.574460 550.872000 282.082500
17.591060 571.149600 292.078500
17.607180 574.207200 301.077000
17.624510 571.300800 266.301000
17.640630 572.728800 279.499500
17.656740 570.914400 268.569000
17.672610 386.400000 258.436500
17.689450 367.987200 246.246000
17.705810 362.510400 235.210500
17.722170 384.652800 218.505000
17.739010 382.804800 246.844500
17.755860 388.886400 261.429000
17.771000 371.666400 235.347000
17.788820 388.113600 240.964500
17.804690 390.432000 248.157000
17.820310 393.523200 268.075500
17.837890 393.472800 271.551000
17.853760 396.597600 275.782500
17.869870 391.860000 268.726500
17.886470 384.820800 284.319000
17.904050 380.133600 274.974000
17.919430 356.613600 245.584500
17.936520 363.484800 248.608500
17.952880 358.982400 239.610000
17.968510 389.793600 265.545000
17.986080 382.939200 246.792000
18.001710 381.309600 240.912000
18.017330 374.572800 252.745500
18.034670 341.544000 230.716500
18.050780 337.915200 225.876000
18.067140 342.333600 211.858500
18.083740 389.793600 228.679500
18.099610 394.850400 239.463000
18.116460 386.164800 239.368500
18.133300 374.740800 230.485500
18.166260 406.946400 254.257500
18.183110 396.748800 259.108500
18.215820 394.464000 264.579000
18.231690 378.772800 271.561500
18.266850 395.707200 265.786500
18.281250 403.351200 270.921000
18.313960 394.564800 270.889500
18.331540 391.641600 269.556000
18.362300 353.740800 278.827500
18.379390 384.199200 260.200500
18.412110 377.580000 262.710000
18.428220 392.128800 256.494000
18.461910 389.054400 256.525500
18.478760 425.913600 288.844500
18.494870 421.310400 278.964000
18.510990 781.636800 250.992000
18.527340 788.558400 232.732500
18.543950 788.642400 227.272500
18.560060 734.798400 209.202000
18.576660 740.056800 203.290500
18.592770 740.140800 213.580500
18.609620 752.740800 240.597000
18.625980 764.064000 281.095500
18.641850 765.710400 285.516000
18.659420 769.154400 265.786500
18.675290 779.133600 202.272000
18.693120 776.344800 182.679000
18.707520 770.599200 193.053000
18.725340 779.620800 168.955500
18.757570 740.964000 238.381500
18.772950 619.516800 203.238000
18.789550 622.305600 213.402000
18.807370 429.391200 183.592500
18.823730 409.718400 214.074000
18.839600 414.422400 224.595000
18.855710 440.210400 216.583500
18.872800 424.687200 217.350000
18.905270 451.668000 221.455500
18.921390 446.880000 216.531000
18.954350 428.534400 232.207500
18.971440 446.275200 232.921500
19.003170 438.967200 230.454000
19.020510 420.436800 262.815000
19.036130 424.468800 271.624500
19.053220 450.072000 215.617500
19.068600 456.204000 265.923000
19.102780 456.708000 257.901000
19.119140 695.553600 226.296000
19.135010 693.604800 217.329000
19.152590 772.346400 204.655500
19.168460 793.279200 234.853500
19.184810 793.178400 239.977500
19.200680 790.238400 258.321000
19.217770 809.239200 253.554000
19.233640 809.121600 247.506000
19.250240 792.556800 223.650000
19.267330 809.877600 192.916500
19.282470 809.827200 192.528000
19.298340 857.186400 256.767000
19.315430 839.445600 263.025000
19.348630 850.516800 246.592500
19.364500 870.508800 245.679000
19.381100 869.937600 237.205500
19.396970 896.565600 234.307500
19.413820 885.847200 223.996500
19.430420 886.368000 234.087000
19.447750 827.097600 270.805500
19.463380 817.756800 266.721000
19.480710 816.614400 256.914000
19.496580 830.978400 234.097500
19.513180 819.134400 227.167500
19.545650 817.723200 256.158000
19.562260 848.433600 267.844500
19.579100 849.307200 277.546500
19.595210 850.516800 266.448000
19.612300 824.140800 251.086500
19.644040 838.975200 271.540500
19.661130 853.608000 270.564000
19.677730 852.768000 260.809500
19.693360 855.220800 240.460500
19.709960 836.186400 220.500000
19.727050 835.228800 210.556500
19.743160 830.877600 231.745500
19.759770 825.770400 252.241500
19.776370 826.795200 261.817500
19.792970 825.199200 259.413000
19.809570 824.812800 272.170500
19.825440 825.888000 281.830500
19.841550 842.570400 267.519000
19.859130 831.532800 258.247500
19.874270 830.508000 248.356500
19.890380 836.858400 239.830500
19.908200 843.259200 239.547000
19.923580 842.368800 229.782000
19.940430 854.028000 201.253500
19.957030 887.006400 224.500500
19.973140 887.510400 234.286500
19.989010 827.416800 271.372500
20.006100 843.511200 286.167000
20.022220 844.418400 295.690500
20.038820 868.072800 266.784000
20.054930 883.360800 290.073000
20.071530 882.806400 280.528500
20.088380 894.448800 267.970500
20.104490 886.149600 243.589500
20.121340 885.628800 233.898000
20.137940 893.071200 233.730000
20.154050 858.480000 200.193000
20.170410 859.236000 210.241500
20.186770 889.644000 250.288500
20.203860 880.118400 260.830500
20.219480 880.689600 270.585000
20.236330 875.632800 245.112000
20.252930 892.953600 238.350000
20.268310 893.474400 232.837500
20.285400 860.983200 254.131500
20.301030 851.121600 251.349000
20.317140 849.088800 236.995500
20.335450 832.809600 261.250500
20.350100 843.242400 243.663000
20.367190 843.276000 244.083000
20.383540 845.779200 234.990000
20.400150 838.504800 213.685500
20.433590 849.038400 197.221500
20.448970 884.805600 249.816000
20.466060 885.343200 259.371000
20.482180 1214.808000 237.037500
20.498540 1226.181600 275.593500
20.515140 1223.745600 284.949000
20.532470 1270.752000 280.423500
20.548100 1254.573600 275.814000
20.564450 1254.422400 278.859000
20.581540 1248.492000 290.818500
20.596920 1232.179200 267.424500
20.613530 1230.768000 267.235500
20.629150 1261.108800 271.708500
20.646240 1259.176800 302.683500
20.663330 1258.135200 308.427000
20.679440 1269.055200 318.486000
20.695310 1281.924000 282.250500
20.712160 1280.109600 286.408500
20.729000 1307.124000 314.013000
20.745120 1285.788000 317.289000
20.761720 1286.090400 316.386000
20.778080 1312.987200 320.502000
20.794680 1275.355200 306.558000
20.811280 1277.354400 302.043000
20.827390 1266.350400 299.775000
20.843990 1270.718400 305.602500
20.861080 1267.879200 314.653500
20.875980 1245.804000 313.645500
20.894040 1279.420800 316.270500
20.909180 1279.941600 312.585000
20.926030 1324.024800 295.785000
20.943120 1306.821600 300.132000
20.958250 1303.848000 308.647500
20.975590 1280.529600 332.556000
20.991700 1284.175200 342.258000
21.008540 1286.325600 337.806000
21.024410 1284.326400 325.416000
21.041260 1271.138400 313.908000
21.057370 1271.692800 309.939000
21.073970 1293.264000 318.297000
21.090090 1283.133600 331.233000
21.106690 1282.495200 335.244000
21.123050 1306.872000 321.951000
21.140140 1306.670400 310.747500
21.156250 1309.610400 302.389500
21.172610 1257.362400 297.906000
21.189210 1063.977600 335.265000
21.205080 1066.279200 315.273000
21.221920 874.944000 341.554500
21.237790 909.636000 331.149000
21.254150 909.350400 323.641500
21.271240 914.104800 341.176500
21.286870 908.880000 350.952000
21.303220 909.266400 361.189500
21.319340 860.025600 347.214000
21.336910 887.628000 346.668000
21.368410 884.251200 343.602000
21.385250 892.651200 343.150500
21.402340 892.668000 356.517000
21.418950 880.891200 397.110000
21.435550 894.012000 391.408500
21.452390 894.801600 395.010000
21.467770 829.096800 498.456000
21.484130 835.968000 490.234500
21.500980 835.077600 483.168000
21.517330 841.730400 499.264500
21.533200 815.253600 468.142500
21.565920 831.952800 489.846000
21.582030 844.452000 495.831000
21.615480 863.520000 480.196500
21.632320 851.188800 484.302000
21.664550 847.526400 465.580500
21.681880 847.996800 488.785500
21.698490 847.828800 492.723000
21.714110 831.129600 477.162000
21.730960 834.993600 491.589000
21.747310 835.077600 486.969000
21.762940 885.847200 478.065000
21.780030 862.024800 489.573000
21.797120 861.352800 482.716500
21.812500 871.836000 519.834000
21.829590 858.933600 488.964000
21.845460 859.706400 496.597500
21.863770 869.030400 491.221500
21.878660 876.708000 483.882000
21.911130 622.524000 469.098000
21.928470 437.707200 473.581500
21.960940 418.000800 446.880000
21.978030 403.032000 457.621500
22.010250 407.685600 440.233500
22.026370 404.040000 457.306500
22.043210 405.451200 461.485500
22.059570 424.149600 493.447500
22.076170 425.191200 494.854500
22.091800 429.492000 502.141500
22.109130 421.999200 499.894500
22.125490 414.775200 475.345500
22.141600 417.580800 478.254000
22.158450 427.980000 507.171000
22.174320 388.869600 542.734500
22.191160 384.148800 535.741500
22.207760 361.788000 538.965000
22.223630 405.501600 507.454500
22.239990 402.914400 504.672000
22.257080 399.436800 526.564500
22.272460 429.844800 503.517000
22.289550 436.884000 513.744000
22.305660 387.878400 545.790000
22.322750 405.904800 562.821000
22.339110 401.335200 556.027500
22.354980 425.510400 546.409500
22.371580 386.080800 517.482000
22.387210 376.605600 503.034000
22.403320 337.965600 497.143500
22.420650 378.117600 472.426500
22.437260 379.612800 476.343000
22.453860 392.448000 527.992500
22.469730 373.094400 565.614000
22.487060 381.376800 575.883000
22.502440 405.115200 523.026000
22.518800 447.753600 544.792500
22.536620 448.795200 548.226000
22.552000 729.909600 513.880500
22.569090 748.221600 525.451500
22.585210 748.003200 520.842000
22.601560 743.517600 520.264500
22.617430 723.055200 494.728500
22.634030 719.527200 481.162500
22.650390 674.083200 473.959500
22.667240 707.481600 467.166000
22.683590 709.598400 475.072500
22.699950 731.085600 488.512500
22.716550 736.360800 475.345500
22.748540 733.152000 485.730000
22.765870 729.708000 458.031000
22.781980 727.776000 449.988000
22.798580 725.356800 460.687500
22.815190 723.945600 454.083000
22.848390 614.577600 518.227500
22.864500 473.071200 480.952500
22.880860 475.860000 484.386000
22.897220 461.899200 484.176000
22.930180 408.374400 480.364500
22.946780 383.913600 481.792500
22.962400 405.400800 484.585500
22.979000 414.523200 499.621500
22.996090 398.176800 496.975500
23.011960 449.097600 508.588500
23.044920 428.786400 527.110500
23.061280 463.377600 492.996000
23.077390 459.597600 486.118500
23.094970 441.554400 492.838500
23.111570 418.437600 468.531000
23.144040 438.866400 511.014000
23.159910 433.776000 478.537500
23.177490 435.288000 482.569500
23.193600 411.700800 486.339000
23.209470 422.251200 530.050500
23.225590 423.696000 528.570000
23.242680 413.380800 500.251500
23.258300 435.237600 517.324500
23.274900 427.980000 506.803500
23.290770 452.424000 533.967000
23.308350 434.834400 470.599500
23.324710 439.538400 478.947000
23.340820 447.115200 511.444500
23.357180 434.582400 476.563500
23.389890 430.113600 532.035000
23.406490 401.620800 521.220000
23.422360 403.132800 524.853000
23.438480 414.321600 540.183000
23.455080 409.130400 534.009000
23.473140 413.582400 540.949500
23.488040 414.153600 538.870500
23.505620 418.420800 559.765500
23.521970 416.976000 556.195500
23.537600 429.592800 499.663500
23.554440 413.095200 510.300000
23.570560 408.710400 503.191500
23.586910 386.450400 489.132000
23.604250 407.232000 497.374500
23.636720 501.748800 491.284500
23.653320 724.516800 455.448000
23.686040 843.645600 492.471000
23.701900 847.207200 489.825000
23.734620 819.571200 462.546000
23.751460 812.162400 504.451500
23.783940 854.296800 563.367000
23.800050 865.737600 519.172500
23.834720 796.941600 480.511500
23.849610 867.064800 500.031000
23.883300 854.448000 459.385500
23.899410 862.075200 470.389500
23.932130 852.196800 481.026000
23.948490 832.238400 493.405500
23.981690 838.790400 476.101500
23.998050 802.687200 478.180500
24.030760 832.036800 496.125000
24.047120 853.927200 480.228000
24.080320 867.720000 503.527500
24.096190 850.180800 498.550500
24.129640 845.594400 530.701500
24.145260 861.940800 482.653500
24.163090 861.184800 474.904500
24.178710 849.240000 521.125500
24.195070 836.455200 525.987000
24.211670 835.497600 518.815500
24.228030 879.513600 483.556500
24.244380 871.735200 469.129500
24.260990 870.996000 460.278000
24.277590 849.206400 446.470500
24.293700 801.712800 424.651500
24.310300 802.922400 432.421500
24.326420 821.167200 486.045000
24.343020 819.084000 489.447000
24.359130 821.520000 505.816500
24.376220 827.265600 545.202000
24.391600 825.602400 521.598000
24.424800 849.038400 549.685500
24.441160 850.348800 534.387000
24.473630 826.442400 517.209000
24.490230 825.115200 527.173500
24.523440 976.466400 516.022500
24.539550 1195.454400 507.454500
24.556400 1191.808800 517.293000
24.572750 1242.712800 520.957500
24.589360 1220.116800 514.479000
24.605470 1220.368800 513.754500
24.622070 1254.960000 484.701000
24.638670 1258.404000 483.882000
24.655030 1265.611200 465.958500
24.671140 1254.876000 460.288500
24.687990 1282.629600 428.337000
24.704100 1279.824000 435.844500
24.720700 1295.347200 490.108500
24.737790 1261.192800 508.798500
24.753170 1259.311200 512.526000
24.769780 1265.056800 511.066500
24.787110 1252.944000 491.242500
24.802490 1255.598400 484.071000
24.826660 1287.568800 469.402500
24.840090 1268.820000 497.910000
24.852780 1270.752000 494.476500
24.869630 1260.571200 501.553500
24.885990 1276.262400 496.902000
24.902100 1277.018400 493.846500
24.918700 1284.091200 508.588500
24.935060 1293.516000 513.009000
24.951660 1289.618400 523.183500
24.968510 1259.109600 505.344000
24.984130 1290.290400 482.800500
25.000730 1293.079200 476.007000
25.017580 1279.353600 469.917000
25.037110 1272.852000 483.861000
25.066410 1306.670400 465.066000
25.083010 1286.023200 505.743000
25.099850 1280.916000 516.400500
25.115720 1274.061600 456.340500
25.132320 1276.447200 481.267500
25.148930 1275.859200 484.596000
25.164550 1265.628000 503.569500
25.181640 1252.591200 489.720000
25.197750 1255.094400 482.895000
25.214840 1278.110400 496.083000
25.230710 1257.832800 503.181000
25.247070 1258.790400 499.411500
25.264650 1272.784800 494.707500
25.280030 1284.208800 499.002000
25.296630 1284.494400 498.298500
25.312260 1283.133600 498.099000
25.328610 1244.611200 487.767000
25.345700 1243.905600 491.683500
25.363770 1263.192000 490.329000
25.377690 1297.245600 468.888000
25.394290 1296.943200 469.612500
25.410640 1276.749600 522.616500
25.427490 1260.604800 525.945000
25.459960 1286.443200 503.265000
25.476320 1261.780800 509.701500
25.492680 1264.603200 502.425000
25.508790 1274.632800 492.492000
25.525390 1278.631200 479.041500
25.543210 1281.537600 471.691500
25.558840 1277.572800 516.495000
25.575200 1287.316800 494.098500
25.608150 1293.331200 484.816500
25.625240 1283.503200 488.638500
25.657230 1285.132800 463.176000
25.674320 1291.449600 485.887500
25.692630 1288.476000 493.101000
25.706300 1299.194400 493.227000
25.723390 1300.236000 505.617000
25.739010 1292.272800 522.532500
25.756350 1272.667200 550.935000
25.772220 1262.872800 555.355500
25.788570 1265.157600 551.166000
25.805660 1246.140000 536.697000
25.822270 1251.818400 513.649500
25.838130 1259.328000 493.752000
25.854000 1268.316000 479.167500
25.871340 1273.557600 502.666500
25.904300 1095.763200 515.119500
25.919920 797.731200 475.366500
25.936770 797.916000 470.904000
25.953370 601.776000 557.707500
25.969970 553.291200 543.648000
25.986080 557.692800 556.741500
26.002690 565.000800 566.023500
26.021240 601.927200 601.534500
26.035160 611.251200 621.894000
26.051270 582.472800 653.436000
26.067870 582.019200 642.096000
26.083740 578.239200 633.024000
26.101560 575.971200 646.506000
26.116940 577.063200 592.179000
26.134770 574.005600 585.889500
26.150390 570.931200 655.231500
26.167240 566.109600 590.089500
26.183350 565.336800 586.152000
26.199220 572.728800 565.330500
26.215820 562.800000 558.820500
26.232670 560.095200 555.597000
26.248540 610.999200 581.689500
26.265380 629.076000 602.910000
26.281980 629.748000 606.354000
26.298580 572.997600 630.126000
26.314450 557.340000 608.916000
26.331540 556.096800 604.800000
26.349370 606.328800 593.817000
26.363530 611.234400 574.245000
26.380130 608.580000 568.060500
26.396240 491.920800 571.095000
26.414060 428.752800 620.035500
26.429690 434.616000 629.769000
26.445800 464.772000 641.770500
26.462160 487.956000 636.520500
26.479000 495.936000 649.026000
26.495360 469.156800 659.274000
26.512210 451.180800 634.651500
26.528560 449.803200 631.228500
26.543700 441.369600 649.530000
26.560300 450.374400 643.492500
26.576900 448.711200 639.303000
26.593990 455.078400 621.421500
26.610840 442.999200 591.024000
26.626950 439.807200 587.863500
26.643070 467.124000 657.940500
26.659180 392.935200 717.832500
26.677980 393.808800 718.851000
26.692870 424.368000 761.964000
26.708740 421.108800 769.755000
26.725100 419.260800 766.615500
26.741460 374.404800 774.606000
26.758300 371.935200 782.638500
26.774900 366.609600 777.420000
26.790280 353.942400 767.749500
26.808110 352.161600 754.540500
26.823970 355.840800 760.168500
26.840090 434.565600 789.988500
26.857180 430.920000 747.663000
26.873050 438.530400 755.674500
26.889890 401.251200 772.558500
26.905520 390.717600 724.930500
26.922610 384.132000 716.320500
26.938480 384.770400 736.060500
26.955080 326.407200 726.768000
26.971680 320.678400 720.982500
26.988530 346.248000 712.498500
27.006100 361.989600 747.652500
27.021480 363.938400 750.487500
27.037840 377.479200 718.641000
27.053220 385.459200 734.307000
27.070070 390.700800 740.050500
27.086430 403.216800 740.155500
27.102780 378.403200 757.722000
27.135990 365.433600 729.004500
27.151860 381.410400 773.472000
27.185300 381.528000 754.488000
27.202150 399.201600 787.048500
27.234380 399.588000 760.735500
27.250980 388.298400 794.818500
27.267090 386.467200 791.878500
27.283450 348.146400 752.041500
27.300050 434.599200 773.608500
27.316650 427.929600 768.778500
27.334720 421.041600 734.107500
27.349610 394.077600 724.090500
27.365720 402.108000 731.976000
27.381840 392.733600 746.844000
27.398190 383.863200 744.849000
27.415530 384.350400 745.384500
27.431640 737.268000 746.256000
27.449220 810.717600 724.216500
27.465090 810.684000 727.345500
27.481200 842.620800 760.924500
27.497560 864.343200 755.884500
27.513920 864.729600 752.871000
27.530270 835.161600 786.628500
27.546390 839.311200 773.850000
27.563960 838.454400 769.366500
27.579100 800.637600 695.814000
27.595210 797.311200 741.678000
27.611820 797.445600 738.843000
27.628660 807.391200 780.822000
27.645510 820.125600 750.214500
27.663090 818.445600 747.642000
27.678710 852.381600 718.546500
27.694580 811.423200 735.073500
27.710690 812.666400 740.554500
27.727540 791.935200 722.893500
27.743410 849.391200 749.920500
27.760250 849.105600 752.304000
27.776370 816.799200 744.397500
27.792970 788.944800 739.189500
27.809570 790.255200 741.583500
27.826170 788.793600 723.807000
27.842530 777.369600 747.568500
27.858400 776.042400 740.124000
27.874510 842.940000 703.615500
27.891110 860.260800 729.466500
27.908450 859.790400 732.301500
27.925050 783.148800 722.064000
27.940670 773.757600 740.806500
27.957520 773.824800 741.037500
27.974120 842.570400 745.426500
27.992680 836.119200 741.478500
28.022950 844.250400 710.209500
28.039550 845.241600 749.563500
28.056640 846.148800 754.761000
28.072510 839.092800 714.598500
28.088620 816.362400 741.058500
28.122070 877.060800 725.476500
28.138430 874.960800 773.503500
28.170650 824.510400 744.817500
28.187260 830.071200 813.267000
28.219970 865.720800 714.987000
28.236080 875.380800 719.796000
28.253170 873.549600 710.619000
28.269290 1162.812000 712.141500
28.432370 1229.877600 716.016000
28.451170 1228.399200 721.749000
28.466550 1242.007200 759.759000
28.483400 1256.472000 738.643500
28.499270 1253.716800 742.665000
28.515870 1273.356000 738.906000
28.532710 1269.912000 751.537500
28.550290 1262.385600 763.602000
28.565190 1252.960800 756.966000
28.581790 1220.856000 762.037500
28.597660 1224.652800 755.884500
28.614260 1230.432000 732.700500
28.630370 1255.077600 731.104500
28.647710 1263.292800 714.714000
28.663090 1256.774400 716.415000
28.680420 1264.872000 670.099500
28.696780 1261.982400 675.885000
28.713130 1299.648000 617.368500
28.729490 1188.532800 641.455500
28.746340 1186.785600 644.395500
28.763180 1217.328000 669.910500
28.779540 1233.590400 630.567000
28.794920 1232.313600 635.775000
28.812010 1199.200800 641.193000
28.827880 1189.624800 657.804000
28.843990 1189.759200 655.525500
28.860350 1221.729600 660.198000
28.878170 1318.816800 716.761500
28.893800 1315.305600 722.295000
28.910890 1271.088000 723.733500
28.926030 1326.511200 669.774000
28.959470 1322.916000 710.934000
28.978270 1313.138400 681.334500
29.009280 1311.357600 702.408000
29.025390 1343.395200 725.697000
29.058110 1338.472800 736.417500
29.074710 1363.269600 713.317500
29.092290 1367.083200 707.899500
29.107420 1284.511200 663.726000
29.123780 1141.862400 562.779000
29.156740 940.212000 496.104000
29.173580 920.287200 475.639500
29.189210 921.211200 479.020500
29.205810 898.917600 469.444500
29.222660 899.791200 457.653000
29.238770 899.371200 449.547000
29.254640 894.667200 451.878000
29.271480 887.695200 467.922000
29.287600 887.157600 472.080000
29.305910 846.451200 500.524500
29.321040 871.735200 508.168500
29.337400 872.205600 504.535500
29.353520 751.077600 315.966000
29.370610 614.611200 137.613000
29.386720 612.192000 132.373500
