0.165220 135.482354 11.268739
0.183870 59.467507 10.182773
0.199710 -23.896717 2.880488
0.215180 6.368958 8.605702
0.233310 -23.115828 2.993051
0.250490 49.742619 11.434675
0.267430 122.345669 29.212287
0.281560 167.678597 32.594184
0.315730 0.047974 -14.527999
0.329070 -155.522080 -53.645437
0.854400 -118.527552 -52.132326
0.969640 -35.846306 -17.924377
0.985930 41.958824 12.684844
1.001920 -8.554770 -1.391216
1.018550 -0.329582 1.421815
1.149690 1.061672 9.807048
1.166380 0.736626 4.435040
1.182890 11.306415 -6.149668
1.199280 13.682716 -9.297424
1.216030 5.223820 -5.430838
1.297790 -3.219492 2.387277
1.461760 -10.658834 5.390316
1.478270 -5.205560 1.314803
1.494630 23.794089 -0.130474
1.592930 45.788633 -1.522493
1.839720 45.028110 4.013471
1.857420 9.867029 7.295639
1.873960 -14.776329 3.238498
1.890290 -6.786962 4.086387
1.906980 -4.354691 -3.174939
1.924010 0.169517 -11.287050
1.938690 2.170826 -5.555073
1.955080 2.251653 8.266479
1.987610 6.345103 8.053546
2.004580 0.601550 -2.036189
2.038360 -4.517705 -13.254568
2.054290 -3.699952 -4.440357
2.069820 6.988875 6.735874
2.086360 17.856091 8.056500
2.102940 21.371226 8.100235
2.119320 16.603727 2.583248
2.135770 8.003885 0.963172
2.151920 8.760652 3.105426
2.168240 1.883661 2.780116
2.184720 2.958942 -1.340865
2.201200 -0.541781 -0.040475
2.217830 -7.590381 -0.195096
2.233920 -9.672942 -1.393697
2.250950 0.947766 -5.316857
2.266820 3.454033 -10.337226
2.283200 22.026211 -6.083982
2.300200 26.811980 -1.396698
2.447420 20.830096 7.777622
2.463900 14.787632 16.443032
2.479830 -1.896288 13.686946
2.496580 1.701820 6.668842
2.513090 0.844143 2.145327
2.529540 3.073868 -2.244139
2.545750 6.069886 -5.324442
2.562500 -4.122684 -10.751558
2.579860 -0.710541 -13.678960
2.595670 -29.948880 -10.878981
2.611660 -88.217335 -5.606629
2.628230 -105.873508 -0.906961
2.644710 -78.961447 -1.070844
2.661220 -18.333536 -2.513758
2.677430 1.543154 -4.790144
2.693700 -6.142357 0.905756
2.826140 -8.206554 5.271255
2.841860 2.323822 2.618761
2.858120 18.251959 -1.088305
2.907470 23.146863 -4.205826
2.923950 9.034695 -2.622494
2.940090 -2.649888 3.030431
2.973330 -0.528624 5.148745
3.104860 25.974903 5.402437
3.121400 42.304961 4.633798
3.137570 43.959015 0.564780
3.170350 26.219469 -2.097882
3.187100 -1.587763 -4.514359
3.203700 -0.147325 -3.185572
3.219760 -2.253808 0.478774
3.236510 -1.884191 1.488824
3.269070 -5.439987 2.048807
3.286560 -0.735341 8.384334
3.303280 1.161741 14.593801
3.319120 18.587681 6.203185
3.336270 23.493346 -4.592851
3.368710 17.452096 -11.126715
3.386660 6.044670 -2.099489
3.402860 -5.653998 9.484082
3.418820 4.567191 9.573324
3.434630 4.674216 4.829839
3.450260 0.923042 -3.732181
3.466000 -3.880545 -9.504048
3.483340 -4.368717 -12.209251
3.499020 3.583967 -10.433910
3.515140 23.160131 0.134774
3.531860 35.570398 11.339409
3.564850 32.229261 13.854391
3.581240 5.218489 4.063515
3.600010 -10.351261 -6.449269
3.616880 -7.785717 -5.064842
3.630860 -3.595422 -0.197341
3.649230 0.830345 4.764957
3.665830 -3.974717 7.820459
3.680540 0.898960 3.335066
3.696260 8.379471 -3.063179
3.712770 11.710728 -9.118634
3.729100 5.655435 -7.610266
3.745730 -2.104214 -4.853751
3.761660 -4.056942 -3.624414
3.778870 -0.709672 -4.776157
3.795010 -0.139727 2.111964
3.811040 14.653544 15.940679
3.828740 -34.756350 13.796599
3.845400 -106.278813 7.375289
3.861660 -124.499161 -4.961446
3.878300 -76.470974 -11.374236
3.895230 -3.111106 -15.103695
3.911190 -0.071716 -18.873996
3.926570 -8.051254 -1.843409
3.942810 0.175225 16.705596
3.959050 6.644666 20.764779
3.975770 8.655367 8.826148
3.992030 4.787214 -8.387831
4.008300 -2.701303 -16.324426
4.025020 -5.619407 -13.029519
4.041380 -8.366504 -2.913827
4.074370 0.317598 4.102100
4.091160 5.386795 5.269838
4.107210 6.682206 -0.993368
4.123440 -4.060533 -0.712975
4.139980 -8.163344 -0.688449
4.156280 -1.339840 -1.138917
4.172970 -0.949241 -4.669288
4.188840 0.249965 5.073183
4.205440 -2.127086 16.048086
4.224150 0.394455 12.104534
4.238310 0.871892 1.147801
4.254520 -2.828931 -8.246348
4.271090 0.688955 -7.573313
4.287570 1.070745 -13.182103
4.304110 -2.523431 -6.884327
4.336880 -3.785315 7.034553
4.353120 -0.732392 18.982630
4.369080 1.110969 11.185051
4.386170 -1.715695 2.915244
4.403170 -4.109528 5.554506
4.421600 0.278054 4.527473
4.436460 3.076439 -3.568581
4.452480 -0.803995 -17.784035
4.469670 -4.572711 -8.724785
4.485600 9.310590 -5.931465
4.502040 20.978543 -8.059170
4.568390 23.391472 -9.383192
4.582760 14.384876 -3.436572
4.665560 2.871424 9.605268
4.681730 0.418121 4.033579
4.698000 -4.821390 -1.813543
4.714750 -6.626104 1.842251
4.730870 -4.037397 5.836835
4.747280 -3.547864 5.180666
4.763730 3.070012 -1.276077
4.780460 22.333497 -6.261049
4.796450 29.543832 -3.023035
4.813260 20.116209 -0.695821
4.829500 3.313286 3.614088
4.846070 -1.932127 6.908782
4.862550 2.992324 2.996832
4.879090 3.164070 0.492077
4.895110 -0.307466 1.472142
4.911740 2.222921 3.969901
4.928250 1.883586 9.360108
4.944610 5.486864 3.579757
4.961060 3.811174 -2.593006
4.993710 -0.127440 2.569307
5.010350 5.714296 -0.640484
5.043370 10.437303 -5.519844
5.059780 10.678606 -11.353680
5.075740 2.392476 -9.998289
5.092290 -1.602205 -3.850651
5.108760 -1.118984 -7.860224
5.124940 -3.960691 -6.731290
5.158260 -4.564356 2.548278
5.174840 1.938743 10.491159
5.191070 7.446763 13.419793
5.208680 3.949652 8.847909
5.223820 1.143406 -3.715192
5.240330 -4.989923 -14.542625
5.256870 13.255877 -10.312677
5.273070 22.680625 2.481270
5.289520 11.752198 11.705657
5.305970 16.899005 2.122550
5.322510 18.472346 -8.409757
5.503230 32.145125 -6.359979
5.519650 12.306817 7.738376
5.535860 -9.915040 16.045393
5.552550 -5.182121 1.577405
5.569150 -0.890379 -6.385946
5.585140 6.723715 -0.688851
5.651060 10.642503 10.966308
5.667240 -19.634839 6.531635
5.683320 -31.874835 -12.488407
5.700130 -65.725914 -11.554229
5.716740 -77.468461 1.163632
5.732820 -53.974096 8.585736
5.749150 -31.667780 4.262037
5.782900 8.214040 -2.628897
5.799290 3.758398 -0.539616
5.832240 3.108308 0.595449
5.848540 -0.168118 2.164182
5.881530 -5.092865 4.366685
5.898130 -0.849587 2.172192
5.914520 2.561690 4.440546
5.930970 -0.573801 7.817907
5.947240 -1.758868 12.526542
5.964630 7.142324 6.489554
5.981290 11.967415 -7.285550
5.996430 18.270898 -6.875774
6.013180 15.786579 2.335320
6.029390 8.594918 12.840714
6.045810 5.483008 8.473836
6.062350 -1.465730 -2.219732
6.078310 2.238270 -8.030627
6.095090 0.525033 -7.251975
6.111820 -0.755831 -3.013206
6.127470 1.483384 -2.608010
6.144410 -3.934341 5.091801
6.160490 -2.884164 10.340061
6.177150 1.958779 9.515885
6.193360 5.344492 0.107838
6.210210 5.377193 -12.343005
6.226470 -0.692924 -13.438577
6.243040 1.573624 -9.657249
6.259190 0.262970 -2.938731
6.275760 0.910944 -1.911505
6.292390 4.543450 -0.216125
6.324920 7.266965 2.916638
6.341460 7.281784 10.645234
6.358120 1.238825 14.919594
6.374300 -0.832008 13.760993
6.391080 -2.398827 1.683187
6.408840 -5.113695 -9.105497
6.424680 -6.941280 -12.115946
6.439820 -2.558287 -13.741548
6.456570 2.894749 -5.454820
6.472810 -1.484783 -2.132568
6.489410 0.818549 2.568079
6.521850 0.795942 3.502564
6.538510 16.109417 2.915363
6.554810 21.629485 7.051281
6.571170 12.907517 5.182343
6.587800 9.916439 6.215613
6.604130 -5.494765 5.747900
6.620610 -10.109882 1.823514
6.637240 -2.483699 -2.929421
6.653050 -1.122273 -3.277272
6.670470 -2.546908 -0.500937
6.686430 -4.426104 3.524609
6.702580 1.609652 2.614248
6.718990 14.688550 0.567450
6.735530 5.787373 -2.526966
6.768310 -0.968030 -5.012034
6.785100 -0.162107 0.992258
6.801360 -2.364122 -2.223347
6.817720 -3.215145 -4.081047
6.834260 -2.508083 -9.879939
6.850520 7.781331 -7.472280
6.867190 15.578738 1.311661
6.883580 7.612270 0.025164
6.900090 -4.032860 -0.556274
6.916320 -6.137329 2.101426
6.932890 3.856804 11.527034
6.965300 8.055753 15.820347
6.981990 3.424999 7.758979
6.998780 2.227836 -1.151959
7.014860 4.472339 -3.677104
7.031460 -4.966068 -3.247524
7.048030 -9.925814 4.575721
7.063930 -6.915270 6.338029
7.080540 -1.222758 6.216960
7.097500 6.617636 -0.707115
7.113310 1.019520 -9.941205
7.130100 10.717317 -8.488178
7.146450 14.945234 -5.803614
7.162540 10.280340 0.475206
7.179110 5.775200 1.779448
7.195680 1.238372 2.562219
7.212070 5.883926 5.750759
7.228640 3.815067 1.241273
7.245180 2.585771 -3.353236
7.261140 5.312131 -5.465216
7.277920 -1.305362 -5.278438
7.294040 -6.912548 -2.389428
7.310520 -6.724849 -1.248598
7.327300 -5.484596 1.653558
7.343750 10.219854 3.536919
7.359740 14.884597 1.832256
7.376340 21.818492 -0.867029
7.392790 17.176779 -2.318993
7.409300 4.782300 0.270611
7.427400 3.461745 4.385067
7.444790 -2.892028 11.235826
7.460720 0.667028 8.722753
7.477330 4.888493 4.211898
7.507630 7.234113 -0.952137
7.524410 8.721865 -5.493546
7.540710 -1.037779 -8.524966
7.556850 -7.953076 -14.996169
7.573390 -14.232793 -10.167037
7.590360 -5.275461 0.305841
7.607640 7.054882 13.294451
7.622530 5.469436 12.741361
7.638280 13.014123 2.938801
7.655000 13.326796 -6.422758
7.671540 14.873559 -5.008891
7.687560 7.151964 1.614572
7.704590 0.426627 1.189693
7.722840 -1.093995 3.129857
7.737370 -4.704649 3.137371
7.753510 -5.493820 5.275768
7.770450 -1.847180 6.774151
7.789150 0.998009 6.935198
7.821200 1.086434 8.463179
7.835940 -0.570021 2.090321
7.852290 13.495173 -7.110161
7.868960 -27.811737 -8.010095
7.885380 -96.253353 -9.860044
7.901820 -114.453176 -6.335170
7.918330 -80.744348 -9.439922
7.935120 -10.292816 -11.287263
7.950810 4.262637 -4.617755
7.967350 -3.288561 7.074507
7.983700 5.924150 18.491224
8.000060 9.950954 14.831512
8.016600 5.330089 9.699542
8.032900 -9.840377 0.905637
8.050630 -22.663312 -5.435138
8.065950 -14.581794 -3.544906
8.082760 7.918826 4.018787
8.100010 16.493759 11.579416
8.116490 15.921876 8.237677
8.133060 7.266020 -1.642973
8.149110 -0.541213 -5.603109
8.170380 -2.240841 -3.215697
8.181550 -5.171007 -3.337334
8.197570 -13.179779 -4.748323
8.214360 18.976100 -10.212591
8.230740 40.487257 -8.526171
8.246980 34.108825 1.188086
8.263730 13.440472 3.410912
8.282960 -10.733988 4.894107
8.295960 1.133841 1.053950
8.312870 -0.614101 1.134593
8.329280 -0.256279 1.700956
8.345550 1.880788 -0.226852
8.361690 -2.608794 -9.057958
8.378230 -5.763140 -12.134281
8.394810 -4.625108 -6.335737
8.411100 -0.789137 9.660155
8.427730 3.990254 9.748806
8.444150 9.524561 0.879930
8.460330 2.088185 -1.368533
8.493010 -5.405320 0.397872
8.510010 14.154919 7.566390
8.542390 25.331887 -2.669254
8.559330 26.392063 -4.097398
8.591830 4.459183 -4.293580
8.608550 -7.030649 1.278936
8.641020 -1.991859 0.349647
8.657930 -3.932942 1.735736
8.690310 4.233490 3.844342
8.707400 0.936954 0.581745
8.739440 21.759825 1.588486
8.755680 31.830952 0.657213
8.789000 28.424800 5.137545
8.805240 9.239177 1.954082
8.821500 -4.729449 -3.806632
8.838380 9.102364 -6.345802
8.854710 6.896103 -5.645993
8.871220 -2.259894 -5.159968
8.887360 -12.234461 -3.147318
8.903930 -3.139800 1.612823
8.920780 2.207648 11.526727
8.936550 3.773974 17.257209
8.953030 12.820569 13.002749
8.985750 19.298325 5.163394
9.002140 17.073918 -5.946965
9.018520 0.790120 -7.088140
9.035060 -6.462108 0.013326
9.051570 -6.995264 2.800082
9.084500 7.895387 5.006458
9.101040 16.200938 -0.574515
9.133580 13.799945 1.038994
9.149840 6.842043 1.286662
9.166750 -1.571394 -0.586022
9.182920 4.700944 4.187231
9.199620 6.024521 5.483930
9.216190 2.227874 3.893701
9.232180 13.200457 -0.249464
9.248810 -17.844751 -6.740245
9.265350 -87.799037 -9.213806
9.281490 -113.357582 -6.289923
9.297820 -81.730569 -3.514804
9.314790 -12.738838 -0.015122
9.330750 8.027286 -0.406591
9.347630 -0.875105 -1.536977
9.363590 1.996168 -0.913387
9.379730 2.626260 3.009047
9.396360 0.952492 6.668251
9.413090 0.699842 4.377507
9.429170 2.816342 -3.369303
9.446170 1.689118 -4.856491
9.462520 -8.259518 -7.140878
9.478670 -11.856877 -5.255921
9.495480 -5.764803 -0.820860
9.527950 4.164572 -1.278653
9.544460 -0.054893 8.913735
9.560970 -14.072167 13.043624
9.577090 -15.674872 12.250055
9.593720 -10.417607 3.983653
9.610260 -1.357873 2.138310
9.626680 -0.301758 13.566636
9.643220 0.365081 12.166769
9.659550 2.376560 11.291611
9.675660 7.902343 -3.286203
9.692050 10.438891 -9.882916
9.724730 1.437678 -12.359048
9.741700 6.884762 0.060346
9.774020 31.595927 3.435248
9.791020 42.904262 0.468425
9.823460 27.591783 6.651428
9.840150 -3.048690 -6.754705
9.856290 -2.688903 -5.810325
9.873200 10.262421 -9.474820
9.889680 9.952088 2.752779
9.906560 1.520660 7.662224
9.922610 -7.547133 -1.911906
9.938600 -0.699313 1.118289
9.955510 -3.789625 -8.587272
9.971680 -7.808097 -14.181201
9.988010 -9.595482 -22.231949
10.004640 -7.797814 29.482641
10.020690 5.380785 39.928386
10.037450 11.108021 10.183435
10.053960 -0.203692 -23.880118
10.070070 -5.461611 -33.883860
10.087190 -19.458984 21.110026
10.119690 -19.868796 20.941266
10.136200 -35.498775 9.588233
10.169400 53.173828 17.620137
10.185820 145.044881 19.675991
10.218110 138.363583 14.580263
10.236510 67.399934 -4.373112
10.267670 -50.131634 -16.229658
10.284090 -96.690584 -5.355796
10.300600 -125.127047 -0.555234
10.318880 -93.933755 4.000121
10.332890 -10.250324 15.004438
10.349240 21.509844 15.391684
10.365910 7.981278 6.276573
10.382320 1.710667 -2.602316
10.398710 -4.876471 -20.049711
10.415100 -1.947514 -29.463954
10.431210 -7.699901 -15.979190
10.447970 2.879363 -0.585218
10.464480 15.882864 4.207764
10.480930 18.381810 -2.687707
10.497500 -4.371477 10.524049
10.513640 -18.831884 12.761869
10.530060 -32.987623 72.106662
10.546690 -36.086383 89.336297
10.563080 -9.497304 24.911009
10.907930 -23.477809 -59.308318
10.924380 57.525606 -81.996913
10.957370 136.109220 13.697483
11.056700 113.919829 38.462745
11.073240 -18.106722 -4.440097
11.089260 -158.616867 -37.308549
11.105560 -120.602708 -26.252440
11.122500 -34.433457 -3.809468
11.138430 4.821352 4.728168
11.154790 4.154175 2.338486
11.171810 6.716532 8.959786
11.188140 8.055980 8.097801
11.204320 5.853077 0.641240
11.221040 -6.479838 -2.545183
11.236880 -10.858439 1.159237
11.252870 -5.685414 6.533691
11.270290 0.526054 1.205618
11.286590 20.145165 -9.890406
11.302920 25.342017 -15.068467
11.319700 23.698679 -4.610005
11.337980 9.278947 4.088206
11.352200 -0.214580 8.154247
11.368770 0.976498 -5.119990
11.385280 2.944425 -11.054509
11.401460 9.034808 -2.215313
11.417820 3.169212 1.492415
11.434140 -2.749995 2.753771
11.452850 -3.394112 -3.229732
11.466950 -3.486658 -3.568274
11.483890 -0.798021 5.614474
11.499540 -2.188481 11.875231
11.516630 5.418211 9.391557
11.533020 4.298325 -3.210854
11.549470 -7.950279 -18.335431
11.565120 -0.342927 -15.586346
11.581630 11.078004 -8.144796
11.598600 19.233457 1.800004
11.615260 4.765288 5.783295
11.631530 -1.913376 8.178348
11.647580 6.422678 12.618759
11.664760 11.205063 14.791748
11.680880 10.053214 14.989577
11.697200 4.641515 15.421029
11.713810 32.741111 -1.053147
11.729920 -88.773936 -71.318354
11.746060 -185.324073 -109.525832
