0.000000 134.838439 94.035723
0.016170 70.282443 48.115434
0.032410 -11.505150 -10.303651
0.048890 5.894397 -6.882177
0.065370 -7.928390 -8.230447
0.081480 -8.713585 -0.054652
0.098300 -10.375455 -10.435635
0.114930 -7.728254 -12.471230
0.130950 -7.862573 -10.481448
0.147890 8.961657 8.309056
0.164180 10.144548 23.254043
0.180450 -2.383440 21.767182
0.196810 -6.964265 8.868677
0.213320 -4.723589 -7.247155
0.229280 5.816331 -12.566023
0.245940 5.297690 -7.100167
0.262420 6.277244 -2.807690
0.278720 5.963807 -11.076412
0.295650 1.994581 -5.039040
0.311800 -4.480127 -2.403770
0.328130 -3.357706 3.021428
0.344820 0.101355 -16.060396
0.361050 -13.879597 -59.949998
0.377720 -24.203961 -68.493988
0.543820 -17.686887 -39.392333
0.559840 -1.007384 -12.868334
0.575680 10.100393 22.742004
0.593600 1.375716 61.305155
0.624150 0.894310 84.447376
0.642820 3.670805 50.624626
0.673280 4.712701 -10.701491
0.689670 3.735073 -11.083807
0.722530 6.484753 7.222582
0.739320 -5.763745 16.330309
0.755340 -6.214829 14.443793
0.772030 4.273109 13.228436
0.790160 4.873220 2.310959
0.805080 -3.474220 -3.976423
0.821810 -18.102715 -1.968164
0.837490 -8.925629 3.202111
0.854190 0.555768 1.820797
0.870270 4.821541 -4.131138
0.887210 6.066748 4.620496
0.919920 2.434817 -1.534780
0.936040 -8.899582 -3.530587
0.969090 -5.082998 -4.494606
0.985380 5.195882 -8.870119
1.018490 7.213774 -0.737193
1.034970 6.149162 -2.582681
1.070070 -2.769918 0.674603
1.086700 -0.529040 -2.688510
1.117160 -3.759835 -8.713515
1.133640 -6.822271 -3.131676
1.166080 -6.961392 -2.785432
1.182710 4.742794 5.729163
1.198850 34.965098 18.655948
1.215550 46.867065 23.782167
1.231840 38.749512 9.948955
1.248570 0.590776 -4.194343
1.264740 -20.329260 -6.693816
1.281400 -16.520221 -9.176073
1.297850 -9.251880 -8.017939
1.314000 5.706017 -7.268278
1.330410 3.886821 5.069497
1.363250 5.382977 3.405973
1.379970 3.015195 -5.369051
1.412870 7.152947 -8.298825
1.429290 -1.334849 -7.873196
1.461980 -9.172869 6.711419
1.478610 -4.653575 14.244498
1.511050 8.395236 10.496286
1.527370 21.404680 -3.711601
1.560670 5.770852 -9.730164
1.576970 -1.669422 -2.738791
1.609990 -0.756134 2.611696
1.626310 -2.162131 10.296421
1.659060 10.784192 -41.284089
1.675350 16.872581 -83.764927
1.708190 19.154753 -83.236079
1.725100 7.949296 -28.534176
1.757420 -2.669433 23.404419
1.774480 1.076227 6.095560
1.806790 -0.313553 -1.177501
1.823580 -5.142540 2.440913
1.839570 -6.859282 6.895101
1.855960 6.128332 -1.271848
1.872650 -10.586893 -8.067416
1.889280 -45.610908 -10.886896
1.905120 -61.888642 -0.623141
1.971310 -36.720210 11.300045
1.987490 4.694820 16.685159
2.003810 13.061189 11.726922
2.021940 -1.218070 -4.817033
2.037230 -3.987684 -14.272473
2.055330 -1.589843 -10.499453
2.071200 4.904598 -9.717523
2.085780 7.870020 -3.055594
2.102330 6.896028 1.125449
2.118840 -4.146917 9.939008
2.135190 -16.211636 13.587404
2.151520 -17.065374 3.531839
2.167940 -9.910579 -3.206388
2.184170 5.525085 -20.001443
2.201050 -8.314410 -11.816753
2.217440 -14.253358 4.466607
2.249850 -12.064004 4.858689
2.266780 -4.402401 -0.501410
2.299440 4.247326 -8.877868
2.315980 -0.629110 2.866169
2.348790 -3.178361 14.074667
2.365170 12.753808 -5.515874
2.381840 34.817882 -11.567390
2.397980 34.591748 -9.351508
2.414760 16.015779 -6.631321
2.447080 -7.240804 0.226569
2.545960 6.347636 -3.636936
2.562810 19.198376 2.455562
2.595490 15.911594 5.895669
2.614200 1.850507 3.056516
2.630890 -11.894832 2.696544
2.647280 -11.609111 1.648667
2.661190 -1.544742 3.301703
2.677920 -12.994919 4.463252
2.694090 39.179909 -5.086981
2.711090 83.325600 -12.130453
3.006710 78.084612 -5.175846
3.023830 42.031536 -6.478732
3.040190 -32.690539 12.808108
3.056060 -55.837218 44.128762
3.137270 -72.370797 56.784696
3.153440 -49.393995 52.034533
3.170200 -4.263015 26.486349
3.186280 8.155330 25.151277
3.202850 -2.383478 10.444873
3.219480 -3.187509 -15.271919
3.236180 0.253368 -23.034230
3.252380 -4.778368 -14.694050
3.269070 -2.858684 0.649534
3.285160 -4.911176 3.846705
3.301880 2.365294 10.358609
3.334530 0.083738 -7.625743
3.350710 -14.517188 -20.461444
3.383450 -14.513521 -22.047691
3.400020 -23.995415 -12.895316
3.416560 -23.816202 -6.366382
3.433040 -26.036253 -18.569215
3.449340 -9.458479 -16.283315
3.466030 9.219860 -11.424515
3.482360 7.092838 3.300971
3.498660 4.386712 3.176239
3.531740 2.732000 0.834210
3.548130 4.502734 -0.943490
3.564360 4.560160 0.895005
3.580810 6.860567 17.911052
3.597440 9.716833 3.249604
3.613800 7.394366 -6.723894
3.630000 13.336928 -18.131274
3.646730 10.367252 -18.265071
3.679110 -1.958401 -8.196116
3.696350 -7.497912 -15.600144
3.712100 -4.807326 -2.481482
3.728360 5.728511 1.117037
3.745090 0.762069 4.693293
3.778170 6.349450 9.887358
3.794400 8.002600 7.288031
3.827300 2.288248 10.621489
3.843630 -1.876327 0.944954
3.860080 -3.750081 -3.608323
3.876680 3.942318 0.414671
3.893130 -6.336975 8.326682
3.909120 -16.461626 14.259761
3.925840 -19.710103 9.402189
3.942410 -5.996092 -4.350807
3.958950 6.950088 -15.229013
3.975250 2.474172 -18.181764
3.991580 -3.385304 -8.001589
4.008030 -2.591631 -4.086883
4.024440 4.758899 -5.369925
4.040740 -1.552492 -0.868896
4.073240 -7.484151 0.200460
4.090030 -8.611212 7.230876
4.106050 0.670090 -2.427280
4.123170 6.739328 -5.427554
4.139470 7.960448 -2.703940
4.156130 7.191772 7.293064
4.172420 5.488906 19.412180
4.189120 2.018700 13.373484
4.204830 -3.620638 2.639364
4.221560 -5.940746 -9.535189
4.237980 -2.181828 -5.582623
4.254360 -0.342776 -8.959289
4.270840 -3.438381 -18.507644
4.287380 -2.570423 -6.217291
4.303650 -1.542435 -0.097347
4.320040 2.018851 5.326119
4.336730 0.087178 6.610812
4.352910 1.598500 10.686582
4.369320 7.261332 23.372525
4.388210 0.477134 9.526730
4.404270 17.627651 13.600966
4.419740 -59.016948 -12.329230
4.437350 -116.681914 -38.162375
