0.000000 1167.532800 856.537500
0.032470 1147.440000 849.817500
0.049800 1139.476800 873.201000
0.065800 1141.980000 869.158500
0.081670 1147.792800 869.757000
0.098880 1168.053600 861.640500
0.131230 1153.152000 839.485500
0.147580 1140.568800 851.298000
0.163940 1139.476800 853.219500
0.181640 1112.983200 868.969500
0.201170 1143.004800 847.402500
0.217040 1144.248000 845.365500
0.233400 1118.846400 834.970500
0.247560 1146.902400 849.922500
0.263790 1144.315200 854.227500
0.280150 1133.697600 892.195500
0.296750 1158.276000 857.650500
0.315430 1155.957600 861.304500
0.328980 811.305600 466.063500
0.347530 685.893600 440.538000
0.361820 685.188000 435.886500
0.378170 656.745600 373.275000
0.395260 591.427200 233.604000
0.410520 588.201600 220.447500
0.427250 648.496800 99.571500
0.444090 631.797600 82.509000
0.460450 635.426400 103.309500
0.478030 612.276000 140.626500
0.494750 618.760800 172.977000
0.528320 614.544000 149.068500
0.542600 586.689600 9.849000
0.575320 578.524800 35.479500
0.591800 563.136000 35.133000
0.624630 600.398400 7.738500
0.722780 553.946400 2.404500
0.739750 546.655200 11.256000
0.756590 549.057600 21.756000
0.788820 535.852800 5.995500
0.887820 504.268800 35.794500
0.904660 513.072000 69.048000
0.919680 589.461600 30.124500
0.936160 566.479200 56.364000
0.969240 574.056000 35.973000
0.986080 630.621600 64.176000
1.001950 628.807200 53.686500
1.019170 636.602400 47.712000
1.037110 615.787200 38.934000
1.052610 613.905600 28.486500
1.086550 627.916800 7.119000
1.100710 628.790400 12.453000
1.117190 635.342400 4.063500
1.185180 611.688000 19.299000
1.200070 611.755200 19.603500
1.216060 616.492800 29.988000
1.232790 599.037600 10.237500
1.494380 630.806400 8.568000
1.511110 613.048800 35.584500
1.560550 613.754400 4.021500
1.760250 682.752000 5.554500
1.774050 707.128800 18.375000
1.790410 707.666400 22.942500
1.872440 693.756000 7.570500
1.889160 695.923200 25.767000
1.905270 828.979200 75.117000
1.922730 860.664000 16.905000
1.938480 860.664000 15.361500
1.954590 845.594400 12.726000
1.972530 851.793600 41.601000
1.988770 851.776800 46.809000
2.004640 849.878400 60.060000
2.021850 828.172800 53.781000
2.037840 827.484000 33.831000
2.054440 878.908800 18.847500
2.172970 814.749600 22.575000
2.184690 814.800000 28.150500
2.201050 804.468000 9.891000
2.813350 964.404000 0.430500
2.830320 964.420800 0.136500
2.844600 926.990400 29.673000
2.860600 928.502400 26.880000
2.877080 929.090400 16.485000
2.909420 1057.358400 0.987000
3.008540 1087.161600 23.835000
3.024290 1085.162400 35.427000
3.040530 1059.660000 11.802000
3.123660 1081.483200 5.586000
3.140260 1079.904000 6.006000
3.155760 1082.911200 10.510500
3.172970 1083.902400 4.378500
3.188480 1102.080000 1.249500
3.287110 1082.356800 1.008000
3.435300 1110.564000 7.129500
3.451780 1111.807200 29.767500
3.468510 1110.799200 35.070000
3.599000 1155.924000 27.132000
3.615720 1148.364000 60.228000
3.631710 1121.719200 75.999000
3.648440 1139.846400 66.654000
3.682130 1131.765600 56.458500
3.697750 1142.853600 57.193500
3.714970 1150.598400 23.415000
3.811280 638.719200 13.576500
3.827390 654.208800 33.768000
3.844480 613.250400 36.771000
3.860470 612.057600 30.954000
3.942870 526.512000 39.637500
3.959230 531.988800 61.698000
3.975710 527.116800 76.083000
3.992310 523.706400 73.363500
4.025020 565.756800 38.713500
4.041380 546.604800 7.402500
4.075200 550.989600 14.353500
4.141720 546.638400 9.618000
4.157350 552.568800 35.658000
4.172490 545.042400 52.584000
4.189580 553.207200 66.685500
4.223390 599.020800 40.362000
4.241820 599.306400 51.093000
4.257450 597.307200 40.824000
4.272950 632.805600 24.192000
4.289920 603.439200 21.042000
4.306270 601.524000 10.783500
4.322270 619.096800 27.163500
4.338990 627.295200 2.247000
4.356450 629.882400 17.734500
4.371460 622.540800 44.971500
4.388920 605.623200 67.966500
4.405400 612.460800 102.270000
4.420780 613.771200 157.983000
4.438480 622.759200 148.386000
4.455810 620.491200 137.592000
4.469970 607.269600 103.404000
4.487920 571.536000 61.404000
4.503910 563.018400 22.270500
4.536130 586.034400 40.099500
4.552490 589.226400 55.251000
4.569340 601.456800 69.583500
4.585940 626.572800 84.735000
4.602170 629.328000 100.128000
4.618900 630.319200 82.257000
4.634280 629.344800 72.786000
4.650630 625.716000 52.069500
4.666990 666.540000 35.259000
4.683960 644.498400 7.224000
4.717290 638.282400 34.398000
4.733890 633.511200 53.056500
4.749630 634.082400 57.225000
4.766360 634.804800 23.184000
4.864620 682.584000 22.732500
4.881100 685.456800 18.994500
4.899290 684.986400 14.217000
4.913940 657.182400 15.970500
4.963500 685.725600 17.104500
4.980220 683.676000 11.235000
4.996700 685.792800 27.447000
5.019530 693.067200 19.498500
5.030400 678.854400 63.252000
5.045780 683.239200 95.550000
5.062010 727.524000 81.385500
5.078370 695.318400 100.285500
5.112300 705.566400 112.696500
5.127440 677.107200 147.210000
5.144290 674.032800 126.210000
5.160160 688.531200 83.107500
5.176880 738.259200 29.767500
5.193730 736.243200 8.872500
5.209470 731.774400 12.894000
5.226200 769.356000 3.339000
5.242800 769.322400 2.730000
5.259030 732.597600 21.724500
5.273320 735.604800 36.277500
5.289790 736.092000 41.979000
5.306400 761.241600 30.471000
5.322750 734.479200 27.898500
5.338990 735.000000 33.957000
5.355350 745.651200 23.184000
5.371950 760.670400 10.342500
5.388430 761.124000 19.414500
5.404660 774.480000 75.684000
5.422610 773.472000 98.700000
5.443120 773.707200 102.952500
5.457890 778.226400 32.970000
5.569820 765.206400 0.231000
5.586180 765.861600 10.185000
5.602290 780.864000 12.925500
5.636350 768.213600 2.026500
5.669070 783.787200 1.396500
5.686770 783.888000 2.856000
5.699950 878.220000 25.336500
5.716550 887.930400 4.021500
5.733640 887.880000 2.761500
5.749760 907.788000 23.226000
5.767460 902.664000 80.346000
5.782960 901.437600 112.234500
5.798830 861.117600 99.529500
5.815430 865.334400 123.249000
5.832280 865.384800 108.234000
5.848140 859.672800 57.645000
5.864750 835.598400 62.601000
5.883060 835.447200 52.300500
5.897580 817.101600 58.201500
5.914550 767.928000 67.158000
5.930540 768.919200 76.860000
5.947020 776.815200 80.934000
5.964480 768.768000 83.706000
5.980830 769.104000 88.599000
5.996340 764.265600 112.675500
6.012940 771.556800 102.291000
6.028810 770.632800 88.315500
6.045040 795.043200 70.392000
6.062260 781.552800 29.158500
6.078610 781.989600 34.093500
6.095090 796.320000 47.523000
6.111450 759.948000 83.916000
6.127930 761.073600 99.298500
6.144410 800.973600 84.399000
6.161130 756.302400 61.771500
6.177250 755.966400 56.353500
6.193360 792.136800 85.134000
6.211060 784.459200 92.620500
6.226810 784.677600 97.944000
6.242800 883.579200 67.305000
6.259770 865.653600 60.417000
6.275880 866.140800 26.775000
6.292360 875.582400 14.448000
6.375730 889.526400 2.352000
6.390750 831.700800 37.075500
6.407350 868.929600 39.186000
6.423950 869.215200 27.667500
6.439700 923.109600 32.077500
6.456670 901.185600 20.223000
6.473020 900.866400 27.310500
6.505980 933.072000 1.260000
6.571530 967.898400 11.277000
6.587890 953.618400 40.645500
6.604250 968.536800 65.236500
6.620970 966.688800 85.942500
6.637210 1015.022400 95.214000
6.654300 1050.823200 123.805500
6.670290 1053.091200 108.853500
6.686520 1101.844800 84.367500
6.705080 1095.410400 39.270000
6.719730 1099.207200 18.690000
6.735470 1081.147200 18.112500
6.753050 1026.933600 37.569000
6.784300 1060.147200 34.576500
6.800900 1077.736800 33.001500
6.869630 1093.377600 9.387000
6.883420 1027.353600 46.515000
6.900390 1027.824000 72.712500
6.916750 1022.448000 112.140000
6.932860 1029.554400 146.947500
6.949220 1032.645600 143.314500
6.966060 1035.921600 121.254000
6.981930 1021.675200 66.192000
6.998900 1044.170400 85.701000
7.015260 1047.026400 66.727500
7.031860 1010.923200 69.237000
7.048340 1055.745600 60.501000
7.064580 1055.376000 62.601000
7.082520 1028.865600 29.830500
7.097170 1034.040000 8.085000
7.178960 1091.949600 35.227500
7.198120 1081.752000 59.839500
7.212400 1080.744000 65.173500
7.228760 1127.935200 49.287000
7.245240 1169.246400 27.825000
7.261600 1174.219200 7.098000
7.343380 1161.753600 6.846000
7.359990 1160.443200 12.432000
7.375980 1140.972000 26.344500
7.392700 1209.213600 21.031500
7.410520 1210.574400 15.708000
7.425780 1183.224000 22.837500
7.441890 1181.846400 33.526500
7.458250 1180.519200 38.955000
7.474850 1186.096800 26.953500
7.491090 1191.069600 29.463000
7.508060 1196.378400 8.767500
7.639040 588.907200 25.504500
7.655520 590.738400 36.172500
7.672000 528.326400 2.950500
7.803220 570.561600 47.649000
7.819090 573.636000 67.105500
7.836060 549.964800 51.387000
7.852170 551.208000 56.385000
7.868770 543.412800 71.746500
7.886350 592.972800 98.994000
7.902950 593.964000 104.307000
7.918820 567.739200 46.105500
7.935910 540.842400 40.488000
7.952030 537.280800 24.843000
7.968750 537.919200 55.440000
7.985230 533.282400 64.176000
8.001340 531.619200 58.033500
8.017940 626.539200 46.725000
8.034420 637.324800 23.898000
8.050660 638.080800 28.591500
8.069340 606.715200 70.339500
8.084470 609.403200 67.252500
8.099120 615.518400 99.477000
8.114990 600.096000 129.433500
8.132080 599.844000 120.529500
8.148190 598.701600 115.342500
8.164670 636.249600 111.405000
8.181640 612.561600 108.423000
8.197750 608.680800 88.294500
8.213990 612.074400 58.338000
8.230350 637.274400 48.100500
8.263060 596.467200 74.970000
8.280030 597.021600 78.088500
8.297000 599.978400 93.040500
8.312620 578.944800 79.201500
8.328860 609.487200 120.256500
8.345580 611.503200 130.441500
8.361820 611.352000 133.318500
8.378170 603.590400 130.063500
8.411130 628.387200 122.913000
8.427860 610.612800 114.513000
8.460450 610.243200 105.714000
8.493040 609.201600 98.437500
8.509520 599.037600 98.406000
8.526250 608.395200 81.690000
8.542720 606.396000 71.263500
8.558840 592.300800 62.569500
8.575440 598.550400 61.372500
8.591920 596.551200 51.187500
8.608280 654.964800 47.565000
8.624630 710.186400 39.585000
8.657350 689.488800 62.769000
8.674070 707.968800 101.419500
8.690310 708.523200 105.577500
8.706670 664.776000 55.167000
8.723880 650.613600 45.580500
8.739620 648.228000 29.284500
8.756100 654.175200 33.999000
8.772580 649.975200 67.105500
8.788940 650.244000 68.817000
8.805420 659.803200 60.721500
8.822140 665.817600 68.145000
8.854250 668.035200 62.244000
8.870970 664.154400 70.549500
8.904050 660.475200 68.491500
8.920650 664.540800 69.321000
8.954100 671.025600 21.609000
8.969970 700.392000 37.023000
9.004030 714.588000 46.200000
9.021730 721.627200 41.202000
9.053470 724.264800 46.357500
9.070560 714.890400 51.145500
9.103150 708.136800 47.617500
9.119870 697.048800 37.726500
9.152220 714.050400 32.907000
9.168460 705.448800 39.490500
9.185180 707.397600 54.589500
9.201540 724.869600 80.272500
9.218750 734.983200 92.998500
9.236210 735.285600 98.238000
9.251100 729.657600 97.681500
9.267460 739.015200 71.452500
9.283450 738.511200 66.307500
9.299930 736.512000 71.578500
9.316890 721.526400 72.229500
9.333370 721.980000 77.511000
9.349370 749.599200 73.447500
9.366090 703.987200 78.907500
9.382320 701.618400 58.810500
9.398800 732.597600 42.409500
9.415890 739.082400 55.324500
9.431520 740.325600 70.203000
9.448360 820.780800 106.732500
9.462650 823.132800 129.591000
9.479250 823.099200 128.478000
9.495120 814.648800 117.537000
9.511960 795.312000 90.415500
9.544560 800.049600 92.379000
9.561280 801.057600 114.943500
9.577760 802.149600 140.469000
9.593750 808.516800 154.182000
9.610840 799.747200 175.014000
9.629030 799.948800 179.529000
9.645630 792.321600 166.509000
9.661250 807.324000 151.420500
9.678960 806.551200 127.690500
9.694950 844.401600 109.011000
9.710690 827.534400 87.937500
9.726930 827.131200 77.563500
9.743160 848.601600 86.257500
9.758540 856.665600 89.208000
9.774540 856.564800 113.967000
9.790770 877.934400 117.600000
9.807500 875.481600 120.603000
9.823850 875.750400 106.312500
9.840330 875.515200 75.400500
9.856810 871.080000 33.264000
9.873540 871.348800 12.505500
9.889890 906.880800 33.054000
9.906250 852.902400 30.261000
9.922240 852.952800 35.311500
9.938840 947.788800 43.176000
9.957520 945.453600 53.067000
9.973750 944.025600 73.489500
9.989870 947.217600 90.142500
10.006470 954.643200 99.886500
10.023440 953.836800 109.945500
10.041020 966.252000 115.594500
10.054200 942.933600 102.931500
10.071780 943.840800 87.580500
10.087770 952.593600 71.326500
10.104740 938.380800 33.999000
10.120970 939.708000 13.282500
10.137080 937.137600 17.157000
10.157470 936.465600 53.550000
10.185670 971.762400 37.128000
10.202270 993.972000 38.094000
10.218750 993.384000 43.050000
10.234740 942.832800 79.054500
10.253050 941.992800 79.338000
10.269780 941.304000 89.481000
10.283940 986.176800 90.457500
10.300540 979.557600 86.425500
10.316650 978.566400 96.348000
10.333250 966.588000 96.159000
10.349610 977.407200 112.948500
10.366940 976.029600 127.386000
10.382080 1018.584000 136.395000
10.399290 992.275200 134.799000
10.415770 993.484800 124.236000
10.432860 1016.618400 60.921000
10.449580 1033.989600 36.487500
10.465940 1035.938400 21.724500
10.487180 1035.400800 41.139000
10.497560 1026.076800 56.028000
10.513920 1025.270400 61.383000
10.531130 998.440800 43.249500
10.549680 1056.417600 40.530000
10.564580 1059.004800 24.223500
10.580810 1066.128000 26.733000
10.598140 1078.089600 37.474500
10.612550 1076.812800 46.483500
10.628910 1076.880000 38.493000
10.645140 1073.234400 69.720000
10.661990 1069.437600 91.948500
10.678100 1080.962400 107.604000
10.695070 1084.557600 88.063500
10.727420 1081.651200 75.474000
10.744140 1092.789600 83.601000
10.760380 1095.578400 68.113500
10.776860 1093.428000 38.587500
10.793460 1114.176000 33.295500
10.809450 1118.275200 12.631500
10.842410 1129.144800 3.381000
10.858890 1127.061600 13.597500
10.875490 1105.440000 47.869500
10.891360 1075.048800 48.982500
10.907710 1072.394400 64.228500
10.924190 1045.144800 97.461000
10.940550 1046.572800 123.606000
10.959470 1044.993600 133.686000
10.975950 1058.047200 98.553000
10.992310 1034.611200 102.753000
11.008670 1036.089600 92.652000
11.024410 1033.687200 54.285000
11.040530 1062.583200 50.305500
11.075200 1045.581600 64.743000
11.091920 1046.539200 76.734000
11.108890 1044.993600 86.961000
11.124390 1075.183200 98.280000
11.143070 1122.559200 104.842500
11.173220 1092.705600 89.323500
11.189580 1112.412000 73.132500
11.222780 1081.298400 123.291000
11.239990 1086.120000 107.866500
11.271480 1105.288800 95.655000
11.288570 1102.836000 89.817000
11.320190 1125.012000 113.914500
11.337520 1125.684000 131.754000
11.354740 1127.767200 121.222500
11.370610 1157.100000 73.867500
11.387210 1167.768000 50.074500
11.402830 1174.269600 23.814000
11.452880 1136.990400 0.661500
11.469120 1026.412800 37.663500
11.483400 710.102400 116.035500
11.499880 712.370400 135.534000
11.515870 585.278400 109.137000
11.534420 592.872000 102.249000
11.552000 594.972000 112.360500
11.567870 599.743200 135.408000
11.584960 567.705600 144.858000
11.601200 564.060000 130.126500
11.616210 592.099200 84.042000
11.633540 583.648800 79.453500
11.650020 582.708000 74.340000
11.666380 575.719200 71.820000
11.683720 566.076000 94.983000
11.699340 562.800000 83.128500
11.715940 552.266400 59.556000
11.731810 556.449600 12.358500
11.779300 551.476800 7.959000
11.797360 556.684800 31.279500
11.813840 562.648800 49.507500
11.828250 551.812800 39.217500
11.844850 555.424800 54.400500
11.861080 643.036800 102.427500
11.877810 700.828800 101.052000
11.893800 700.576800 100.842000
11.910160 697.233600 83.338500
11.926760 691.622400 69.541500
11.943360 687.691200 38.283000
11.959590 657.300000 12.274500
11.975950 659.702400 8.736000
12.010500 634.435200 6.867000
12.041990 635.241600 17.755500
12.058230 732.093600 61.540500
12.074830 752.606400 96.253500
12.091550 755.176800 127.827000
12.107300 756.134400 149.530500
12.123900 768.734400 136.636500
12.140630 767.709600 121.831500
12.156860 773.320800 101.440500
12.173580 739.502400 103.015500
12.190060 738.007200 87.538500
12.206300 760.485600 53.077500
12.222900 769.372800 54.547500
12.239010 768.868800 48.688500
12.255490 754.336800 73.426500
12.271730 832.188000 60.711000
12.288330 832.389600 72.187500
12.304690 864.729600 61.624500
12.321170 856.732800 67.042500
12.354000 856.548000 84.714000
12.370730 856.766400 85.522500
12.387080 856.783200 75.820500
12.403440 884.016000 61.803000
12.419800 878.287200 62.737500
12.452390 836.371200 53.676000
12.469850 888.081600 66.181500
12.485720 887.846400 80.860500
12.501590 1009.982400 111.394500
12.518680 1011.847200 125.727000
12.534790 1011.141600 130.851000
12.551390 1008.134400 114.786000
12.567500 1003.749600 79.684500
12.584230 1006.101600 59.713500
12.600220 1004.858400 60.259500
12.616940 971.611200 62.422500
12.633540 971.292000 67.452000
12.649660 1014.871200 42.031500
12.668700 1115.738400 68.680500
12.682740 1114.680000 73.899000
12.698970 1126.944000 36.235500
12.715820 1137.141600 21.168000
12.798460 1128.960000 5.869500
12.814330 1122.408000 50.284500
12.830570 1113.352800 94.027500
12.846920 1115.620800 126.903000
12.863650 1115.352000 114.901500
12.896120 1112.630400 114.103500
12.912720 1103.726400 106.659000
12.945560 1100.282400 110.323500
12.961910 1114.327200 104.097000
12.978520 1120.946400 71.473500
12.996090 1152.009600 7.507500
13.109380 1128.304800 55.293000
13.125980 1119.031200 98.857500
13.141970 1095.427200 118.272000
13.158940 1129.766400 114.838500
13.191650 1115.318400 124.309500
13.208250 1128.237600 118.702500
13.224730 1129.212000 113.704500
13.240720 1133.983200 118.639500
13.257930 1143.576000 104.475000
13.274290 1148.229600 84.483000
13.290530 1155.756000 48.405000
13.307250 1127.078400 37.558500
13.324340 1132.773600 10.185000
13.339600 1056.468000 25.231500
13.389040 588.100800 42.987000
13.406740 596.450400 88.767000
13.422000 602.128800 116.739000
13.437870 582.036000 105.882000
13.455080 594.451200 84.525000
13.471440 592.368000 74.361000
13.487670 602.263200 87.328500
13.504030 578.810400 94.657500
13.520630 580.960800 104.496000
13.536870 591.192000 88.011000
13.553100 540.859200 84.997500
13.586060 532.207200 85.669500
13.602910 544.639200 112.581000
13.635380 548.671200 110.859000
13.652340 565.118400 109.620000
13.688350 560.145600 92.242500
13.703740 526.713600 104.223000
13.720090 524.143200 94.374000
13.736210 556.651200 110.103000
13.752690 615.568800 73.185000
13.769410 613.737600 63.336000
13.785160 567.940800 45.685500
13.802000 664.658400 61.729500
13.834230 636.098400 58.485000
13.850950 646.094400 64.932000
13.883910 662.995200 69.415500
13.900510 639.710400 66.822000
13.916990 641.978400 81.606000
13.933230 694.848000 80.419500
13.949710 708.724800 135.271500
13.964230 710.606400 150.003000
13.981450 719.359200 126.546000
13.996950 692.496000 111.142500
14.013430 690.396000 95.214000
14.029420 688.917600 74.697000
14.046260 690.412800 54.054000
14.063110 688.951200 42.315000
14.080320 682.281600 26.176500
14.094730 678.266400 22.092000
14.128420 704.071200 81.291000
14.144900 727.960800 60.900000
14.163450 727.658400 56.805000
14.179930 757.747200 67.924500
14.198730 729.825600 69.562500
14.212160 729.993600 71.263500
14.229000 732.984000 78.655500
14.245000 733.420800 73.731000
14.278320 717.780000 81.480000
14.295410 737.990400 59.167500
14.311650 739.435200 73.962000
14.325560 856.833600 151.357500
14.341800 849.525600 162.151500
14.358150 849.592800 167.212500
14.374760 876.624000 81.490500
14.391600 899.119200 68.533500
14.407960 899.236800 63.367500
14.423830 880.756800 72.849000
14.441280 834.573600 105.714000
14.457150 834.724800 115.899000
14.473510 738.864000 169.134000
14.490230 716.620800 174.184500
14.506590 714.772800 160.209000
14.522460 741.753600 155.809500
14.539550 738.175200 153.520500
14.555660 738.612000 157.846500
14.572140 738.192000 164.367000
14.588750 756.453600 200.791500
14.604860 756.739200 205.569000
14.621460 722.769600 144.217500
14.640010 735.739200 137.056500
14.654170 735.369600 132.100500
14.670780 695.772000 143.251500
14.687130 693.806400 178.521000
14.703610 694.411200 183.540000
14.720090 757.125600 143.755500
14.736940 782.712000 172.032000
14.752440 781.586400 153.457500
14.768310 793.884000 138.988500
14.785280 784.341600 167.149500
14.818240 776.899200 157.059000
14.835210 768.986400 169.984500
14.867550 783.938400 143.734500
14.884030 800.923200 137.224500
14.916990 893.457600 139.828500
14.933840 880.152000 147.829500
14.949950 880.488000 132.132000
14.967160 914.104800 112.203000
14.983150 890.618400 94.258500
15.001100 890.752800 88.756500
15.015870 897.842400 88.840500
15.032230 946.680000 112.077000
15.049190 945.067200 133.413000
15.064940 920.119200 138.180000
15.081300 907.132800 129.318000
15.098270 906.477600 143.325000
15.113890 960.976800 178.426500
15.130490 948.326400 194.491500
15.146970 947.973600 199.185000
15.163090 933.626400 149.205000
15.180050 909.820800 141.214500
15.196290 910.694400 122.199000
15.212160 909.367200 139.944000
15.228880 770.078400 172.851000
15.261840 660.240000 164.755500
15.278810 666.674400 173.460000
15.311400 693.268800 176.778000
15.329100 668.136000 188.170500
15.360600 698.947200 161.668500
15.377690 684.096000 165.595500
15.409180 713.059200 161.269500
15.425540 686.229600 163.768500
15.458740 752.337600 158.130000
15.475460 738.141600 160.923000
15.508540 727.927200 145.456500
15.525390 737.100000 151.378500
15.541020 738.393600 165.165000
15.557130 774.463200 194.670000
15.573730 761.090400 221.245500
15.590450 762.602400 239.473500
15.606450 770.901600 239.904000
15.623050 736.898400 242.686500
15.639280 735.352800 229.173000
15.656860 722.366400 213.927000
15.672120 741.770400 189.441000
15.688840 740.006400 171.139500
15.704960 784.492800 162.550500
15.721440 831.079200 172.987500
15.754390 803.527200 170.992500
15.771120 788.037600 174.825000
15.803830 818.059200 166.488000
15.820190 803.913600 160.051500
15.853030 817.756800 165.144000
15.869510 815.623200 168.724500
15.902220 819.739200 162.351000
15.918820 806.215200 159.526500
15.935180 806.887200 173.113500
15.951420 834.153600 210.609000
15.968140 874.070400 201.201000
15.984620 873.986400 205.915500
16.000980 869.400000 192.360000
16.017330 842.839200 184.453500
16.033450 842.318400 154.686000
16.049930 883.663200 149.719500
16.066410 862.310400 123.742500
16.082400 862.327200 112.171500
16.099240 878.169600 93.544500
16.116090 889.257600 132.363000
16.132450 888.602400 155.148000
16.148800 859.269600 173.082000
16.165040 847.207200 169.648500
16.197630 882.134400 179.791500
16.214230 888.232800 179.823000
16.246700 912.559200 179.665500
16.263670 914.004000 170.845500
16.296140 926.284800 151.042500
16.313480 923.378400 149.415000
16.346800 923.983200 164.209500
16.364870 924.319200 161.206500
16.395510 890.568000 162.729000
16.411740 895.255200 148.501500
16.444340 899.740800 162.718500
16.460940 896.095200 162.382500
16.493650 891.895200 152.754000
16.510010 917.397600 174.100500
16.542720 910.644000 149.877000
16.559690 916.406400 194.575500
16.575930 915.835200 207.805500
16.592160 968.973600 193.210500
16.609010 979.742400 217.308000
16.625240 977.743200 235.515000
16.641720 977.860800 258.415500
16.658200 987.235200 233.509500
16.690550 985.420800 221.329500
16.707030 980.952000 238.339500
16.739870 1011.259200 242.917500
16.756590 950.880000 247.422000
16.773070 952.022400 234.055500
16.789060 990.729600 230.338500
16.805910 983.942400 216.279000
16.822510 985.975200 198.481500
16.838620 954.492000 178.720500
16.855100 954.072000 163.075500
16.887820 969.813600 147.504000
16.904540 981.808800 149.593500
16.937380 1017.374400 199.899000
16.953610 994.644000 181.230000
16.986690 966.268800 176.284500
17.003050 987.268800 177.723000
17.019410 985.975200 191.152500
17.035640 1064.582400 186.333000
17.052490 1034.241600 240.082500
17.068600 1031.335200 257.901000
17.085080 1053.007200 249.721500
17.101560 1040.760000 232.060500
17.134400 1048.084800 243.999000
17.150510 1037.870400 241.542000
17.183720 1038.340800 243.883500
17.199950 1027.756800 230.527500
17.233890 1031.637600 226.411500
17.252200 1049.832000 230.748000
17.281980 1049.932800 226.044000
17.298340 1015.140000 244.062000
17.331300 1089.900000 220.752000
17.348270 1055.544000 257.355000
17.364870 1055.544000 257.355000
17.380980 1096.788000 247.264500
17.397830 1102.668000 227.178000
17.430050 1093.713600 228.763500
17.446660 1113.722400 243.757500
17.481690 1124.440800 233.604000
17.496220 1134.655200 220.405500
17.512940 1139.527200 200.865000
17.529170 1128.136800 189.283500
17.546630 1147.288800 159.946500
17.563350 1150.632000 146.107500
17.581180 1114.780800 171.328500
17.596800 1120.929600 177.313500
17.611210 1120.694400 178.342500
17.627080 1133.328000 169.102500
17.644170 1101.576000 195.457500
17.676390 696.343200 180.232500
17.693480 520.548000 193.347000
17.725710 540.456000 196.255500
17.742190 518.380800 179.676000
17.775150 519.120000 197.253000
17.791990 530.644800 213.937500
17.824830 527.822400 219.880500
17.841060 511.593600 196.633500
17.873780 520.648800 216.352500
17.890500 534.861600 221.665500
17.923100 586.958400 227.031000
17.939820 579.398400 223.135500
17.972530 530.392800 194.365500
17.989750 549.796800 194.859000
18.022830 542.959200 197.631000
18.038940 537.465600 194.901000
18.070920 547.831200 195.478500
18.088620 533.433600 207.553500
18.120970 531.518400 198.859500
18.139650 551.241600 231.651000
18.154300 554.786400 244.555500
18.170530 590.973600 221.140500
18.188230 582.808800 268.632000
18.203490 586.068000 281.841000
18.219600 611.368800 254.320500
18.236940 598.584000 236.082000
18.253910 590.721600 202.860000
18.267820 592.368000 195.846000
18.284550 583.732800 149.121000
18.300660 580.742400 135.019500
18.316890 592.200000 173.880000
18.334110 615.300000 177.565500
18.352170 622.188000 210.903000
18.366460 603.926400 240.471000
18.383060 604.951200 265.891500
18.399410 602.414400 255.685500
18.416750 725.894400 196.402500
18.433720 738.763200 156.870000
18.449950 735.050400 118.440000
18.471310 700.862400 110.827500
18.482790 713.361600 131.187000
18.499270 714.504000 141.120000
18.515380 720.535200 167.958000
18.532100 732.244800 166.288500
18.548710 735.134400 194.239500
18.567380 731.068800 218.221500
18.582400 749.112000 261.229500
18.596680 750.405600 275.751000
18.612920 753.043200 252.126000
18.629880 759.729600 216.163500
18.646120 758.234400 198.282000
18.662350 783.854400 204.960000
18.680420 787.836000 215.890500
18.711550 709.917600 206.850000
18.728150 711.009600 221.592000
18.761110 751.531200 179.970000
18.777470 771.405600 226.485000
18.794680 772.396800 235.179000
18.809810 772.514400 226.884000
18.827030 741.652800 286.219500
18.843990 742.963200 295.029000
18.859380 748.860000 214.809000
18.876100 747.482400 201.232500
18.893430 745.029600 182.763000
18.908570 771.439200 190.029000
18.925290 755.479200 192.013500
18.960450 701.383200 209.328000
18.974730 775.000800 188.664000
18.991210 775.874400 202.030500
19.007810 783.972000 217.140000
19.024050 772.800000 229.320000
19.040410 773.068800 233.835000
19.056520 770.162400 261.145500
19.073240 773.371200 204.645000
19.089840 772.094400 186.595500
19.105960 779.856000 189.829500
19.122190 770.985600 187.635000
19.155270 773.035200 226.369500
19.172360 772.514400 166.320000
19.188350 772.262400 161.038500
19.204350 724.432800 183.760500
19.221190 745.466400 183.109500
19.237300 744.525600 172.882500
19.253780 743.316000 137.109000
19.270020 743.652000 163.558500
19.286620 745.130400 181.849500
19.302980 757.176000 201.894000
19.319580 767.558400 248.377500
19.337770 769.742400 276.055500
19.352050 766.785600 293.443500
19.368770 733.891200 297.780000
19.385010 732.916800 289.233000
19.401730 738.460800 285.337500
19.417970 741.720000 286.356000
19.434690 740.812800 277.924500
19.453130 739.872000 273.315000
19.467650 754.891200 208.456500
19.484010 754.639200 203.889000
19.500240 781.788000 242.749500
19.516480 780.998400 227.976000
19.532960 780.427200 219.082500
19.549440 796.908000 188.968500
19.565800 803.644800 195.058500
19.598390 770.179200 187.089000
19.615230 807.979200 166.383000
19.647950 797.563200 180.264000
19.665770 789.314400 189.672000
19.697390 767.659200 208.299000
19.714230 757.864800 219.124500
19.730350 757.478400 214.021500
19.746700 776.227200 158.140500
19.763060 792.926400 134.179500
19.779300 792.691200 128.866500
19.795900 857.858400 145.708500
19.812620 852.381600 148.239000
19.828980 852.398400 172.504500
19.845210 852.902400 205.495500
19.861690 811.591200 206.724000
19.878660 811.675200 215.218500
19.895260 829.500000 225.897000
19.911130 820.108800 184.443000
19.927250 819.386400 160.681500
19.944090 827.568000 164.514000
19.960450 789.616800 191.604000
19.977170 789.700800 193.137000
19.994870 887.460000 191.856000
20.009890 873.230400 186.291000
20.026370 873.415200 170.971500
20.042360 891.223200 184.096500
20.059200 926.923200 163.212000
20.075320 927.847200 147.262500
20.092040 849.004800 145.614000
20.108890 862.142400 133.098000
20.124630 862.226400 142.096500
20.141240 877.077600 166.824000
20.157470 866.745600 184.285500
20.174320 866.628000 196.245000
20.190550 931.341600 134.484000
20.207640 914.457600 115.626000
20.223270 914.961600 105.168000
20.239870 928.468800 145.624500
20.256100 921.060000 151.714500
20.272580 920.505600 161.773500
20.289060 919.648800 189.756000
20.305300 912.660000 166.719000
20.321900 911.719200 185.829000
20.338130 936.146400 187.278000
20.354860 927.124800 190.386000
20.371220 927.780000 180.075000
20.387330 973.324800 201.694500
20.404050 1050.201600 130.683000
20.420170 1053.326400 111.226500
20.438110 1032.696000 158.539500
20.452390 1012.620000 162.015000
20.468990 1013.258400 156.922500
20.485350 1067.572800 120.361500
20.502080 1061.104800 131.785500
20.518680 1060.348800 136.563000
20.535890 1057.996800 132.573000
20.551640 1060.684800 157.363500
20.567870 1057.946400 172.704000
20.584350 1039.533600 172.840500
20.600830 966.268800 186.007500
20.617430 966.856800 180.988500
20.633670 998.457600 181.965000
20.649780 1012.267200 151.399500
20.666140 1009.680000 170.919000
20.682370 1001.767200 178.878000
20.698970 1002.808800 184.632000
20.715580 1001.330400 198.282000
20.731930 1008.705600 214.074000
20.748900 1002.086400 227.965500
20.765870 1000.876800 237.174000
20.781370 1011.057600 261.660000
20.798580 1009.243200 288.088500
20.814580 1011.007200 275.110500
20.830440 1001.095200 243.316500
20.846920 990.528000 206.209500
20.863890 993.148800 183.120000
20.880000 1111.320000 164.619000
20.896480 1128.708000 117.873000
20.912960 1127.263200 126.073500
20.928960 1107.220800 172.504500
20.945920 1108.598400 193.609500
20.962160 1102.231200 222.505500
20.978150 1106.750400 226.947000
20.995120 1098.232800 221.476500
21.027590 1119.619200 236.901000
21.044430 1128.019200 247.401000
21.060790 1133.916000 223.713000
21.076900 993.955200 201.726000
21.093380 758.049600 247.737000
21.109740 756.571200 230.811000
21.126460 565.521600 187.120500
21.142940 588.067200 183.970500
21.159550 592.368000 202.912500
21.175290 559.843200 194.922000
21.192260 558.112800 207.858000
21.224730 579.079200 218.169000
21.241700 565.706400 216.951000
21.257810 563.488800 208.225500
21.274170 570.897600 177.009000
21.290650 575.248800 180.967500
21.323610 559.608000 175.539000
21.340090 559.776000 173.512500
21.372680 597.525600 192.538500
21.389530 584.371200 189.483000
21.405520 587.580000 202.765500
21.422000 596.803200 238.098000
21.438840 649.656000 283.615500
21.454710 650.546400 288.109500
21.473020 634.838400 276.129000
21.489010 630.974400 263.707500
21.504150 628.236000 250.078500
21.520750 637.392000 236.733000
21.536620 636.921600 226.222500
21.553220 634.989600 216.132000
21.569340 620.692800 192.654000
21.586060 611.486400 183.708000
21.602540 608.344800 169.228500
21.619140 644.918400 159.432000
21.635500 742.476000 86.425500
21.651980 740.930400 73.867500
21.668460 678.871200 129.087000
21.684940 671.244000 159.589500
21.701290 674.688000 181.933500
21.717650 665.632800 207.795000
21.734010 658.526400 217.245000
21.768190 724.449600 214.935000
21.816410 731.236800 200.949000
21.834350 745.231200 184.306500
21.865970 751.615200 187.089000
21.882570 747.045600 199.290000
21.915280 679.022400 202.650000
21.931880 752.253600 233.194500
21.964720 846.132000 204.162000
21.981080 834.254400 201.190500
21.997800 833.767200 186.301500
22.013790 807.055200 176.442000
22.030520 811.792800 156.586500
22.046750 811.272000 141.319500
22.063230 844.972800 129.150000
22.080320 829.012800 169.060500
22.096190 829.197600 184.128000
22.112180 876.002400 140.070000
22.128540 894.532800 143.451000
22.144650 894.398400 148.270500
22.161620 869.534400 156.229500
22.178830 868.946400 193.462500
22.194950 868.711200 208.173000
22.211180 975.794400 222.390000
22.227780 956.844000 225.372000
22.244140 955.231200 243.033000
22.260380 973.123200 284.298000
22.276860 954.004800 300.016500
22.293330 955.416000 281.242500
22.309690 995.316000 233.184000
22.326170 1023.422400 194.187000
22.342650 1024.867200 184.758000
22.359010 983.707200 231.294000
22.375370 998.340000 248.209500
22.392090 996.878400 258.016500
22.408330 961.833600 192.580500
22.424560 823.939200 234.181500
22.441410 823.384800 212.551500
22.457520 659.064000 188.821500
22.474240 679.660800 187.173000
22.490600 682.684800 207.301500
22.506840 653.604000 211.669500
22.522710 633.880800 203.311500
22.555660 649.622400 229.677000
22.571900 623.750400 237.090000
22.588500 626.304000 249.931500
22.604860 612.360000 273.252000
22.622190 604.951200 309.330000
22.638550 608.983200 326.161500
22.654660 588.184800 333.732000
22.671390 595.274400 307.870500
22.687990 588.453600 280.350000
22.703610 543.093600 236.712000
22.720700 533.181600 190.197000
22.737300 522.849600 152.712000
22.752810 515.844000 174.940500
22.769780 530.191200 174.951000
22.802370 543.446400 191.184000
22.818970 545.899200 150.727500
22.835820 549.897600 165.553500
22.850950 654.763200 169.648500
22.867800 679.324800 198.292500
22.884030 683.071200 222.705000
22.900510 652.612800 248.545500
22.917850 661.012800 294.903000
22.934080 662.575200 303.334500
22.950200 669.866400 263.466000
22.966920 655.401600 257.040000
22.983280 654.561600 252.661500
22.999880 621.028800 252.462000
23.016600 730.363200 248.860500
23.032960 729.002400 239.956500
23.048830 750.556800 216.258000
23.065550 742.778400 210.745500
23.082150 742.425600 205.632000
23.098270 721.660800 230.149500
23.114870 757.915200 214.032000
23.131590 758.772000 224.059500
23.147220 792.624000 245.217000
23.164790 759.444000 227.797500
23.180300 760.166400 236.344500
23.196530 717.410400 252.462000
23.213620 734.680800 269.650500
23.229740 735.604800 278.071500
23.246090 882.000000 294.273000
23.262570 879.043200 293.002500
23.278930 879.379200 270.522000
23.295290 872.004000 253.302000
23.311890 915.818400 177.492000
23.328250 916.104000 177.030000
23.345580 870.559200 220.143000
23.361330 879.076800 258.772500
23.377810 878.253600 295.554000
23.393800 889.778400 301.906500
23.410520 912.895200 286.629000
23.426640 914.457600 258.615000
23.444090 899.539200 231.042000
23.459110 971.426400 187.897500
23.475340 973.812000 165.438000
23.491700 978.012000 168.493500
23.508420 1010.301600 205.611000
23.524780 1007.596800 225.288000
23.541140 984.110400 226.611000
23.557500 985.941600 234.853500
23.590330 1001.700000 237.310500
23.607300 991.855200 231.525000
23.640380 992.426400 244.030500
23.657230 1060.248000 255.444000
23.674190 1062.028800 245.973000
23.690060 1129.464000 249.280500
23.706910 1098.300000 210.000000
23.739260 1105.641600 220.395000
23.755980 1097.376000 238.749000
23.772580 1096.334400 243.526500
23.788700 1113.453600 241.080000
23.804930 1116.847200 232.701000
23.823850 1119.148800 222.988500
23.837520 1104.768000 212.572500
23.853390 1116.124800 218.673000
23.886230 1089.446400 203.700000
23.902950 1089.916800 232.239000
23.919310 1091.899200 222.915000
23.935550 1120.173600 181.587000
23.953250 1114.730400 160.461000
23.984860 1111.941600 176.158500
24.002080 1092.201600 202.650000
24.018070 1090.219200 212.152500
24.034300 1096.922400 183.813000
24.051150 1090.152000 182.259000
24.083860 1128.204000 194.754000
24.100340 1090.740000 188.538000
24.132690 1141.694400 205.684500
24.149780 1178.352000 191.761500
24.165890 1174.605600 205.086000
24.182250 1120.879200 235.200000
24.199100 1128.674400 254.625000
24.215330 1128.607200 254.898000
24.231570 1131.379200 273.105000
24.248170 1117.368000 219.513000
24.264400 1116.376800 223.713000
24.281620 1102.903200 242.109000
24.297240 928.536000 273.420000
24.313960 926.671200 300.247500
24.330200 641.726400 359.215500
24.346560 626.875200 345.187500
24.363160 623.162400 328.198500
24.379270 631.125600 307.114500
24.395870 642.062400 286.398000
24.412230 636.904800 260.473500
24.428710 613.519200 251.800500
24.445070 625.917600 265.650000
24.461430 629.664000 282.061500
24.480100 618.492000 282.334500
24.494510 615.669600 346.237500
24.510860 618.861600 359.667000
24.527340 603.338400 350.668500
24.543700 630.067200 315.588000
24.560180 626.522400 299.260500
24.576420 615.283200 290.283000
24.592770 668.942400 261.019500
24.625000 700.173600 253.491000
24.641970 691.958400 263.886000
24.674320 673.545600 278.943000
24.692140 737.436000 307.377000
24.724000 732.345600 256.189500
24.740720 705.112800 263.382000
24.773800 707.515200 254.730000
24.790040 740.745600 257.250000
24.822880 746.323200 258.604500
24.839600 796.152000 302.085000
24.856080 796.152000 302.085000
24.872190 819.000000 286.839000
24.888790 825.468000 296.940000
24.921510 816.631200 254.110500
24.938230 831.616800 255.538500
24.970830 812.448000 265.965000
24.987550 805.123200 311.157000
25.019780 791.632800 289.978500
25.036500 871.483200 277.378500
25.052860 871.348800 272.779500
25.069210 894.448800 292.435500
25.085820 891.307200 259.150500
25.102540 891.340800 257.733000
25.118650 899.522400 273.315000
25.135620 933.609600 267.120000
25.151980 933.021600 275.236500
25.167850 904.428000 277.872000
25.184810 883.327200 294.304500
25.200810 883.579200 290.986500
25.218380 878.757600 284.676000
25.233890 860.378400 294.000000
25.250000 860.445600 281.589000
25.266480 906.796800 223.545000
25.282710 940.060800 203.857500
25.299680 940.497600 198.870000
25.315800 1027.857600 241.731000
25.332280 1023.456000 261.807000
25.348630 1020.532800 280.497000
25.365360 1020.600000 220.899000
25.381350 1017.374400 225.613500
25.414430 982.346400 250.078500
25.431150 1001.162400 260.851500
25.463750 1034.947200 274.585500
25.480350 1027.504800 277.588500
25.496460 1025.556000 289.747500
25.513060 954.156000 309.960000
25.529420 721.778400 352.443000
25.546630 722.484000 356.559000
25.562260 597.004800 374.703000
25.578490 580.692000 342.184500
25.595210 576.374400 326.277000
25.611450 590.553600 321.930000
25.628050 598.449600 315.126000
25.646240 604.245600 337.795500
25.661500 597.844800 374.136000
25.677860 619.684800 467.848500
25.693970 617.887200 462.556500
25.709840 612.544800 453.327000
25.726440 593.527200 411.138000
25.742800 584.976000 379.837500
25.759160 556.046400 375.627000
25.775630 625.212000 396.858000
25.791870 629.193600 413.311500
25.808470 600.516000 403.147500
25.824830 600.919200 421.155000
25.857670 620.575200 389.655000
25.874020 591.813600 391.104000
25.890750 588.504000 378.514500
25.907100 585.782400 394.201500
25.923220 568.948800 397.026000
25.939820 571.116000 403.441500
25.955930 586.588800 402.601500
25.973020 602.817600 425.134500
25.988770 611.368800 456.382500
26.006710 570.292800 465.360000
26.022220 541.296000 473.644500
26.038450 537.331200 462.819000
26.054810 617.097600 481.740000
26.071290 582.472800 429.534000
26.087520 580.288800 422.173500
26.103760 584.371200 427.749000
26.120360 658.576800 404.964000
26.136720 660.760800 416.136000
26.152950 653.318400 441.976500
26.170040 645.758400 448.959000
26.185910 646.615200 452.665500
26.202880 650.227200 454.923000
26.219970 652.562400 476.196000
26.235600 649.286400 462.126000
26.252810 664.742400 452.539500
26.268920 640.886400 463.858500
26.285160 640.197600 460.404000
26.301880 626.808000 427.665000
26.317990 632.570400 448.612500
26.334230 630.537600 440.065500
26.350590 625.195200 390.295500
26.366940 638.450400 395.976000
26.383420 633.141600 372.540000
26.399900 628.202400 374.398500
26.416380 627.480000 389.791500
26.432620 632.906400 411.778500
26.448970 629.748000 452.067000
26.465580 646.447200 479.199000
26.481930 651.588000 501.228000
26.498540 642.432000 441.640500
26.514530 633.276000 444.759000
26.531130 625.783200 414.193500
26.547730 659.786400 404.050500
26.563960 700.072800 389.361000
26.581420 699.686400 386.442000
26.597170 701.752800 405.772500
26.614010 702.525600 429.796500
26.630130 705.163200 445.651500
26.646850 700.072800 442.680000
26.663570 704.188800 456.477000
26.695560 696.175200 416.629500
26.711790 701.500800 427.623000
26.745480 724.248000 446.586000
26.762330 686.414400 429.996000
26.794190 740.779200 433.251000
26.811040 792.792000 409.227000
26.827390 792.036000 396.826500
26.843750 806.500800 398.055000
26.861330 787.953600 362.680500
26.876950 787.903200 358.596000
26.893070 794.522400 354.165000
26.909300 808.231200 387.187500
26.925900 809.037600 403.756500
26.942140 799.562400 395.031000
26.958620 831.700800 407.242500
26.991460 807.408000 380.509500
27.008420 786.794400 401.425500
27.024410 787.432800 412.230000
27.040890 841.293600 430.458000
27.057620 838.807200 408.061500
27.073970 838.941600 415.737000
27.090330 900.295200 447.132000
27.108400 872.088000 414.991500
27.125610 872.289600 403.924500
27.141600 808.668000 432.505500
27.156010 896.481600 444.895500
27.172120 896.800800 437.766000
27.189210 836.740800 400.522500
27.205440 844.502400 392.616000
27.238040 827.030400 410.613000
27.254390 892.735200 395.451000
27.271120 892.987200 390.831000
27.287350 872.776800 415.275000
27.303960 849.676800 400.575000
27.321780 849.559200 404.460000
27.337040 966.655200 412.377000
27.353270 1045.615200 392.406000
27.369870 1046.354400 388.846500
27.385740 1027.773600 361.515000
27.402710 1012.771200 385.402500
27.418580 1012.334400 388.353000
27.435060 994.980000 404.050500
27.451780 1026.211200 412.041000
27.468020 1025.388000 416.188500
27.484500 1034.846400 408.198000
27.500730 1049.697600 391.471500
27.517460 1051.159200 383.439000
27.533810 1119.148800 406.665000
27.550290 1151.808000 396.438000
27.566770 1147.826400 408.723000
27.583130 1080.945600 410.182500
27.599610 1112.647200 438.270000
27.615720 1111.555200 441.525000
27.632450 1137.914400 416.755500
27.651000 1127.347200 455.395500
27.665530 1125.112800 462.640500
27.681760 1113.470400 429.219000
27.698120 1120.543200 472.395000
27.714480 1123.684800 461.947500
27.730960 1168.742400 443.341500
27.747190 1086.136800 410.298000
27.763670 1087.128000 406.644000
27.779790 1163.500800 391.807500
27.797610 1150.732800 414.351000
27.812870 1152.328800 409.741500
27.829220 801.662400 444.906000
27.846070 825.904800 415.569000
27.862670 825.619200 403.914000
27.878420 748.507200 407.925000
27.895020 818.781600 408.628500
27.911620 819.050400 415.863000
27.928100 796.454400 461.359500
27.944210 835.783200 430.479000
27.961060 835.749600 434.847000
27.976930 795.664800 448.728000
27.993650 789.045600 435.445500
28.010250 789.096000 436.243500
28.026610 644.968800 445.200000
28.042970 590.570400 456.624000
28.075810 587.630400 424.588500
28.092290 587.529600 454.198500
28.125370 594.182400 412.450500
28.141970 572.510400 460.047000
28.174440 605.992800 461.307000
28.191280 587.260800 400.302000
28.207400 590.335200 411.211500
28.223510 569.268000 461.170500
28.240110 588.151200 526.060500
28.257450 589.360800 529.525500
28.273800 560.649600 462.325500
28.290410 588.840000 467.029500
28.306760 587.630400 463.554000
28.323850 589.008000 524.212500
28.339230 584.169600 498.613500
28.355100 585.194400 502.110000
28.371580 635.157600 473.802000
28.388310 649.807200 446.512500
28.404420 645.523200 427.801500
28.420900 614.762400 476.290500
28.437740 644.632800 476.406000
28.454100 645.405600 479.787000
28.470460 656.409600 415.149000
28.486820 669.278400 436.474500
28.505490 670.857600 444.244500
28.521850 652.176000 436.390500
28.537230 672.806400 455.290500
28.552120 669.429600 438.921000
28.568850 786.206400 428.694000
28.586060 788.911200 392.626500
28.602420 787.147200 369.264000
28.618650 802.720800 408.691500
28.635380 811.473600 398.937000
28.652830 812.162400 412.156500
28.668210 785.618400 374.083500
28.685060 794.976000 369.978000
28.701050 795.261600 373.905000
28.717530 789.734400 365.862000
28.734010 794.472000 399.021000
28.754760 794.774400 403.252500
28.765750 821.620800 375.532500
28.782590 785.584800 360.486000
28.798580 785.500800 359.226000
28.815060 820.848000 415.632000
28.831670 872.390400 428.893500
28.848020 872.239200 440.622000
28.863890 898.833600 432.327000
28.883300 925.764000 412.461000
28.899660 925.680000 413.700000
28.915770 906.192000 434.311500
28.930300 920.522400 412.807500
28.962650 896.616000 430.395000
28.979490 781.905600 452.592000
29.012080 525.638400 534.901500
29.028200 570.813600 777.472500
29.061650 524.193600 521.640000
29.225710 601.893600 508.399500
29.243770 604.884000 518.059500
29.258420 626.539200 534.891000
29.275150 639.290400 559.975500
29.294070 642.784800 572.670000
29.307620 602.044800 573.678000
29.324100 589.260000 602.154000
29.340090 582.321600 582.624000
29.356450 625.615200 543.900000
29.372920 613.569600 514.027500
29.390010 605.791200 487.200000
29.405640 609.856800 464.499000
29.422240 601.591200 452.308500
29.438840 607.521600 472.762500
29.455080 583.111200 490.812000
29.471560 608.613600 563.776500
29.488040 614.157600 581.080500
29.505130 557.709600 583.264500
29.520870 538.540800 556.479000
29.537230 533.551200 544.005000
29.553590 590.184000 558.799500
29.570070 524.664000 574.350000
29.586550 524.664000 574.350000
29.602780 532.022400 537.495000
29.619380 555.475200 544.939500
29.652100 595.442400 518.112000
29.668580 675.376800 545.874000
29.685060 673.797600 538.902000
29.701290 690.110400 510.930000
29.717770 690.060000 497.080500
29.734620 688.665600 489.867000
29.750730 690.463200 495.883500
29.767330 746.407200 485.341500
29.783570 747.314400 492.576000
29.799930 845.208000 472.636500
29.817750 833.884800 533.221500
29.834720 833.716800 529.662000
29.850710 831.028800 473.581500
29.865970 806.584800 496.072500
29.882080 805.761600 481.782000
30.112920 934.651200 431.970000
30.130000 933.760800 439.026000
30.145510 958.860000 441.021000
30.164430 974.853600 440.391000
30.178340 972.182400 459.480000
30.194700 949.754400 473.959500
30.211180 972.988800 497.007000
30.227170 972.888000 497.742000
30.243900 1029.201600 446.922000
30.260010 908.056800 516.033000
30.292970 941.421600 513.975000
30.309330 937.960800 474.537000
30.325810 938.515200 470.788500
30.342410 1061.608800 482.485500
30.358640 1125.667200 453.957000
30.375120 1125.818400 453.390000
30.391480 1055.325600 467.365500
30.407840 1049.949600 518.112000
30.424320 1046.640000 532.014000
30.440670 1070.428800 572.281500
30.457280 1073.856000 538.807500
30.473750 1074.763200 535.552500
30.490360 1069.185600 503.422500
30.506840 1007.916000 508.504500
30.523440 1010.486400 494.560500
30.539550 669.228000 555.229500
30.556270 632.637600 569.845500
30.589230 647.824800 572.890500
30.605960 643.473600 570.402000
30.622560 644.296800 573.846000
30.638310 672.117600 544.656000
30.655270 638.500800 558.736500
30.671260 637.576800 555.271500
30.687870 575.769600 545.055000
30.704470 574.728000 549.454500
30.720950 573.417600 546.136500
30.736940 578.104800 581.175000
30.753780 549.427200 527.562000
30.770260 545.496000 516.379500
30.786380 529.754400 527.992500
30.803100 536.390400 534.009000
30.821170 541.111200 546.168000
30.835820 557.440800 600.526500
30.852050 571.804800 627.249000
30.868530 579.415200 646.464000
30.884770 612.847200 633.916500
30.901250 595.660800 650.674500
30.917240 593.611200 645.214500
30.933720 585.715200 663.022500
30.950200 568.579200 676.777500
30.966310 566.378400 671.643000
30.982790 539.851200 630.745500
30.999150 564.984000 624.750000
31.015630 568.360800 633.024000
31.032960 610.797600 696.580500
31.048580 602.431200 668.661000
31.064940 603.388800 671.380500
31.081420 585.429600 649.393500
31.097900 556.180800 637.140000
31.114260 551.460000 625.968000
31.130860 538.171200 668.766000
31.147220 530.863200 650.716500
31.164060 528.040800 644.658000
31.180790 531.232800 640.983000
31.197020 533.366400 626.367000
31.213380 532.005600 623.206500
31.229490 627.866400 602.007000
31.245970 672.100800 569.352000
31.265140 672.772800 572.470500
31.280760 708.674400 610.197000
31.295290 706.305600 601.440000
31.312130 705.717600 598.426500
31.328740 691.521600 610.638000
31.345340 677.241600 580.345500
31.363160 676.368000 576.933000
31.377690 671.781600 557.833500
31.394530 711.597600 615.961500
31.410640 714.067200 628.551000
31.427250 782.409600 617.200500
31.443850 771.439200 621.862500
31.459960 771.624000 624.298500
31.478270 769.171200 638.830500
31.492920 769.490400 630.042000
31.509400 769.826400 632.058000
31.525630 768.432000 638.746500
31.542110 778.243200 651.420000
31.558470 778.948800 657.720000
31.574830 788.810400 663.222000
31.591430 790.440000 656.029500
31.607910 790.725600 658.707000
31.624150 796.891200 666.834000
31.641850 837.278400 657.342000
31.657230 837.093600 648.364500
31.673710 937.120800 615.384000
31.692380 954.441600 613.966500
31.706670 956.844000 596.505000
31.722900 956.440800 590.929500
31.739380 954.508800 569.719500
31.755860 953.332800 579.117000
31.772220 934.852800 589.501500
31.788820 944.630400 601.282500
31.807740 943.370400 610.690500
31.821530 910.207200 596.368500
31.838130 911.652000 591.276000
31.854740 912.391200 582.036000
31.870850 908.460000 580.807500
31.887570 922.555200 580.576500
31.903560 923.160000 573.909000
31.920170 969.175200 584.755500
31.936280 1033.956000 569.845500
31.952390 1033.233600 572.943000
31.968380 1073.856000 579.726000
31.985230 1034.796000 572.512500
32.001950 1033.200000 579.306000
32.018550 1074.326400 604.285500
32.034790 1037.349600 594.069000
32.067380 1066.900800 589.102500
32.083980 1076.527200 549.706500
32.100220 1078.476000 542.818500
32.116700 1064.767200 567.787500
32.133060 1067.572800 559.324500
32.165650 1031.923200 573.405000
32.182620 1047.799200 566.443500
32.198850 1046.119200 573.132000
32.215450 1114.780800 611.016000
32.231810 1122.928800 614.943000
32.265990 1132.975200 627.007500
32.281250 1130.488800 629.811000
32.298100 1129.413600 632.436000
32.314330 1126.507200 653.793000
32.331300 1118.208000 666.246000
32.348390 1116.108000 671.622000
32.363530 1104.482400 603.246000
32.380490 875.666400 661.185000
32.398560 875.817600 658.518000
32.416020 646.094400 666.939000
32.429690 640.533600 623.679000
32.445920 640.500000 623.521500
32.464970 647.001600 641.980500
32.478880 633.057600 645.519000
32.495360 631.075200 639.282000
32.511840 619.836000 646.863000
32.528200 621.885600 655.347000
32.544560 620.138400 650.191500
32.561160 537.902400 617.578500
32.581180 571.771200 635.292000
32.594120 574.224000 641.434500
32.609380 580.893600 643.324500
32.625980 588.352800 638.568000
32.658810 571.048800 613.599000
32.675780 562.128000 597.880500
32.708010 546.268800 624.519000
32.724730 561.422400 645.981000
32.757570 552.216000 666.267000
32.773930 674.268000 659.410500
32.807130 673.579200 657.510000
32.823240 696.276000 659.295000
32.839720 697.485600 664.513500
32.856080 692.428800 676.893000
32.872560 668.572800 687.613500
32.889280 666.909600 681.765000
32.905400 698.476800 627.816000
32.922000 668.186400 606.522000
32.938600 665.196000 594.678000
32.954590 705.566400 569.467500
32.971070 673.293600 598.479000
32.987430 675.427200 607.162500
33.003660 686.313600 618.807000
33.020140 677.896800 653.919000
33.036380 677.863200 653.751000
33.053100 686.784000 727.975500
33.069340 708.943200 711.921000
33.085820 709.581600 714.672000
33.102050 727.339200 699.111000
33.118900 732.144000 750.624000
33.135010 733.672800 757.806000
33.151860 726.936000 754.792500
33.167970 727.053600 750.424500
33.184810 726.482400 747.768000
33.201050 712.000800 749.563500
33.217160 700.526400 766.741500
33.233640 699.350400 762.426000
33.250240 507.276000 802.179000
33.266480 539.397600 794.020500
33.299560 587.563200 787.794000
33.316160 565.101600 788.581500
33.332400 566.311200 790.797000
33.348750 590.956800 781.263000
33.365360 605.472000 752.608500
33.381590 600.398400 740.292000
33.397830 553.106400 743.757000
33.414670 584.858400 709.852500
33.431150 589.176000 719.964000
33.449950 591.763200 724.836000
33.465210 571.082400 785.494500
33.480960 569.755200 782.974500
33.497070 572.460000 836.419500
33.517090 583.884000 798.420000
33.531010 577.264800 785.190000
33.547240 575.282400 825.867000
33.566040 556.500000 789.054000
33.595700 598.298400 779.152500
33.612430 596.584800 792.970500
33.628910 599.205600 798.672000
33.645140 586.689600 824.838000
33.664670 596.803200 799.386000
33.679080 598.281600 802.494000
33.694210 582.691200 834.319500
33.710570 591.040800 814.453500
33.726930 592.435200 817.131000
33.743290 599.155200 821.625000
33.759890 601.339200 807.859500
33.776370 605.102400 815.682000
33.792600 585.009600 806.494500
33.809450 609.134400 816.585000
33.825810 608.227200 814.747500
33.841920 616.324800 859.372500
33.859010 623.683200 834.739500
33.875240 620.088000 826.087500
33.892460 649.840800 780.318000
33.907840 635.056800 781.410000
33.924560 634.368000 779.446500
33.940310 630.957600 763.833000
33.957400 625.665600 764.914500
33.973630 626.606400 767.382000
33.989990 615.232800 748.660500
34.006710 612.460800 726.894000
34.022710 614.241600 731.115000
34.039060 585.328800 775.131000
34.055420 588.016800 789.715500
34.072270 595.996800 806.284500
34.088750 610.327200 786.492000
34.104860 597.525600 792.057000
34.121580 594.367200 785.043000
34.137940 542.304000 792.015000
34.154540 548.469600 817.414500
