0.000000 928.116000 558.106500
0.016600 928.401600 554.316000
0.032840 784.996800 380.583000
0.050660 773.102400 373.957500
0.066890 771.775200 358.081500
0.083500 792.825600 378.231000
0.099980 772.447200 388.647000
0.116460 772.094400 384.678000
0.133060 808.516800 371.500500
0.147950 821.536800 346.573500
0.164790 821.671200 350.553000
0.181150 807.240000 362.901000
0.197020 779.066400 383.848500
0.214360 780.393600 400.480500
0.233520 784.996800 343.906500
0.247560 823.468800 364.539000
0.263430 822.864000 351.697500
0.279540 751.716000 379.396500
0.295780 872.424000 387.282000
0.312130 872.726400 371.154000
0.328370 840.823200 384.678000
0.345460 864.427200 356.853000
0.361210 864.561600 360.990000
0.377930 846.669600 406.329000
0.394170 861.369600 451.458000
0.410640 861.252000 466.494000
0.427120 825.888000 421.270500
0.443480 841.041600 429.912000
0.476440 846.249600 439.939500
0.492800 857.824800 405.856500
0.509160 857.740800 412.398000
0.525760 800.251200 251.233500
0.543820 797.647200 284.497500
0.560910 798.806400 306.999000
0.576290 799.612800 338.866500
0.594240 794.959200 324.733500
0.607790 794.472000 316.365000
0.624510 802.015200 291.984000
0.640630 678.316800 299.733000
0.673710 440.731200 301.875000
0.690310 448.106400 303.996000
0.706790 439.471200 281.484000
0.723750 459.228000 243.106500
0.739990 390.532800 212.625000
0.756710 390.717600 211.564500
0.772830 413.464800 248.514000
0.790770 411.952800 287.395500
0.805420 426.921600 323.484000
0.822020 441.100800 371.049000
0.838260 459.950400 351.718500
0.854980 449.400000 325.164000
0.871340 420.688800 229.803000
0.888180 385.879200 205.380000
0.904660 380.301600 191.625000
0.920040 397.437600 216.457500
0.936520 406.375200 234.927000
0.953000 419.630400 267.676500
0.969360 419.680800 296.604000
0.985840 433.238400 300.394500
1.002200 435.002400 304.794000
1.018800 426.484800 318.171000
1.035520 417.463200 357.262500
1.052000 413.884800 349.104000
1.067870 391.288800 310.264500
1.084470 372.674400 318.496500
1.101200 374.556000 322.507500
1.117310 368.642400 347.077500
1.133670 403.519200 366.838500
1.150020 405.400800 371.038500
1.166260 412.893600 283.426500
1.183230 391.053600 272.412000
1.199580 389.222400 267.981000
1.215940 418.689600 345.429000
1.232180 411.364800 320.806500
1.248900 415.027200 329.343000
1.265140 426.686400 319.767000
1.282230 433.221600 324.880500
1.314450 421.377600 323.389500
1.331420 414.052800 343.371000
1.347290 406.375200 325.762500
1.363890 391.860000 304.353000
1.380370 382.267200 293.863500
1.396850 374.455200 276.286500
1.413090 359.553600 302.757000
1.429930 386.013600 281.305500
1.446040 393.640800 298.788000
1.462770 392.464800 336.084000
1.479490 424.552800 345.093000
1.495730 431.911200 362.365500
1.512450 435.808800 352.170000
1.528930 407.937600 353.493000
1.545040 411.146400 360.675000
1.564090 401.217600 368.256000
1.578250 409.432800 368.938500
1.610470 410.860800 364.129500
1.627200 424.754400 375.868500
1.645020 416.421600 356.800500
1.664550 379.327200 348.894000
1.677120 381.780000 333.354000
1.692870 379.831200 329.133000
1.708500 415.161600 330.718500
1.724980 401.066400 363.993000
1.741460 411.583200 386.925000
1.758790 400.982400 365.683500
1.775760 423.763200 385.507500
1.807500 397.807200 392.070000
1.824460 406.022400 382.609500
1.840940 404.359200 379.197000
1.857180 393.271200 376.404000
1.873900 425.056800 378.252000
1.906490 407.534400 349.933500
1.922610 511.492800 318.360000
1.938840 506.150400 302.242500
1.955080 889.123200 284.340000
1.972900 857.253600 318.685500
2.006100 846.468000 354.060000
2.023190 856.430400 342.384000
2.056520 859.521600 326.497500
2.072140 854.884800 321.163500
2.104610 820.377600 320.817000
2.120850 869.248800 316.218000
2.138430 869.366400 308.122500
2.154790 903.084000 313.320000
2.170650 883.696800 298.126500
2.187380 883.932000 290.073000
2.205200 873.146400 292.771500
2.219970 866.023200 284.917500
2.252810 856.447200 291.112500
2.269290 857.606400 294.136500
2.302370 852.028800 289.831500
2.319210 832.876800 292.813500
2.335330 833.028000 300.856500
2.351680 815.236800 312.196500
2.368410 816.043200 319.462500
2.384640 816.345600 327.484500
2.400150 901.807200 329.332500
2.417240 865.368000 339.843000
2.433960 865.183200 343.854000
2.450070 889.207200 341.974500
2.466800 893.592000 335.979000
2.483030 893.743200 332.041500
2.498780 870.979200 317.425500
2.515990 867.535200 299.607000
2.531980 867.736800 283.101000
2.548710 875.515200 276.202500
2.565550 869.920800 287.458500
2.599850 893.071200 274.806000
2.615970 869.316000 268.821000
2.632690 869.198400 277.032000
2.649660 835.262400 295.963500
2.663820 800.856000 302.767500
2.680910 801.276000 310.915500
2.696410 810.028800 295.470000
2.714230 814.077600 282.712500
2.747920 814.968000 316.165500
2.762330 816.580800 315.598500
2.795410 817.807200 300.499500
2.812380 815.018400 300.174000
2.845460 804.501600 289.905000
2.862670 831.516000 293.758500
2.894170 844.485600 288.109500
2.910640 845.779200 288.393000
2.943120 832.809600 306.873000
2.959840 807.525600 302.589000
2.991460 824.124000 301.759500
3.007690 834.607200 317.677500
3.041630 823.704000 303.534000
3.057620 814.665600 307.912500
3.091060 810.112800 316.428000
3.107060 807.979200 319.987500
3.140380 811.574400 300.405000
3.156370 798.789600 322.885500
3.189210 829.936800 307.156500
3.205930 816.732000 288.183000
3.239260 852.415200 296.551500
3.255490 825.484800 294.262500
3.288570 823.317600 281.935500
3.307130 822.225600 290.346000
3.337400 957.818400 306.684000
3.353520 1178.520000 320.764500
3.387210 1254.657600 265.429500
3.403930 1271.575200 269.178000
3.420040 1269.828000 273.451500
3.435180 1262.805600 275.341500
3.452510 1232.061600 281.053500
3.468380 1228.936800 289.789500
3.484620 1231.272000 337.911000
3.501220 1245.199200 343.602000
3.534300 1251.331200 374.136000
3.551270 1247.887200 369.064500
3.583370 1259.311200 313.047000
3.600220 1259.916000 319.021500
3.632450 1260.722400 312.837000
3.682130 1270.886400 316.816500
3.699100 1263.528000 313.498500
3.732540 1244.308800 320.302500
3.748660 1257.631200 322.129500
3.781490 1231.843200 337.470000
3.797360 1233.808800 337.995000
3.830570 1265.728800 341.071500
3.846440 1236.530400 340.956000
3.879520 1269.542400 317.163000
3.896120 1303.797600 321.646500
3.928830 1298.707200 339.045000
3.945920 1294.255200 330.403500
3.978390 1287.484800 332.020500
3.995120 1281.352800 329.941500
4.026490 1271.978400 344.368500
4.042850 1253.952000 353.209500
4.076780 1236.480000 377.706000
4.092040 1238.563200 321.310500
4.126590 1242.074400 346.437000
4.141850 1241.688000 372.393000
4.175900 1245.703200 339.643500
4.191770 1263.158400 334.771500
4.224730 1268.820000 316.407000
4.240600 1277.992800 305.592000
4.273560 1249.248000 302.400000
4.289920 1260.016800 274.197000
4.323000 1253.532000 363.268500
4.339230 1250.944800 323.043000
4.371580 1259.412000 367.237500
4.388550 1274.868000 360.045000
4.420650 1264.519200 356.055000
4.437870 1267.929600 363.268500
4.470340 1276.447200 328.156500
4.487790 1275.590400 320.344500
4.520020 1230.986400 292.551000
4.535640 1126.759200 367.353000
4.569700 561.926400 498.256500
4.583860 470.736000 481.929000
4.601930 469.156800 478.233000
4.618160 507.931200 492.796500
4.635250 482.546400 514.101000
4.651370 476.515200 500.608500
4.667970 504.672000 445.956000
4.684450 501.026400 466.945500
4.700440 498.304800 460.162500
4.718020 406.173600 549.496500
4.731570 403.300800 549.969000
4.747800 408.475200 559.167000
4.764400 397.840800 477.729000
4.780880 387.643200 521.073000
4.797240 395.203200 534.481500
4.813600 426.585600 539.784000
4.830930 410.306400 538.597500
4.847050 406.291200 531.394500
4.862920 441.084000 500.976000
4.879760 410.776800 521.724000
4.896000 405.064800 511.339500
4.912350 429.357600 497.406000
4.928830 441.856800 530.260500
4.945070 442.411200 531.373500
4.961670 432.247200 529.903500
4.978150 425.107200 517.356000
4.994750 416.203200 499.894500
5.010620 396.127200 505.638000
5.027100 369.936000 482.769000
5.045040 367.029600 477.361500
5.059810 377.076000 485.646000
5.076540 371.414400 492.481500
5.093750 374.186400 497.395500
5.110110 369.012000 505.365000
5.126460 344.450400 511.812000
5.143190 348.835200 519.540000
5.159420 400.360800 536.371500
5.175660 415.867200 499.894500
5.191530 422.469600 512.484000
5.208370 417.312000 526.795500
5.225340 393.590400 497.406000
5.241460 387.912000 486.843000
5.257930 407.433600 475.807500
5.275150 404.695200 473.812500
5.290770 408.710400 481.635000
5.306880 419.781600 531.783000
5.323970 427.963200 530.271000
5.340330 432.969600 539.878500
5.356570 401.284800 545.191500
5.375730 424.452000 572.040000
5.389280 428.013600 578.455500
5.405760 430.012800 558.988500
5.422490 422.032800 534.009000
5.438720 420.252000 530.617500
5.454830 389.743200 517.923000
5.471310 422.805600 527.425500
5.487920 420.991200 523.992000
5.504150 414.943200 536.739000
5.520020 401.671200 568.302000
5.536500 405.417600 574.759500
5.552860 415.716000 573.741000
5.570070 429.391200 587.307000
5.602290 432.684000 531.751500
5.618900 410.911200 532.507500
5.651610 420.117600 576.460500
5.668090 418.605600 574.707000
5.701660 434.061600 552.006000
5.717410 417.799200 563.713500
5.750120 421.444800 562.285500
5.766720 436.212000 569.509500
5.799560 425.325600 556.773000
5.817380 430.315200 558.495000
5.848750 454.171200 557.434500
5.865480 423.410400 559.335000
5.898070 402.931200 542.094000
5.914670 422.049600 563.514000
5.947140 441.688800 565.992000
5.963750 443.284800 538.419000
5.996460 454.053600 542.524500
6.012940 451.668000 557.508000
6.045780 439.202400 557.938500
6.062620 426.955200 565.099500
6.094850 422.788800 566.527500
6.111570 432.163200 558.516000
6.128300 427.207200 548.940000
6.144410 413.968800 529.420500
6.161250 413.112000 517.786500
6.177610 400.209600 493.552500
6.193850 391.994400 484.911000
6.210570 384.585600 471.492000
6.226810 387.676800 477.099000
6.242680 417.799200 490.644000
6.259520 416.169600 517.177500
6.276120 431.020800 545.349000
6.292110 421.780800 548.394000
6.308960 489.938400 593.575500
6.341430 810.364800 516.568500
6.358890 760.888800 533.715000
6.374760 759.830400 523.960500
6.391240 781.502400 521.619000
6.407590 782.157600 503.832000
6.423830 782.628000 508.819500
6.440430 778.243200 507.328500
6.456790 779.167200 555.639000
6.474000 778.612800 550.830000
6.489500 870.559200 497.826000
6.505980 852.112800 476.574000
6.522460 852.146400 447.562500
6.538820 825.988800 446.533500
6.555540 822.763200 439.792500
6.571530 823.317600 455.437500
6.587890 823.166400 477.939000
6.604490 830.844000 488.113500
6.621580 830.407200 476.899500
6.637210 839.328000 469.528500
6.653930 815.673600 468.552000
6.670530 814.497600 441.042000
6.687010 818.916000 416.608500
6.703610 805.610400 395.892000
6.719480 806.164800 402.622500
6.735840 810.751200 451.111500
6.752560 805.946400 474.600000
6.769410 807.727200 506.194500
6.785400 803.073600 484.596000
6.806270 835.296000 513.187500
6.834720 816.664800 496.744500
6.850950 819.487200 502.141500
6.884160 810.818400 491.746500
6.900760 820.226400 515.245500
6.916750 820.411200 518.028000
6.932860 832.389600 500.965500
6.949460 838.404000 513.471000
6.966060 838.118400 498.781500
6.982420 827.080800 451.332000
6.998780 829.752000 454.923000
7.020510 829.365600 441.136500
7.032840 833.212800 428.851500
7.047970 817.286400 412.324500
7.081910 786.357600 419.023500
7.098270 850.668000 421.470000
7.114620 850.701600 432.768000
7.131350 836.589600 474.694500
7.148440 843.410400 482.506500
7.162840 843.612000 497.395500
7.179200 812.683200 536.266500
7.196040 819.285600 507.276000
7.228880 846.669600 521.997000
7.245240 834.590400 504.619500
7.277950 827.500800 476.563500
7.294800 837.026400 465.402000
7.327270 793.514400 471.733500
7.343750 845.560800 477.382500
7.376950 851.474400 471.082500
7.393310 840.907200 464.289000
7.426390 833.548800 498.309000
7.443970 839.714400 494.214000
7.480590 853.944000 494.728500
7.491700 853.339200 495.022500
7.524660 838.656000 519.571500
7.541020 843.981600 458.409000
7.557500 844.065600 465.171000
7.573850 865.082400 476.175000
7.590330 811.759200 500.031000
7.623410 823.418400 517.713000
7.639650 810.448800 521.461500
7.656010 810.096000 515.140500
7.672610 827.047200 503.643000
7.688840 837.295200 502.792500
7.705440 836.858400 478.936500
7.721560 843.024000 430.248000
7.738530 850.231200 396.868500
7.754640 850.046400 388.468500
7.771240 839.596800 433.555500
7.789790 835.430400 454.272000
7.804440 836.136000 486.591000
7.820430 848.148000 483.294000
7.836670 844.536000 471.366000
7.853640 844.468800 455.322000
7.869260 822.074400 428.505000
7.888920 836.052000 397.309500
7.902470 835.581600 372.603000
7.918820 827.904000 416.734500
7.935420 884.536800 437.640000
7.968260 1370.678400 395.409000
7.984620 1310.349600 394.747500
8.000980 1298.203200 419.685000
8.017700 1308.249600 414.204000
8.033940 1290.105600 489.678000
8.050420 1271.037600 526.711500
8.066650 1255.732800 538.975500
8.083620 1278.412800 521.377500
8.115840 1273.087200 518.773500
8.132810 1253.532000 509.953500
8.165410 1272.331200 506.121000
8.182010 1293.482400 533.347500
8.198000 1299.026400 523.593000
8.213990 1277.673600 505.186500
8.231080 1268.164800 511.812000
8.247190 1274.700000 498.792000
8.263550 1284.662400 456.025500
8.280150 1306.485600 468.100500
8.312990 1298.808000 506.520000
8.330570 1266.031200 496.608000
8.362430 1285.082400 480.952500
8.378780 1284.780000 481.456500
8.411620 1291.147200 481.530000
8.428220 1293.163200 480.868500
8.461060 1278.345600 496.429500
8.477540 1289.416800 503.947500
8.511600 1325.066400 495.988500
8.528080 1316.599200 507.759000
8.551510 1330.022400 484.291500
8.560910 1324.243200 428.022000
8.575810 1322.328000 409.342500
8.592770 1326.175200 401.131500
8.608520 1328.611200 413.878500
8.625240 1306.922400 444.423000
8.641970 1290.458400 476.836500
8.657960 1297.581600 484.449000
8.674560 1294.356000 503.947500
8.707640 1326.948000 503.254500
8.724000 1318.245600 482.737500
8.756470 1286.342400 480.396000
8.773560 1308.400800 475.356000
8.789060 1306.956000 478.170000
8.805420 1291.953600 498.036000
8.822270 1322.932800 473.361000
8.838500 1324.965600 469.507500
8.854980 1294.591200 490.833000
8.873780 1285.368000 479.829000
8.890630 1284.796800 480.963000
8.904540 1298.337600 502.036500
8.921140 1321.118400 485.740500
8.953860 1336.339200 481.488000
8.970580 1346.990400 490.927500
9.003300 1302.672000 464.058000
9.019780 1322.596800 468.898500
9.052610 1306.233600 467.271000
9.068970 1293.415200 461.097000
9.085080 1299.345600 449.641500
9.102420 1304.402400 446.344500
9.118530 1300.874400 409.342500
9.134640 1308.417600 393.708000
9.150760 854.011200 516.558000
9.169680 573.081600 670.267500
9.201900 466.855200 650.086500
9.216550 482.328000 639.324000
9.233030 486.897600 648.039000
9.249760 457.413600 655.420500
9.265870 495.801600 687.823500
9.282840 502.034400 699.195000
9.298830 362.560800 748.492500
9.315550 394.212000 760.536000
9.348270 382.284000 767.655000
9.364870 354.614400 754.561500
9.397340 379.260000 750.970500
9.414180 374.001600 773.482500
9.446780 376.320000 788.823000
9.463500 367.852800 790.860000
9.495970 355.924800 790.051500
9.512700 397.303200 773.062500
9.531860 402.561600 779.698500
9.545040 401.486400 751.369500
9.561650 426.417600 754.309500
9.578250 428.215200 756.766500
9.593990 358.629600 736.081500
9.610720 381.578400 744.187500
9.627560 374.085600 734.695500
9.644780 386.652000 740.575500
9.660160 391.423200 732.700500
9.692870 377.882400 746.886000
9.709590 391.994400 750.057000
9.743530 377.899200 759.612000
9.760130 366.844800 756.304500
9.791630 372.624000 746.928000
9.808960 353.976000 728.353500
9.840820 368.793600 732.816000
9.861330 384.266400 743.778000
9.892330 392.246400 757.837500
9.906980 375.748800 763.182000
9.939700 355.756800 723.912000
9.956420 354.849600 741.426000
9.972780 348.280800 733.614000
9.989140 351.506400 764.809500
10.005860 349.960800 746.970000
10.022220 341.409600 736.879500
10.038210 340.435200 749.500500
10.054930 339.444000 688.233000
10.070920 345.844800 696.318000
10.087400 352.900800 721.465500
10.103880 330.792000 713.853000
10.119870 339.897600 724.794000
10.136470 345.475200 737.940000
10.152830 348.532800 736.995000
10.186040 356.512800 736.869000
10.202510 377.983200 751.548000
10.218870 371.683200 743.778000
10.234990 343.224000 734.433000
10.251830 342.484800 739.221000
10.267700 340.132800 736.617000
10.284180 344.181600 758.992500
10.301880 394.346400 746.424000
10.317260 396.379200 749.196000
10.333980 341.191200 714.399000
10.351680 321.165600 691.005000
10.367920 322.744800 693.094500
10.384400 334.521600 676.662000
10.400760 365.484000 731.923500
10.418950 374.169600 742.791000
10.432250 388.802400 746.466000
10.448850 402.393600 726.400500
10.465700 403.972800 728.910000
10.481570 411.465600 763.056000
10.497920 418.656000 770.217000
10.517330 424.132800 777.199500
10.531130 433.440000 771.981000
10.547490 402.696000 773.209500
10.564210 389.239200 756.252000
10.580320 352.581600 716.719500
10.596920 324.861600 705.421500
10.613530 318.544800 697.998000
10.631230 436.128000 710.524500
10.646240 653.486400 711.406500
10.662480 656.980800 722.326500
10.679080 863.385600 735.934500
10.695190 806.652000 717.517500
10.712040 807.021600 722.274000
10.728270 775.152000 736.333500
10.744510 781.284000 762.384000
10.761350 781.872000 766.899000
10.777220 782.964000 764.074500
10.793950 787.248000 756.640500
10.827030 832.792800 732.343500
10.844360 809.995200 746.970000
10.859860 809.256000 739.651500
10.875730 835.329600 696.538500
10.892460 847.089600 684.432000
10.908810 847.140000 676.557000
10.925170 870.542400 673.354500
10.941770 857.875200 666.550500
10.958500 857.841600 672.525000
10.974370 814.984800 750.855000
10.990970 840.084000 722.463000
11.024050 855.405600 719.859000
11.040410 837.379200 723.597000
11.056880 837.564000 725.949000
11.074100 844.922400 725.823000
11.089600 842.856000 739.231500
11.105830 842.788800 741.730500
11.122310 832.322400 685.450500
11.138920 836.068800 683.980500
11.155150 836.052000 683.833500
11.172490 846.333600 692.779500
11.188350 849.038400 686.521500
11.204590 849.088800 691.635000
11.221070 823.821600 715.680000
11.237550 817.555200 749.007000
11.270260 805.224000 728.101500
11.287110 839.042400 737.971500
11.303100 838.908000 733.225500
11.319210 849.240000 717.381000
11.335330 883.394400 707.878500
11.352170 883.629600 703.017000
11.368770 880.135200 680.001000
11.385010 879.328800 682.437000
11.417720 837.681600 666.445500
11.434330 828.139200 696.664500
11.467530 834.523200 733.855500
11.483760 819.268800 714.766500
11.501710 819.672000 721.885500
11.516480 849.844800 745.731000
11.533330 818.764800 751.894500
11.549800 819.067200 754.446000
11.565920 819.168000 757.165500
11.582760 845.107200 739.357500
11.599120 845.056800 736.785000
11.616820 822.192000 735.084000
11.631840 835.699200 765.576000
11.648320 835.934400 772.674000
11.664670 843.696000 762.783000
11.681150 848.366400 751.138500
11.697630 848.316000 746.308500
11.713620 814.900800 781.284000
11.730710 837.816000 747.390000
11.747070 837.681600 742.717500
11.763310 828.424800 709.968000
11.779540 825.904800 686.910000
11.796260 825.686400 681.880500
11.812380 837.900000 709.527000
11.829220 823.636800 738.129000
11.861690 872.793600 722.011500
11.878300 936.196800 714.241500
11.910890 1268.097600 714.871500
11.927610 1330.543200 746.854500
11.944090 1324.831200 753.585000
11.960330 1289.685600 779.908500
11.976810 1313.961600 777.189000
11.992920 1306.502400 786.219000
12.009160 1284.948000 778.155000
12.025880 1263.931200 769.534500
12.042240 1269.004800 762.562500
12.059200 1266.837600 735.892500
12.075200 1294.120800 723.355500
12.091670 1301.092800 713.695500
12.108280 1299.446400 720.982500
12.125980 1322.311200 735.126000
12.142330 1324.444800 732.532500
12.161990 1306.552800 724.132500
12.175290 1335.784800 716.898000
12.190920 1332.139200 721.077000
12.207280 1279.336800 740.365500
12.223390 1320.446400 752.419500
12.240110 1314.364800 760.210500
12.256470 1292.659200 769.398000
12.275880 1309.509600 747.295500
12.289180 1316.716800 738.013500
12.305420 1327.267200 682.143000
12.322020 1327.216800 683.403000
12.354610 1308.720000 692.580000
12.371220 1302.789600 711.900000
12.403810 1307.896800 694.260000
12.420530 1306.788000 693.934500
12.453610 1315.020000 700.329000
12.470090 1311.643200 685.324500
12.502080 1313.692800 757.806000
12.519040 1317.960000 757.396500
12.536010 1316.112000 759.643500
12.552000 1286.762400 747.799500
12.568600 1297.917600 759.024000
12.584840 1296.372000 761.355000
12.601200 1309.240800 773.871000
12.617680 1312.886400 769.377000
12.634030 1316.548800 764.883000
12.650630 1321.068000 659.956500
12.666990 1335.549600 660.712500
12.683840 1333.483200 663.316500
12.699830 1335.902400 673.879500
12.719600 1348.250400 665.668500
12.732670 1346.452800 668.398500
12.748660 1320.412800 729.529500
12.764890 1318.934400 725.277000
12.781620 1322.630400 720.426000
12.797850 1330.963200 754.918500
12.815430 1317.271200 764.914500
12.847170 1316.649600 754.876500
12.863890 1296.708000 737.278500
12.879760 1302.739200 729.498000
12.896850 1305.225600 735.861000
12.913820 1340.505600 711.490500
12.929810 1337.448000 715.596000
12.945920 1334.424000 737.299500
12.962280 1304.553600 755.275500
12.978880 1292.776800 770.395500
12.995000 1315.658400 769.020000
13.011470 1300.185600 765.859500
13.027830 1305.696000 759.055500
