0.000000 118.388633 47.435044
0.018860 51.192103 17.878572
0.032990 -25.666761 -8.894490
0.087370 0.379681 7.468244
0.104860 -0.380073 4.134868
0.125790 1.782122 0.394934
0.131990 3.662344 0.417363
0.148350 5.537919 0.479939
0.164860 -0.266396 -1.308728
0.181370 -6.152453 -5.444851
0.197850 -6.593817 -3.904595
0.220980 -3.643127 2.918359
0.230740 -0.451966 5.490788
0.247220 3.491721 8.078678
0.264860 6.475675 4.928209
0.280240 5.562700 -2.651944
0.305790 0.073558 4.665162
0.313630 -6.611369 5.547646
0.337490 -1.851194 4.700080
0.346340 -11.376718 -8.714111
0.362730 -14.844018 -20.896353
0.381040 -11.704166 -16.765471
0.396850 -4.921465 -6.963517
0.415740 0.956568 4.607386
0.436250 -4.681556 1.942076
0.445100 -4.542648 -0.050247
0.461610 -4.770804 -1.306585
0.478120 2.208993 2.740341
0.494600 -20.118358 -8.895837
0.511140 -33.776752 -16.160007
0.527860 -30.390261 -13.043272
0.546480 -10.583524 -1.745485
0.560610 7.786249 6.716265
0.577120 -5.346141 -1.562606
0.599210 -3.327935 -2.009855
0.610750 -0.890591 -3.338354
0.634250 1.490221 -3.677874
0.643250 -3.782877 -0.822851
0.664370 -6.158859 2.534360
0.675990 -3.867170 5.953008
0.692470 0.232839 1.854952
0.713870 4.407541 -2.039080
0.728090 2.535175 -0.889271
0.745760 -0.570344 -1.263795
0.766110 -1.252641 -1.342507
0.774870 1.002074 -2.978021
0.791350 -1.098884 -0.104019
0.807860 1.444068 3.249162
0.824370 0.029306 5.801547
0.841000 -0.452181 1.550289
0.874480 -1.332194 -2.429214
0.891480 -3.500870 -2.041614
0.923370 1.313623 -0.010897
0.940000 1.947808 1.789561
0.962370 1.174010 1.627961
0.973480 0.663354 3.028366
0.993990 -1.668836 -1.684868
1.010680 0.016063 -4.087315
1.024230 3.570745 -2.974813
1.055630 1.011653 -3.370469
1.057980 0.446931 1.680681
1.076970 1.648522 4.167276
1.094450 1.144626 6.275704
1.104740 -2.306979 1.656488
1.121090 -6.643809 -5.645004
1.137600 -0.486462 -2.716932
1.154270 2.463635 -1.748827
1.194920 -0.064253 -1.503262
1.200560 1.050557 0.588942
1.205600 -0.566093 4.182225
1.227110 -1.347689 5.883258
1.236600 -1.289685 2.456370
1.253110 0.345752 -3.637508
1.271120 2.289838 -6.854576
1.289250 -0.639514 -3.653424
1.306240 -0.026328 1.014263
1.319000 4.035658 2.871198
1.335480 1.232640 1.409613
1.351990 -3.069337 0.681550
1.368500 -5.479975 1.596483
1.385010 -0.978018 0.524517
1.401730 1.556648 0.458513
1.420470 -0.522644 0.904012
1.434480 1.488007 5.298201
1.450990 2.910585 6.214585
1.467620 3.282449 3.355079
1.483980 0.715619 -1.678685
1.510890 -3.502691 -4.884329
1.526730 -4.430754 -3.966216
1.533510 -5.530534 -0.698862
1.551850 -2.688853 -3.450013
1.566380 1.685644 -7.640236
1.582860 2.641369 -2.236969
1.599640 3.311539 4.769364
1.626740 3.623636 10.328099
1.636230 0.636282 3.561636
1.649020 -2.478718 -1.388028
1.665250 -2.421224 -0.014631
1.681760 -0.887437 4.375057
1.699340 4.663612 4.765789
1.716090 6.515813 -0.221372
1.731900 1.666819 -4.615552
1.752750 -8.181655 -6.337373
1.765140 -15.239921 -3.696777
1.781490 -5.137026 -2.338601
1.797360 5.105154 -0.159837
1.813870 6.578479 1.738090
1.836000 4.005431 4.750485
1.846740 1.286452 3.870877
1.864110 3.526923 2.152282
1.879970 0.703160 0.099575
1.896120 -1.407279 -0.376054
1.912750 -1.124331 -0.216303
1.929500 -2.947276 -0.060617
1.945740 -2.437209 2.159077
1.962370 -1.634712 4.136141
1.978820 0.706275 0.984818
1.995120 -0.260538 -4.652588
2.011510 -3.260940 -5.749623
2.038360 -4.693799 -3.307403
2.055150 -4.084729 -5.579968
2.076690 -1.943949 -9.625724
2.079350 1.498644 -3.183293
2.093990 4.788866 6.308613
2.110750 -6.521553 11.068475
2.127110 26.955610 7.892177
2.143650 51.500324 3.286847
2.163480 48.309009 4.434767
2.182620 21.817867 -0.127233
2.193150 -10.178582 -4.716375
2.209630 0.648741 -5.822764
2.226010 -1.217635 -2.870219
2.242520 0.001881 -1.057213
2.259120 3.941374 -3.962482
2.275630 0.744591 -2.735566
2.292110 -0.870375 0.618705
2.308500 0.058455 3.915443
2.324890 1.793444 3.974444
2.344060 1.148994 4.917827
2.366970 -0.788902 6.073580
2.382870 -1.752189 1.215238
2.390990 -2.968197 -2.766542
2.407470 -3.480301 -1.243079
2.423740 2.065286 1.834714
2.440370 2.953152 1.125641
2.456760 -0.297268 -2.563780
2.473360 -2.556136 -0.774673
2.491120 -3.383353 2.711116
2.510500 -0.149271 5.780378
2.522890 1.242592 0.485938
2.539520 0.937997 -4.818423
2.555630 -0.462368 -4.089506
2.572270 -0.859816 1.409160
2.588870 1.924144 6.486300
2.605740 6.643927 3.418940
2.628110 0.468421 1.847043
2.638370 -2.277987 -1.924299
2.654750 -0.540803 -4.026159
2.676940 2.542913 -2.066970
2.687740 1.801633 -1.020667
2.709140 -1.493766 0.285356
2.728000 -3.975264 -1.759809
2.737120 -4.834509 -2.022870
2.753630 -3.448233 -0.708363
2.770260 -0.329140 -1.374058
2.786650 4.154800 -2.102537
2.803160 4.765045 -1.662658
2.819610 -0.019178 2.434956
2.843230 -3.853889 3.907632
2.852510 -4.298409 3.964196
2.869140 2.871151 0.700662
2.885650 8.760043 0.269892
2.902130 7.312505 4.424581
2.927370 0.872059 -4.060783
2.935120 -5.565423 -6.260289
2.956880 -3.239196 -5.438056
2.967860 -4.258623 9.641762
2.984380 1.060019 6.635704
3.003720 2.407550 -10.211214
3.017490 7.779099 -10.724200
3.042510 8.349886 -5.277804
3.056000 3.332402 5.753834
3.066990 1.034122 -4.202475
3.083500 -8.509459 0.225265
3.100010 -10.744173 10.483562
3.116390 -9.663097 10.714307
3.132900 -1.151776 2.503188
3.163640 5.126193 -6.963725
3.166500 1.824337 -4.739356
3.182370 -2.282100 -3.125957
3.199040 -5.648187 -1.540690
3.215760 -1.253993 -1.840689
3.238800 3.033762 -0.029531
3.254880 1.962833 0.210475
3.271510 3.731495 1.519620
3.285130 2.621348 2.853249
3.297850 -7.003897 3.770972
3.314120 13.115008 0.190702
3.333010 45.915712 -5.984387
3.347290 57.907813 -5.424907
3.364990 34.919221 -3.715865
3.383760 0.161534 -3.382369
3.396880 -0.830687 -7.261284
3.413120 0.458019 -6.067189
3.429870 -7.300105 7.757661
3.446140 -10.827015 14.753029
3.462650 -7.583913 12.262378
3.483890 0.550030 -0.955593
3.495700 6.634837 -1.250401
3.512760 5.516841 -0.476621
3.545100 0.898035 5.999985
3.563630 -3.252810 -0.620676
3.599490 -3.286739 -11.035088
3.613280 0.583626 -7.881268
3.627620 0.111953 -6.765837
3.644010 -2.629733 4.256223
3.660520 -0.285103 1.845513
3.677030 2.607460 -5.039757
3.693480 4.279544 -1.470401
3.709990 4.309731 -0.361044
3.743010 4.156759 -1.628193
3.759520 1.757890 3.680616
3.776150 -3.104245 8.373543
3.803500 -3.644734 17.386150
3.808870 -5.666229 6.895383
3.825500 -5.661547 -2.036705
3.842620 -5.098376 0.001420
3.858400 1.945928 -10.045357
3.874730 6.269655 -12.794140
3.891510 1.800105 -10.701881
3.910100 1.892214 -2.091163
3.928500 2.225742 5.049136
3.940890 2.867390 1.151523
3.957370 2.769209 -0.719872
3.973750 2.575549 0.921899
3.990390 2.751069 4.799936
4.006870 1.711757 5.167822
4.023380 -0.564918 -3.113995
4.039730 0.112404 -4.823394
4.056120 -2.005695 2.121061
4.089110 -2.024011 2.791102
4.105770 -5.197537 3.849170
4.132630 -6.299646 4.635496
4.138890 -5.706916 10.847647
4.155240 3.655899 -0.079925
4.172150 9.469989 -12.843308
4.188140 5.919910 -12.039140
4.204740 -3.457969 -4.972077
4.221250 -6.214335 4.445982
4.238740 1.684508 4.155914
4.256740 5.537097 0.893960
4.270630 -0.411004 -0.866694
4.287020 -11.949065 1.443515
4.304230 -6.812727 1.006428
4.331510 4.069488 -0.042276
4.356050 7.448885 1.932269
4.361270 -1.492395 8.081873
4.385990 -7.762193 11.055583
4.402980 -2.147306 6.261905
4.419010 0.535886 4.765545
4.435520 2.479443 -9.965054
4.462160 7.558525 -17.968580
4.484990 4.566312 -14.407426
4.501650 5.006581 15.897755
4.534390 2.429902 39.656748
4.550990 3.197510 25.608637
4.567230 2.526301 4.365176
4.583860 -1.166233 -9.803959
4.600490 -4.737189 1.924543
4.616880 -7.536233 1.713113
4.633240 -3.520067 -4.706801
4.661070 0.376468 -3.221529
4.694240 5.583895 -0.847338
4.699250 -3.625105 5.744040
4.734010 -2.487769 -1.248625
4.748750 4.012817 0.834470
4.786500 8.011524 6.108130
4.802980 2.730520 6.358370
4.814880 -7.866721 2.939614
4.831510 -6.155842 -5.746721
4.847630 -1.058981 -2.251881
4.864260 3.324918 -1.470622
4.880860 -0.464346 1.506262
4.897130 -1.492944 0.661839
4.913640 -3.308542 0.708743
4.930300 -3.460300 0.876366
4.946620 -1.828862 1.846529
4.970790 0.712191 2.064142
4.986210 1.663802 0.448119
5.003630 2.745976 -5.428555
5.012880 3.859863 -11.835881
5.030850 0.722984 -7.238083
5.045560 -4.459707 -1.471405
5.078370 -3.735099 2.224297
5.095030 -0.181202 2.017434
5.134190 2.717023 0.870600
5.144620 2.430157 2.818833
5.177520 -0.374215 3.436105
5.194030 4.190041 0.785239
5.210630 5.458563 2.283396
5.227870 5.690226 3.860397
5.249480 -1.411628 3.765707
5.259740 -6.674016 -0.767878
5.276250 -4.427502 -6.261991
5.297700 2.616196 -5.566182
5.309480 7.128798 0.437810
5.330140 5.025249 4.930131
5.347990 -3.227912 5.526844
5.358890 -9.696457 4.201802
5.375400 -8.721315 1.700552
5.392000 1.947377 -1.990241
5.408390 12.167951 -1.714754
5.424770 12.213926 1.905787
5.441250 -3.289442 4.749298
5.459110 -11.978527 2.589577
5.474240 -2.096041 -2.574811
5.490750 6.259606 -2.761339
5.525120 8.616807 -1.838718
5.548130 -3.681464 0.727879
5.556610 -5.717239 3.651526
5.577120 -2.756554 5.519449
5.589630 -4.801579 0.884325
5.606260 -4.552619 -3.999016
5.626860 -3.490605 -6.136534
5.641970 -1.134870 -3.599517
5.659760 3.754551 -0.534324
5.683620 3.389779 -0.700968
5.688480 2.356520 0.963037
5.705020 2.795968 1.171700
5.721740 1.328374 2.087600
5.738130 7.288743 2.367544
5.754640 -0.598768 2.904145
5.771730 -10.263833 2.943691
5.788760 -9.313394 1.366786
5.804990 -2.982811 -1.786059
5.820650 7.588869 -5.166022
5.836850 -0.084665 -3.755068
5.853520 0.022508 -2.756282
5.882660 2.940498 -1.936028
5.892700 6.844539 -2.573514
5.904630 6.822051 2.921922
5.919370 1.696399 11.305660
5.935880 -1.543328 4.157420
5.953770 -4.377667 -2.228252
5.968990 -2.145210 -2.567478
5.985380 0.128212 -1.783170
6.002990 0.610933 -2.256240
6.018520 0.219793 -8.421781
6.034850 -3.677252 0.036559
6.051390 -7.201866 6.607826
6.067900 -7.816769 3.777045
6.084380 -0.255896 -1.099563
6.112490 15.528303 -9.271579
6.117980 8.976541 0.244230
6.133610 -21.875454 3.368485
6.166750 -47.151662 -0.264224
6.184780 -37.175983 -5.258374
6.220250 -6.478790 -6.686709
6.233120 5.841944 4.028743
6.249110 -1.460327 5.713395
6.265630 -6.639127 3.414557
6.290560 -0.586799 3.796230
6.299590 3.733375 3.024815
6.315280 4.625550 1.972488
6.331600 -3.937515 2.737293
6.348270 -10.969328 -7.402241
6.364500 -9.934405 -13.163828
6.381230 -1.386554 -8.978306
6.397770 6.606942 1.125421
6.422730 3.331794 9.699881
6.443730 2.655238 3.003389
6.447390 -0.876663 -5.006199
6.465120 -0.805808 -9.092058
6.480100 -3.507843 -7.232586
6.496640 -3.599404 -1.637658
6.513120 -0.178048 2.532731
6.531010 -0.721554 3.509393
6.547730 0.414041 1.820953
6.562620 -0.146842 -0.811489
6.578920 2.772206 2.465038
6.595370 4.060085 6.102241
6.612120 1.266961 6.819500
6.628510 0.441231 4.339723
6.678160 0.814898 1.181287
6.687290 -0.029795 2.493308
6.694980 -1.276658 2.007957
6.711000 -1.598981 1.269586
6.727260 0.846084 0.233089
6.750120 1.219045 -3.044490
6.769990 -1.226783 -7.141044
6.776860 -2.911016 -7.393132
6.809880 -4.110489 -1.198073
6.826260 -4.844107 0.499541
6.859250 1.992844 5.611311
6.876220 5.224492 5.879316
6.908630 0.572185 4.839665
6.925260 -2.670478 4.783383
6.966640 -0.725100 -6.804245
6.988490 5.761354 -10.365575
7.007630 3.602519 -5.600941
7.026310 -0.190781 3.255173
7.057530 -1.474158 9.222129
7.079010 -2.691243 3.439092
7.109220 1.034220 -3.163361
7.123230 2.852052 -6.388464
7.156130 2.596627 -5.801975
7.172760 0.032166 3.654391
7.205630 -3.004006 10.984206
7.222140 2.467709 5.629308
7.238490 3.404040 -3.839706
7.255740 3.098995 -6.456940
7.271730 -1.130521 -3.630333
7.295870 -0.129290 -4.919859
7.314610 5.716671 -8.702811
7.320980 0.985188 -1.512861
7.337490 0.902952 8.758799
7.355010 6.303799 9.498689
7.370390 -19.961910 0.163351
7.405240 -44.967646 -3.392935
7.453000 -47.699107 1.947390
7.469240 -20.537577 2.272842
7.486150 2.751696 -3.388319
7.502500 -6.925933 -7.648182
7.518860 -7.402263 -3.327874
7.535370 0.437293 2.474306
7.551760 6.145656 4.812387
7.568390 5.427534 3.062402
7.585240 4.522961 -1.186588
7.601410 2.895325 -4.989034
7.622740 -2.989040 -3.255504
7.634370 -12.076549 -4.046495
7.650600 -15.300195 -6.650971
7.667140 -7.376072 -0.986165
7.683870 8.822669 7.773883
7.700260 15.822169 13.833026
7.716860 5.942711 8.250952
7.733250 -2.199629 2.403650
7.754970 -5.466908 1.393366
7.766110 2.824372 0.842440
7.782620 7.608438 -0.307063
7.799130 -7.052655 -6.169983
7.844760 -11.089702 -9.349984
7.853120 -11.075911 -7.596259
7.873750 0.826867 -2.895489
7.881740 9.141716 5.277143
7.897980 3.368035 7.594128
7.918000 5.036121 4.781999
7.931120 3.464394 -0.002669
7.951140 3.218431 -4.020662
7.968480 -1.154714 -0.771955
7.980380 -6.116938 -5.616355
7.997130 -3.097663 -8.908361
8.013520 1.055083 -6.073665
8.046630 -1.693970 -1.222535
8.064610 -5.295581 6.524193
8.096250 -0.865301 2.955248
8.112670 9.310182 -0.017961
8.148320 7.138181 -0.003147
8.181880 -5.541504 -0.809848
8.199980 -9.005200 -0.313834
8.211400 -2.179570 3.033985
8.227750 1.856091 4.041072
8.246490 -3.533917 2.845940
8.260890 0.200262 -0.326371
8.277980 4.795310 -3.840404
8.297240 6.084733 -0.688835
8.310240 3.709946 -3.243456
8.326750 -0.446970 -0.194975
8.343260 0.608445 4.770638
8.359770 -4.511775 1.520672
8.376280 -7.912618 -4.744792
8.392730 -6.362156 -9.485601
8.410160 -4.057813 -1.559863
8.426480 4.406405 4.967253
8.442350 8.136914 5.016348
8.461430 3.400533 2.306780
8.477390 0.418820 2.509885
8.496770 -1.110050 6.301941
8.511600 2.439520 0.354518
8.527250 -1.487498 -6.982984
8.541020 -9.543644 -8.905668
8.557500 -3.210615 -2.183441
8.578580 3.747558 6.606675
8.590610 7.668166 8.068602
8.607240 -0.463582 1.102734
8.625850 -5.616884 11.084611
8.639980 -4.302581 21.013757
8.656340 -1.036336 24.400950
8.672850 4.978411 9.307476
8.689510 4.214194 -8.679230
8.715240 7.206449 -3.092876
8.722500 1.678651 0.569463
8.739410 -5.629264 4.553209
8.755370 -3.150946 1.731246
8.771850 1.249859 1.466324
8.788360 6.293809 2.270320
8.805760 0.348357 -4.224366
8.841130 -4.625883 -10.528568
8.854250 -2.307057 -4.074606
8.870730 0.953786 5.871688
8.887240 4.066139 10.578801
8.905330 2.582620 3.952026
8.921940 2.174339 -3.742825
8.936740 -0.000353 -4.247910
8.953370 -0.900993 4.844465
8.986270 -2.584168 2.334389
9.003480 -2.732773 -0.843285
9.043120 -0.563449 -2.257170
9.062380 -1.585601 0.829511
9.086360 -0.250215 3.368816
9.101620 1.431727 -0.793981
9.134890 2.626109 4.109120
9.152250 3.889032 2.868211
9.168330 -0.121023 -1.489795
9.184110 -1.582212 -6.252025
9.200470 -6.143011 -4.560898
9.216980 -7.620760 3.210571
9.243070 -5.336973 8.454935
9.250820 4.125651 7.814310
9.266750 9.774911 -0.237386
9.285250 6.147869 -7.054557
9.299470 -2.790874 -6.232607
9.317020 -7.461226 -6.233097
9.332490 -2.046950 -0.374904
9.349150 2.958853 5.568863
9.387120 7.686540 11.362725
9.398500 2.958814 -1.787810
9.415220 -3.360062 -9.580082
9.431370 -7.669439 -5.386034
9.448000 -3.962609 3.715963
9.464360 3.678623 10.487321
9.484620 7.053850 4.304939
9.497500 2.814009 2.871810
9.513980 -4.219268 -6.623926
9.530360 -8.741394 -12.047783
9.546720 -2.892210 -9.201328
9.563540 0.889592 2.622916
9.589230 1.297148 12.612393
9.611940 -2.961772 2.979551
9.614720 -5.184098 -5.382973
9.629240 -2.379224 -7.561415
9.647860 0.429046 2.818907
9.662230 3.402277 9.735777
9.678740 -8.228552 5.910303
9.698490 19.241897 -0.147165
9.717990 47.106019 -9.669003
9.744600 49.808004 -7.275988
9.777620 25.256983 0.604087
9.794250 -8.392062 1.190922
9.827120 -0.264162 0.851035
9.843600 1.172462 1.409797
9.896910 -0.603176 4.948263
9.903080 4.222755 5.119841
9.916630 4.218955 -2.509738
9.939850 4.373632 -1.066102
9.942870 0.002135 -6.741486
9.958980 -4.655756 -1.569303
9.975740 -2.225037 7.228607
9.991970 -3.045085 9.036547
10.008510 -0.665059 2.252959
10.026120 1.016511 -8.411839
10.043120 0.804045 -3.071976
10.057980 3.170966 2.338674
10.074490 3.157704 2.921714
10.090850 4.865362 -0.027621
10.107360 1.741513 0.275169
10.123990 -1.635770 0.547645
10.140690 -3.444041 6.087133
10.157750 -4.327910 -0.140492
10.173370 -2.187601 -7.409195
10.189850 -1.520173 -7.582840
10.208800 3.077251 -4.793741
10.223720 6.374340 0.551159
10.245000 -0.100591 3.056195
10.256130 -6.114528 2.887629
10.272980 -8.235388 -1.423717
10.288730 -0.385871 0.562716
10.305360 8.357683 2.784797
10.321750 8.679257 7.784890
10.338260 1.067502 1.497484
10.354860 -7.648341 -1.748827
10.374480 -8.897382 3.041613
10.387730 -2.527085 -4.205022
10.404240 4.688255 -4.031681
10.420750 4.056422 1.324057
10.438230 1.211621 1.680289
10.463100 -3.417302 -0.050724
10.470520 -6.430659 -5.759613
10.491000 1.602213 -0.027792
10.503110 9.688524 4.414652
10.519620 10.993168 3.543528
10.541290 2.258534 -5.233667
10.553560 -9.431908 -5.453666
10.572110 -10.921531 2.440747
10.591250 -1.098826 2.231398
10.602110 5.161826 1.473891
10.618620 -5.776399 -4.131770
10.634980 13.149602 5.151526
10.651520 38.860713 1.272647
10.668150 49.261305 -5.148845
10.690520 23.781622 -0.809383
10.717500 -3.558580 3.781256
10.734250 -0.740595 4.883154
10.767360 0.775817 -6.764748
10.789610 -5.158770 2.133868
10.819490 -5.131952 8.747817
10.832860 2.284490 5.026082
10.866850 4.102575 0.229771
10.882480 0.809589 0.059221
10.915500 -3.616290 -0.024021
10.931850 -0.697557 -6.907296
10.964870 1.960130 -8.079155
10.981230 1.301987 0.365513
11.019990 0.791410 5.590730
11.032260 2.155514 -0.064718
11.063720 2.507162 -4.096448
11.080230 1.661001 -0.357334
11.117250 -0.796425 1.699780
11.134000 -1.855954 1.330472
11.162720 -5.594767 4.695966
11.179230 -1.979406 6.892984
11.212250 2.883630 13.243126
11.228640 0.386635 -1.669245
11.245360 2.150989 -16.579761
11.261630 5.345534 -20.675612
11.278110 4.293570 -1.229048
11.294620 -1.696438 17.475362
11.311370 -7.826955 15.990041
11.353120 -5.393312 3.880427
11.356230 -1.848177 -8.629352
11.362610 -2.566185 -5.211470
11.378750 2.004735 -2.181176
11.393490 4.989675 2.867145
11.410130 2.719922 2.498438
11.426760 -0.420819 4.071166
11.445100 -3.625556 5.514454
11.461880 -3.023811 -3.002361
11.475980 1.320851 -9.647003
11.508970 5.847900 -9.255993
11.525630 0.291881 -1.534446
11.559230 -1.167917 8.738194
11.576170 -5.296404 -0.296032
11.608890 -3.839549 0.996743
11.626620 -0.018747 5.020229
11.680880 3.758802 3.939244
11.684230 7.703328 -1.879427
11.707120 2.049026 -13.024651
11.723240 -2.761706 -5.273714
11.739750 0.893784 2.732714
11.756500 7.571787 3.855622
11.772860 3.900237 2.528887
11.791750 -2.989941 -1.196481
11.805730 -7.715924 -1.455330
11.822240 -3.696332 -2.036166
11.838750 -1.875543 -1.547240
11.855500 -4.672074 1.152331
11.871890 -2.086716 -3.121635
11.904600 2.366981 1.577653
11.921110 2.607440 1.804534
11.955230 -2.713810 0.560292
11.970730 -1.853956 -1.036056
12.010990 2.192538 -2.817633
12.020110 8.554906 0.737564
12.036620 7.870854 -3.839363
12.053100 4.485584 -5.691663
12.069520 0.174286 -2.335173
12.086270 -8.568305 0.000930
12.102630 -10.298642 -0.316992
12.119110 -4.496731 -0.429178
12.135500 2.870779 -0.496064
12.151980 3.618562 -3.020199
12.168490 2.062641 6.205035
12.185390 1.141217 10.045296
12.209260 4.327225 7.381856
12.230350 -3.672257 1.974472
12.234500 -5.752735 -5.392168
12.250850 -1.935487 -1.423460
12.268250 1.784218 2.205038
12.283870 0.402013 0.150177
12.300510 -0.606741 -0.761230
12.349850 5.969137 -6.154459
12.366360 6.506313 -1.593067
12.382870 -3.094176 9.942882
12.399510 -13.460181 9.302505
12.416020 -5.540838 1.797494
12.432890 4.398471 -7.177945
12.448850 6.336396 -6.409461
12.465480 7.090717 -2.431430
12.482600 -1.332644 3.777118
12.502930 -3.805366 -1.283543
12.519990 -5.818202 -1.115834
12.548000 -3.269206 1.465883
12.564360 1.208075 -1.963061
12.580870 -0.742711 0.163791
12.597110 2.521031 -0.602728
12.613620 6.745105 3.519237
12.630250 3.408212 -0.430060
12.646850 -3.767676 -8.600531
12.666500 -5.901398 -3.082200
12.679750 -1.281438 4.697178
12.696140 4.955903 9.937924
12.712620 6.400707 3.094443
12.729160 2.583561 -0.305900
12.745880 -2.901907 1.619623
12.774750 -0.866692 3.147052
12.779480 -4.456984 1.132754
12.794980 -6.236883 -2.030608
12.811490 -2.202333 -8.625618
12.829680 0.347006 -5.411280
12.845460 32.722558 23.190605
12.865880 -69.709585 -34.621637
12.886630 -153.727533 -89.568312
