0.000000 109.097301 83.950922
0.330020 53.120421 30.019643
0.362880 -15.584012 -25.194067
0.379390 2.868703 -0.500324
0.412510 1.543504 0.269574
0.428740 2.049379 0.827014
0.461640 2.309467 -2.211160
0.478120 -2.811463 0.016027
0.511260 -6.745242 2.134590
0.527890 -8.712049 8.020914
0.560640 -2.287879 -3.563582
0.577120 1.670247 -12.376336
0.620150 0.758852 -13.316143
0.638890 -5.230505 -6.870321
0.643010 -0.676322 0.319576
0.659520 9.062028 -4.096534
0.676120 9.906569 -5.283338
0.692500 3.873027 -3.146012
0.709010 -5.055534 -0.695312
0.731630 -2.581229 2.369234
0.742130 -2.428198 3.543552
0.758510 -2.534078 0.451804
0.774990 -1.608776 -2.218212
0.791500 -0.795151 -3.036201
0.807890 -1.123136 -0.997563
0.824650 0.838013 3.631900
0.857510 4.608213 7.620256
0.873870 -2.188013 -0.398166
0.890410 -5.215911 -7.529509
0.910280 -2.123818 -10.218903
0.923520 0.838679 -1.003269
0.946620 -1.182550 0.926931
0.967250 -9.796753 -5.702805
0.972870 -0.774210 -3.337044
0.989260 5.734458 -1.202921
1.006380 4.845028 1.882243
1.022370 -0.088916 -0.246716
1.038790 -2.833325 -10.756167
1.057770 0.304712 -14.713620
1.074520 0.447734 -13.134849
1.088380 6.622143 -4.251289
1.104830 10.844625 4.245449
1.121250 6.744791 0.761389
1.137790 -0.712053 -1.434528
1.154390 -3.028121 -2.709390
1.171420 -3.558541 -2.079887
1.195010 -4.868790 0.245675
1.203740 -5.851680 1.181973
1.220120 -2.838085 -1.588954
1.237490 0.020745 -3.456784
1.254120 -4.566214 -3.864829
1.276030 4.477474 -1.646718
1.297000 11.996549 0.038163
1.302640 12.866839 0.702915
1.319120 2.968648 -1.695936
1.335630 -9.466032 -0.901722
1.352020 -9.546366 3.184725
1.368530 -0.352491 5.788005
1.387760 7.704934 3.054481
1.405180 8.559470 -3.219166
1.418000 -5.288000 -4.122698
1.434510 -7.533843 -2.744859
1.450990 3.899708 -1.079863
1.467500 2.339164 2.726164
1.492000 0.795151 4.170655
1.500640 -5.289371 4.315285
1.521880 1.131168 1.344736
1.533390 4.454359 -1.173598
1.549870 -6.258137 -0.475397
1.587100 -0.517374 -3.411337
1.601010 7.740489 -4.709593
1.625240 7.497466 -1.763286
1.632390 -2.578859 1.077268
1.648860 -13.580220 1.408389
1.665370 -8.112349 2.445228
1.681880 -4.488601 3.084893
1.698270 -5.260438 3.434464
1.714870 -4.518357 -2.574897
1.731870 2.176142 -5.071823
1.747740 6.332302 -2.232427
1.764250 3.176960 -1.036387
1.781130 -2.301944 0.553216
1.798250 -5.749699 2.055425
1.820530 -1.518018 1.218066
1.836520 11.204904 0.423963
1.849120 18.344177 -1.248576
1.863250 11.284807 1.805820
1.879640 -2.945415 1.968852
1.909240 -8.722745 -2.826840
1.915990 -7.026699 -1.735347
1.930820 -0.413257 1.562471
1.952120 4.850121 5.042427
1.962130 0.972083 6.317759
1.978640 -3.435069 2.582757
1.995150 -7.352154 -1.111830
2.011630 -1.315503 -2.766958
2.028140 3.688124 -2.239528
2.044890 1.401677 3.103221
2.061250 1.342615 -1.251454
2.078250 0.348044 -1.563745
2.093990 -0.672483 1.646583
2.110500 1.563720 1.855185
2.129150 5.817125 -0.569952
2.148130 0.550108 -5.698568
2.164430 -4.967030 -3.516348
2.192990 -6.949870 -2.283016
2.209630 -2.495761 -4.651400
2.226010 3.385156 -5.747860
2.242370 -4.853882 1.689349
2.274780 -7.449864 5.908687
2.297520 -4.582884 5.267128
2.308380 0.315506 3.931212
2.341640 3.136920 3.815464
2.369510 0.454414 4.820174
2.374760 2.749404 -2.112271
2.391140 3.872146 -5.569292
2.407900 4.469541 -2.008153
2.423770 6.804891 1.184593
2.440250 -1.068168 2.832999
2.456760 -9.070000 -1.985956
2.492490 -7.341086 -4.246747
2.506380 3.313576 0.602042
2.539250 2.825058 5.636593
2.555760 -2.878811 6.359558
2.589020 -1.625838 0.528496
2.606660 -2.016253 -9.139549
2.640840 -2.015137 -8.218201
2.660000 -8.951565 -5.410080
2.698790 -2.225507 0.602875
2.704250 2.882415 4.174720
2.737520 2.942986 -0.363211
2.753630 2.950429 0.538842
2.770140 -2.295127 0.093404
2.786620 -1.897522 0.463252
2.803530 -2.463889 0.917137
2.821500 -0.972494 2.365597
2.836000 0.287337 3.732222
2.852510 1.121726 4.740176
2.869020 0.890258 3.725304
2.885650 -0.815289 4.218538
2.902010 -0.295838 3.615163
2.931240 2.475016 2.707823
2.936250 3.128731 1.811170
2.951510 -1.352469 1.682040
2.984380 2.022698 0.937142
3.001040 6.849045 0.285588
3.034030 7.244217 1.343793
3.050510 -1.280419 -0.623896
3.083370 -11.908379 -0.911174
3.100040 1.379286 -4.318713
3.116670 10.957849 -6.224784
3.132900 10.932227 -5.552763
3.149380 2.327920 -0.465210
3.165770 -4.146082 3.694280
3.182250 1.596650 2.209385
3.198910 -1.098140 5.964284
3.215520 0.428047 7.200913
3.244900 3.934224 6.602831
3.258150 -0.772624 0.027205
3.268370 -5.608245 -4.305123
3.281250 -10.012173 -2.839341
3.298770 -4.702771 -5.757189
3.330780 -0.246493 -7.908828
3.352390 0.161749 -1.824919
3.370850 5.468828 3.858622
3.380130 7.707442 3.955356
3.396760 -0.432611 -0.245638
3.413150 -6.426212 -2.914233
3.430970 -5.987218 0.323677
3.458010 4.466446 0.957013
3.462770 5.005973 3.072307
3.479400 -4.583883 6.699785
3.495760 -4.841678 1.101913
3.511990 -0.344831 -5.077895
3.528560 6.154275 -8.339409
3.545170 7.847524 -1.205504
3.567380 0.413943 5.215547
3.588260 -7.304454 2.089131
3.594510 -6.772706 0.072468
3.611020 0.770136 -1.487652
3.627500 12.375768 0.933041
3.644010 0.912100 1.250352
3.660640 -8.418233 -1.898135
3.678410 -8.681295 -5.168630
3.695250 -2.209267 -5.850483
3.709870 3.833927 -0.852443
3.726380 1.410375 6.969736
3.742890 1.110442 4.058677
3.759520 2.417835 -1.548477
3.776030 3.047534 -1.146247
3.793000 0.117987 0.640535
3.825380 -1.330705 3.996114
3.841890 -2.305921 2.161660
3.874910 1.290018 0.565667
3.895510 1.951119 1.250964
3.924260 0.357467 -0.130637
3.940770 1.997193 -1.125616
3.973750 -0.305966 0.143112
3.990420 -1.125154 1.574408
4.023380 -2.670870 3.270012
4.039760 -2.709344 3.245832
4.056120 1.319578 -0.799784
4.072660 2.668970 0.650073
4.090000 -0.220008 -5.979906
4.113530 -1.594319 -5.795302
4.122130 -0.882971 -0.101522
4.141880 0.944481 5.334355
4.155120 0.471770 6.407906
4.171750 -5.743175 -8.219450
4.190640 -2.407550 -2.388284
4.222780 4.840483 8.242296
4.241760 6.735153 5.695532
4.270510 -2.820846 -5.811831
4.287020 -3.151514 -7.275315
4.320160 1.839068 4.750742
4.349270 2.956365 5.785349
4.371120 -4.741832 -9.751400
4.386020 4.284050 -0.045166
4.402530 2.075590 19.018550
4.419010 -12.377649 19.932437
5.062010 -14.659944 9.194912
5.078520 -11.181378 -2.010957
5.112120 15.338314 5.885046
5.127870 15.670652 0.807094
5.882390 15.130931 -3.322316
5.902860 10.116406 -3.690080
5.919770 -3.671786 2.351542
5.935880 4.079949 8.376824
5.952510 10.138091 7.120953
5.974760 6.950497 2.587704
5.985500 -2.147698 -5.772530
6.002010 -7.074340 -8.821998
6.018250 -8.558451 -8.620157
6.034760 -4.054032 -2.146931
6.051270 -1.381539 2.318693
6.068020 2.188091 4.125183
6.107390 6.138878 6.733185
6.117890 2.911408 3.057088
6.153200 -6.027141 -0.372724
6.167690 -19.540006 -6.487255
6.209530 -19.799722 -5.759601
6.216130 -11.258617 -0.697001
6.249270 4.738208 1.414963
6.265630 5.813207 1.169827
6.300630 0.721966 0.473438
6.322140 -3.220253 2.499356
6.348110 -5.272231 4.433335
6.364500 25.873520 19.160049
6.405520 -39.261669 -31.009795
6.414150 -99.428655 -72.186045
