0.000000 74.378850 5.520943
0.017880 27.995322 2.394051
0.033390 -18.100599 4.222003
0.056610 4.075443 7.260011
0.066130 5.424850 -0.060286
0.082240 3.849050 -2.346547
0.098750 -0.934314 -1.914039
0.115140 -2.919870 1.812039
0.131900 -3.710671 -1.865188
0.148620 -1.455606 -4.953944
0.179500 3.112414 -4.039541
0.184630 0.895488 -0.319662
0.197630 0.076888 3.403721
0.234740 1.896915 4.477178
0.241000 -1.362146 2.011790
0.247130 -2.821493 0.569181
0.263760 -2.488023 -0.280850
0.280000 -0.876349 1.982883
0.296510 0.154991 1.147814
0.312990 0.466481 -2.380669
0.329620 -5.321047 -10.335763
0.362640 11.186354 5.656733
0.379000 21.685200 24.286842
0.411930 19.256804 25.408715
0.435910 13.000003 10.911237
0.445500 -3.994285 -6.882050
0.461360 -0.195756 -1.752757
0.477870 -2.563795 -2.296055
0.500030 0.320815 -0.870563
0.510860 7.956106 1.593288
0.527400 2.154966 4.379440
0.550020 -2.072279 0.808759
0.560270 -2.004519 -4.223264
0.577030 3.037151 -1.962963
0.593260 1.764589 4.756754
0.609740 -3.450075 8.810232
0.626250 -5.298284 4.665076
0.643040 -1.582683 -1.349462
0.659390 4.145887 -2.507596
0.676030 4.043493 -5.184143
0.692260 3.190516 -5.629039
0.708740 0.677850 -2.983922
0.726140 2.222157 4.625028
0.741640 3.668319 5.944658
0.784940 5.067562 1.556900
0.808500 15.100961 0.003281
0.826510 -23.735965 -1.019822
0.840640 -53.486681 0.682971
0.857120 -50.910979 -0.878276
0.876500 -23.550473 -1.173904
0.892880 7.639957 -3.760332
0.906490 -6.040070 -7.577037
0.923000 -3.280196 -2.719417
0.939510 2.517290 5.953669
0.955990 3.285485 9.512022
0.972660 4.773370 3.814289
0.989500 0.838189 -4.003595
1.015010 -3.683364 -5.345693
1.030400 -3.624811 -1.159677
1.047240 1.207096 0.520881
1.054990 2.575216 -1.572743
1.071500 2.975876 -3.344721
1.120390 0.091502 -2.103749
1.125310 -1.791035 -0.195477
1.154750 -0.508403 -1.066714
1.170380 -2.080918 -1.125739
1.186890 -1.047697 0.603658
1.206390 -4.902425 2.548709
1.220120 -0.518844 2.116690
1.236510 3.353950 -2.378735
1.252870 2.680058 -7.207463
1.269260 1.023015 -5.273274
1.285770 -2.366844 -1.134836
1.310150 -1.193031 2.254257
1.319000 -2.924219 3.020677
1.341250 0.256699 1.820414
1.351750 5.155518 -0.109260
1.368380 4.698833 3.788100
1.386140 0.558473 6.563910
1.401400 -3.713707 8.828511
1.420900 -1.271467 -0.247646
1.441250 0.781674 -5.571544
1.450900 0.931885 -0.906705
1.467130 2.539916 0.798952
1.483640 1.640687 1.400651
1.500270 1.639198 -0.649081
1.516780 0.454786 2.384195
1.549800 0.807101 3.757480
1.566380 -1.476273 -2.052205
1.582890 -7.242944 -7.582975
1.599120 -8.608795 -9.804265
1.615750 -3.249637 -2.775014
1.643400 4.426346 2.120204
1.655490 2.302650 0.778273
1.668000 1.732404 0.745240
1.698000 1.289900 0.843040
1.716770 3.269030 6.130903
1.731020 2.435348 5.666895
1.748500 -1.612419 4.714845
1.768890 -1.087013 1.498451
1.780640 1.223806 -4.859597
1.797000 2.188659 -7.689772
1.813390 2.000308 -6.319792
1.829860 0.131249 -1.600646
1.846370 -0.041431 1.773228
1.866760 -1.129385 3.399657
1.880770 -1.489672 5.957795
1.896270 -0.114578 7.105391
1.912750 1.319558 4.246820
1.929020 2.108049 -0.494582
1.947540 -0.391239 -4.271136
1.967130 -2.593199 -3.252516
1.983150 -2.432762 -0.721292
1.996150 -0.995178 0.722296
2.011260 2.201804 0.428064
2.027770 4.925422 -0.152919
2.044770 3.751593 -1.041835
2.060910 2.936149 1.127845
2.077270 -3.253045 0.266513
2.097290 -6.425644 -2.351248
2.110410 -5.911623 -3.283945
2.126770 -0.941699 -2.593409
2.143400 5.814089 0.147545
2.159940 3.545377 0.948749
2.208010 1.227919 0.656574
2.211000 -0.542880 -0.655925
2.245640 0.073284 -2.521100
2.258790 -0.603881 -1.363701
2.275390 -1.894055 -0.087417
2.294250 -0.940407 -1.900081
2.310000 1.830135 -1.157682
2.324620 2.630888 0.686142
2.341000 1.427319 4.265026
2.357510 0.384519 0.855773
2.373990 -2.443849 -0.698128
2.390530 -1.803298 0.444923
2.407260 -3.827482 3.051310
2.430510 -2.587322 2.677790
2.440000 -1.231524 -1.608212
2.457370 0.405989 -1.557598
2.472990 2.315716 -0.949423
2.489650 -0.162102 3.003389
2.535890 -0.093559 3.942795
2.539890 -0.302499 3.288022
2.558260 0.097085 0.464574
2.571870 -0.696872 -4.823480
2.588380 -3.525415 -7.339310
2.604890 -6.485607 -2.760102
2.622250 18.229411 1.161624
2.638240 34.826644 1.829743
2.654390 39.980168 1.275438
2.670870 25.034004 -0.045778
2.687380 5.699100 1.592871
2.703890 2.621642 -0.622317
2.720280 -3.492427 -1.064755
2.738010 2.920615 1.015892
2.760890 2.639155 0.510682
2.769740 -0.513124 2.538853
2.792140 -6.667747 2.905332
2.802760 0.831118 0.449110
2.819270 7.707422 -1.626785
2.863890 6.846636 -3.941044
2.868900 2.888958 -0.635834
2.892270 -0.895860 2.966378
2.901610 0.000940 1.913353
2.918120 -0.874234 0.363383
2.934630 -1.588403 -2.404519
2.951260 -0.795818 -0.825593
2.967770 -0.556965 0.404753
2.984130 -1.382793 -1.271875
3.000640 -1.386299 -3.757970
3.017120 -1.199711 -3.329980
3.033910 -0.764533 -1.201195
3.073760 -1.426438 -0.463815
3.081510 -2.059546 1.089609
3.084380 -2.389724 1.272341
3.099520 -0.833390 2.394026
3.120760 0.642844 0.550253
3.132510 1.672754 -2.496222
3.149020 1.848529 -3.730006
3.192870 1.104095 -3.912137
3.198880 0.468323 0.892466
3.217500 1.257068 1.351592
3.231510 2.924807 1.066175
3.247860 2.870309 -0.971595
3.281130 1.576708 -2.134296
3.297520 -0.207843 1.761413
3.313870 -0.198695 2.146870
3.330630 -0.571461 4.369168
3.349210 1.319598 1.000000
3.366970 0.958644 -1.917014
3.389400 0.345537 -2.569375
3.412290 -4.661966 1.348384
3.414760 -4.048332 2.250486
3.429380 0.057397 -1.622696
3.448270 3.148340 -1.693181
3.462250 4.491422 -0.687525
3.478910 -0.368574 2.883992
3.520140 -0.367144 1.972562
3.528690 -0.692405 -0.202787
3.544770 1.062664 0.398092
3.577760 2.208856 0.470549
3.594270 0.989282 1.776938
3.611540 -1.739476 2.600620
3.633240 -4.196564 1.853079
3.643620 0.136851 -0.278536
3.663640 1.866062 -3.258136
3.676760 0.314781 -5.201418
3.693270 -1.154832 -1.793552
3.713780 -1.452962 3.523461
3.734770 1.811408 5.389634
3.742610 -1.738555 2.026457
3.759120 -1.641588 0.246936
3.775760 0.882011 1.875986
3.792020 2.039251 1.380743
3.808650 -0.010343 -0.899972
3.825740 -4.078245 -4.126114
3.843750 -0.979938 -1.340891
3.858000 -0.794309 1.342973
3.874510 -3.137880 3.324213
3.891020 0.525191 -0.218189
3.908870 5.847214 -4.946562
3.932530 6.396221 -2.490516
3.940640 -0.076203 2.011447
3.973390 -8.601214 6.194763
3.990020 2.861925 -0.153311
4.006900 33.853996 -8.445582
4.023040 48.861572 -11.587654
4.041260 37.304005 -5.075312
4.061770 7.972130 2.382457
4.072390 -6.421511 2.523977
4.088870 2.578174 0.729997
4.105380 1.678514 -3.412953
4.121890 -2.240728 -2.665510
4.138400 -0.937801 -0.937608
4.158780 1.161492 1.252200
4.171510 4.250866 2.720556
4.187770 -0.401249 1.847386
4.204770 -4.020711 3.841726
4.220760 -2.524342 5.815712
4.237880 -0.714874 1.275769
4.260130 2.793382 -0.420828
4.289790 4.025236 -3.809795
4.292140 2.717454 -3.866960
4.319640 0.225415 -2.717177
4.336270 -1.309294 0.006660
4.352780 -0.673541 5.548833
4.369510 -1.216577 1.192269
4.389010 -0.949849 1.074048
4.418640 -1.342008 -1.278181
4.435150 -0.582920 0.624423
4.468290 0.839952 0.075248
4.485530 2.024168 -2.025747
4.518010 3.480399 -0.283140
4.534000 3.288953 -0.489807
4.568510 -1.434744 2.949886
4.587400 -5.077631 1.407777
4.616880 -4.092898 0.285796
4.633000 -2.431214 -2.467193
4.649510 1.606503 -3.437207
4.666020 1.510437 -1.739412
4.682530 2.614492 -2.237569
4.699160 0.308983 -1.212214
4.717410 -0.396606 -0.964837
4.731870 -0.339053 -1.950671
4.764920 -0.346320 -0.004420
4.781770 -0.171426 1.582820
4.814640 -2.135944 3.633014
4.831020 -0.397703 2.968018
4.864010 -1.562662 0.586946
4.880400 1.551673 1.004726
4.897030 5.262573 -0.213646
4.915130 5.218576 -1.162628
4.931520 4.497299 1.345066
4.946380 -2.622328 0.557929
4.962770 -7.258498 -3.656766
4.979400 -1.584916 -0.928792
4.996030 2.830053 -0.025466
5.012390 4.107609 0.099367
5.029020 -1.473942 -0.039901
5.045500 -2.568222 0.680338
5.061650 1.514962 4.077287
5.087250 2.265704 1.751496
5.094640 5.217635 -0.864331
5.111270 7.159827 -0.313552
5.136380 1.130345 -0.751080
5.144650 -5.835891 0.254307
5.160770 -7.549377 2.402805
5.177250 1.136241 -5.198590
5.193630 2.426963 11.389916
5.210020 -5.005170 26.873784
5.226780 -3.614174 26.307312
5.243260 2.966258 11.499014
5.259770 12.033043 -6.516026
5.276000 -0.670916 3.318141
5.292510 -8.662842 3.973942
5.309020 -6.162385 1.838350
5.325650 0.375998 -2.813667
5.342320 4.102418 -5.130480
5.371640 -1.919972 -2.276319
5.375000 -0.294428 1.097628
5.391510 1.181767 6.583327
5.407870 1.342341 7.080733
5.424410 2.069301 3.979696
5.442230 3.427606 -1.485032
5.475770 -1.167075 -0.404312
5.499880 -5.230035 3.895450
5.510380 -6.668922 5.557428
5.523530 0.501781 0.896409
5.539890 6.957843 -6.890963
5.556640 4.831022 -7.965342
5.573000 3.181015 -6.443399
5.589510 -2.748875 -0.893899
5.605770 -4.679910 2.053943
5.622280 -4.754937 3.743216
5.639620 -2.526732 7.257171
5.655400 0.620199 7.640371
5.679410 -0.495317 1.609792
5.699130 0.247786 -5.668217
5.704900 1.409023 -6.588690
5.721410 -1.221670 -1.510033
5.740540 0.566661 -0.369100
5.754270 -0.131484 1.256082
5.770900 2.547379 1.908627
5.812620 4.237212 0.379776
5.820650 0.461310 1.407862
5.840000 -2.545753 1.289873
5.853150 -7.776787 4.275678
5.869660 -1.887689 1.448694
5.886260 3.300079 -2.377657
5.903020 3.347309 -3.351528
5.925050 2.292796 -3.173376
5.935640 -0.176872 0.233836
5.952150 -0.665960 3.865184
5.968900 -0.924069 3.842387
5.985140 -0.159732 1.855356
6.006900 1.397034 0.309389
6.026760 -0.416411 2.647353
6.034520 -0.678086 -0.040207
6.051030 1.227332 -4.109536
6.068630 0.304517 -2.416542
6.084170 -0.470771 2.049523
6.100680 -0.878994 7.105673
6.119380 -0.073186 1.275059
6.139560 -0.250117 -4.175479
6.150020 -0.314860 -4.778706
6.166410 -2.251972 -2.043696
6.182890 -2.571396 4.659726
6.199520 -1.029616 7.310208
6.224150 -0.323361 2.527099
6.233150 0.510479 -4.223999
6.254270 -0.683277 -6.468829
6.265530 -0.161318 -1.890164
6.282010 0.174463 1.591794
6.301880 1.293994 -0.130796
6.314880 4.666178 -0.751839
6.334500 -19.914057 -2.437735
6.356990 -39.013212 -3.754811
6.364260 -35.178661 0.549249
6.381010 -10.980866 1.687072
6.397400 11.037478 0.084626
6.413910 -0.084038 -2.196064
6.430390 -5.091324 -2.465772
6.467380 -4.020868 4.473921
6.485380 -3.325859 1.379017
6.496400 -2.465123 -2.133696
6.512910 -5.693654 -3.163103
6.529510 -3.268736 -0.010419
6.553620 2.327548 5.057229
6.568880 -1.156751 1.550375
6.582370 -3.077878 -2.300108
6.595150 -4.606705 -3.358739
6.612460 1.283024 -0.181312
6.630100 3.739448 0.955863
6.644780 0.020510 -0.316356
6.663640 -0.047112 -1.442474
6.685030 -1.630657 -2.991709
6.694270 1.634124 1.783329
6.710660 -0.318033 4.111128
6.743620 1.482640 3.761153
6.760160 1.604740 -2.275217
6.796020 -1.818675 -7.551632
6.823640 -1.623330 -3.786729
6.826390 1.283788 -1.187702
6.842380 6.855647 0.217956
6.859010 3.960200 1.672967
6.880650 -3.942608 0.101632
6.896390 -8.961712 -3.213374
6.909880 -4.908027 2.308813
6.924870 2.912465 6.408151
6.941380 6.914747 7.558476
6.957890 2.633690 1.545759
6.974400 -2.541777 -4.048724
6.992280 -3.425941 0.048569
7.012270 -2.459560 -3.971885
7.023740 -1.213619 -3.364518
7.040250 -2.078548 -1.134664
7.056760 0.847533 4.299687
7.073270 3.999378 5.205703
7.112880 4.586861 0.040011
7.123500 -0.463406 -0.981427
7.126620 -2.848017 -0.334084
7.141510 0.208078 2.665853
7.155760 0.068543 3.666573
7.172240 -1.001408 2.418219
7.189270 -3.569785 0.876758
7.208010 -1.512278 -1.735690
7.224000 0.313802 -2.156738
7.238130 -1.076553 -0.006183
7.254640 0.991966 -3.714579
7.271120 0.788961 -0.633434
7.287660 5.168858 2.845463
7.304260 -9.065260 3.783117
7.339450 -40.737845 -2.405413
7.343380 -53.582048 -9.368851
7.353760 -31.808132 -1.406258
7.370000 0.000215 3.825908
7.386870 6.273377 4.491160
7.403020 -2.502990 0.823010
7.432250 -2.395777 -1.627226
7.436160 3.770908 -0.215152
7.452640 -0.200262 -0.240778
7.469760 -1.955370 2.410200
7.485500 -2.759375 3.553090
7.502010 0.797012 2.360455
7.518490 2.903121 -2.717924
7.536010 0.882011 -5.690121
7.551880 1.965106 -2.854045
7.567870 -0.545818 -0.165016
7.584380 -1.835385 0.870881
7.600890 -3.601696 -1.631695
7.617520 -1.765960 -3.817705
7.633910 2.526340 -2.817131
7.659880 0.611540 -2.487174
7.668670 0.144511 -2.067240
7.683380 1.310195 -2.130538
7.700380 0.034752 0.020116
7.716520 1.205881 7.374926
7.732910 2.092534 12.106819
7.758640 2.814578 4.016536
7.766020 -0.261381 -6.794927
7.782260 -3.328425 -4.381913
7.799010 -1.849450 4.854210
7.831790 2.098646 7.472590
7.848510 1.572006 2.357223
7.881530 0.371160 -2.321901
7.898010 -2.569182 -3.927956
7.930630 -6.208380 -5.136504
7.947570 -1.610832 -7.565051
7.971650 3.401199 -5.050519
7.980740 2.948823 -0.309145
7.996890 -1.289410 5.137324
8.030760 -3.070022 8.350770
8.046420 -0.251096 3.380545
8.062900 3.471368 -0.224837
8.084630 1.047051 -1.426729
8.102660 2.745114 -0.987842
8.112240 2.098803 -0.812395
8.128850 -2.575451 -0.865703
8.145020 -2.143545 -1.031330
8.180850 -3.068063 -1.652803
8.240630 -1.982540 -0.686937
8.245640 0.802713 -1.618191
8.260860 0.556651 -1.829180
8.277010 2.495448 -1.125384
8.300900 -0.983542 -0.441116
8.320160 -1.457546 0.419286
8.330260 0.899484 -1.824271
8.342860 2.307371 2.655936
8.363010 1.375839 3.686248
8.375890 -0.377075 1.459272
8.392400 -2.581602 -0.716113
8.413760 -2.645953 -0.332725
8.430150 -0.486756 3.331302
8.441740 -1.316267 0.656256
8.458250 1.561624 -2.117192
8.474760 2.672477 -2.541889
8.491270 4.933513 -0.930923
8.507900 2.776986 1.346841
8.524540 -0.194111 1.806775
8.548740 -2.168208 2.532952
8.557250 -3.900766 2.181715
8.573760 -3.961610 0.648628
8.590390 -1.221494 -2.253865
8.606900 1.789448 -4.525196
8.627660 0.605703 -4.652882
8.647130 -0.659338 -5.176821
8.656130 -1.741356 8.926334
8.672640 -1.160885 17.671942
8.689880 1.369433 18.912946
8.705630 2.040858 7.105514
8.722290 2.655140 -4.929176
8.741000 -2.623523 -0.345703
8.762210 -0.691367 3.247827
8.771640 5.859751 7.193396
8.788150 6.087378 0.708657
8.804500 0.278051 3.296837
8.821010 -8.177796 9.051753
8.851410 -4.711077 7.164306
8.862400 -2.041289 0.025234
8.875000 -1.585327 -6.613323
8.886990 -2.078019 -2.940679
8.903500 2.033531 -0.355657
8.921260 6.466292 -0.056552
8.936650 5.125487 2.273932
8.955170 1.459857 0.454387
8.975370 -0.932061 -3.610793
8.985900 -2.837223 -4.945031
9.002380 -0.401621 1.971129
9.018890 3.160486 9.545923
9.035400 3.174845 4.651168
9.052030 -1.799478 -2.362573
9.068880 -6.270419 -0.894352
9.085630 -2.239454 6.734176
9.118380 1.957701 9.426785
9.134520 1.364849 0.022087
9.152010 -1.625759 -8.523497
9.174010 -2.695102 -9.628870
9.190800 0.165334 -3.178922
9.203000 1.163666 3.094504
9.216770 0.421210 3.156933
9.233280 -1.208017 -0.843126
9.249880 -1.673068 -2.987387
9.266420 -0.510107 -0.853680
9.283140 1.250232 0.997306
9.303130 2.850171 1.404850
9.315770 2.264725 0.215789
9.332240 2.084699 -1.117254
9.349820 -0.946303 -3.949149
9.368380 -2.205075 -4.138100
9.381620 -2.448277 -3.849978
9.402130 -0.480155 -0.099208
9.416140 2.959930 3.495632
9.432500 -0.067897 -0.431125
9.447750 -0.106860 -0.628537
9.464140 1.674929 1.074317
9.480740 1.953803 3.124941
9.501890 0.766982 1.173721
9.517700 -3.118016 -5.531117
9.531010 -0.327554 -0.866743
9.546510 2.647970 3.382724
9.563020 4.826673 6.254951
9.579650 0.173052 -1.676983
9.596040 -6.211652 -5.106728
9.612640 -6.666748 -1.068636
9.631200 -5.288157 2.403503
9.645630 1.016962 2.882584
9.662020 4.395728 -1.707163
9.678500 1.678376 -1.123951
9.695010 -2.964514 -1.501671
9.734530 -4.042886 0.577151
9.765260 1.006090 0.855590
9.777650 -2.462361 1.634572
9.810670 24.061093 3.460114
9.829380 43.525800 2.129448
9.860380 39.602893 -0.169987
9.876250 15.663561 -0.132057
9.892760 -7.321046 0.750603
9.909270 2.968138 1.254319
9.925900 3.379984 -1.272904
9.942540 4.168571 1.674865
9.961760 6.356690 6.832245
9.975310 -1.159807 2.808084
9.992490 -8.700276 -1.845194
10.008270 -6.702949 -2.104778
10.024900 2.264274 -0.075431
10.071500 9.762962 -0.791753
10.075380 2.670067 -0.977717
10.092860 2.287429 3.498864
10.107120 5.524716 6.901382
10.123630 4.289339 2.830599
10.140260 -0.274917 -3.341170
10.163940 -5.102646 -5.223272
10.174130 -1.117435 -2.410677
10.189640 3.080875 -0.316184
10.206120 2.959597 -0.503630
10.222630 2.459932 -2.247327
10.239140 -1.749447 -1.041199
10.255520 -4.452635 0.738384
10.285640 -4.111351 2.484468
10.289370 -1.809899 3.652114
10.304990 -0.578709 2.627201
10.322110 -0.012616 2.157485
10.338010 5.370784 -6.407869
10.354490 7.351605 -12.520191
10.381620 7.878886 -2.211466
10.387910 2.553589 1.618986
10.404020 -2.050261 -1.413139
10.420500 -2.141586 -5.056433
10.436890 -0.605899 5.168998
10.453370 4.199287 10.132503
10.470150 3.073901 0.166142
10.503020 -0.463837 -6.799641
10.519380 0.112482 4.090841
10.535890 0.651973 3.665104
10.552400 0.108153 -12.067666
10.569030 -0.672620 -5.877479
10.593510 -0.122257 1.849847
10.613130 3.022890 10.612041
10.618380 0.251351 1.813680
10.635530 -4.139187 -3.998563
10.655730 -2.332523 -1.679126
10.668520 -0.243868 1.399867
10.707240 2.430685 0.743098
10.717530 0.668017 2.134015
10.766750 0.170016 1.429031
10.799770 3.492662 2.091959
10.849210 0.206433 1.863792
10.868620 -0.572205 -7.912660
10.898770 0.860678 -6.006193
10.921630 3.046084 1.351433
10.948150 0.032851 3.384291
10.964630 -1.270115 1.750982
10.997500 3.324546 0.180553
11.014160 4.154604 0.423473
11.055760 3.439457 3.943639
11.058260 -5.331821 2.136402
11.063660 18.726066 4.691913
11.080990 39.861454 3.182166
11.096650 39.680326 -0.753664
11.113010 18.415380 2.931754
11.129520 -10.393257 4.952855
11.146150 -7.009284 5.668511
11.169490 -3.834476 5.974446
11.178890 1.161688 -0.907820
11.195370 3.829461 -6.406082
11.213900 2.088460 -4.474032
11.228550 -2.569770 -0.629528
11.248630 -2.573022 -0.657811
11.268370 -5.929665 -2.761559
11.294370 -3.541772 -3.484233
11.310880 -4.733408 1.792646
11.343900 1.849685 2.050074
11.381990 8.014717 2.592185
11.393520 5.699609 -0.267064
11.409760 3.109730 -3.972889
11.443510 -1.953332 3.237335
11.467130 -0.142630 6.020701
11.495360 -0.878759 5.925546
11.508640 0.190252 -6.724455
11.525270 0.504250 -7.923899
11.541750 2.725583 -3.109539
11.558140 -0.814702 1.562447
11.594760 -1.191464 6.857968
11.597020 1.077904 7.295039
11.607640 -0.061236 -1.861907
11.624110 -0.083842 -10.022071
11.640750 -1.466439 -8.460739
11.657140 -0.303929 1.389424
11.673520 1.289763 2.145181
11.704960 -1.858873 -5.829155
11.739500 2.338322 -8.460163
11.756130 1.261358 5.442096
11.794010 1.819302 8.439497
11.805630 1.576061 6.064262
11.838500 -2.272874 1.773938
11.854890 -3.056016 -2.798938
11.887910 -5.569125 1.817696
11.904630 -1.607541 -3.311284
11.923250 0.234171 -1.308936
11.937380 1.362753 -6.308993
11.953890 -0.947576 0.248491
11.970520 2.234655 0.801033
11.986910 6.381745 -3.157288
12.015930 2.195986 0.813350
12.020020 -1.475215 0.296546
12.036770 -3.156823 2.258872
12.053250 -0.644039 -5.101904
12.069400 -3.873713 -0.689741
12.085750 -2.736632 9.313536
12.103520 1.127975 5.262891
12.138610 2.034707 3.218027
12.151760 -3.613371 4.400817
12.184750 -5.506792 -3.568945
12.201390 3.312754 -12.836011
12.234280 2.722194 -3.194067
12.250640 4.411968 11.060444
12.300140 5.198399 11.709166
12.342530 2.984123 -5.657553
12.359380 -0.945539 -10.497054
12.386020 -3.039247 1.256351
12.399260 1.578902 -2.764877
12.432280 3.140446 -0.054642
12.450410 3.630766 -1.352437
12.481510 -5.764587 5.755022
12.498020 -10.415412 4.161791
12.531130 -9.081166 -8.584383
12.547640 -5.684447 0.825030
12.564270 2.141880 -0.091923
12.580990 2.543598 4.512818
12.597260 5.063174 0.346683
12.629880 4.217544 -1.552713
12.646670 -3.916809 2.973822
12.672240 -2.331093 4.547406
12.680020 2.402183 9.467812
12.696010 5.471003 1.576159
12.712650 0.801694 -5.670568
12.729160 -6.530231 -5.865163
12.745610 -6.140974 -3.663023
12.762020 -3.000931 0.809640
12.778380 2.328978 -1.165481
12.795750 0.221869 -0.846040
12.811520 1.833837 0.010725
12.827910 1.620745 0.417670
12.844390 1.614927 0.822251
12.885160 0.524779 -1.572939
12.911010 0.322676 -6.564142
12.913510 -1.006227 -1.646363
12.926760 -4.312121 4.635117
12.944520 -5.218438 1.582611
12.959780 2.430196 1.722333
12.976290 8.442680 -0.697369
13.004640 2.546439 0.119973
13.025760 -4.192137 0.218409
13.042420 -8.146121 -4.472758
13.058780 -1.094829 2.136990
13.075260 2.393270 6.900844
13.091890 3.570020 6.131466
13.108000 3.335516 0.428872
13.124630 1.063055 -5.881948
13.141140 1.220573 -5.481532
13.157530 0.573615 -2.982318
13.174990 0.947576 -0.871273
13.190640 -0.014555 2.612852
13.214660 -2.426709 3.101079
13.233640 -1.295777 2.247535
13.239990 0.203827 2.562287
13.276250 1.712364 1.488068
13.289400 0.312137 -0.557697
13.305910 -3.793867 -3.384034
13.326510 -4.349204 -2.338307
13.344760 -1.681080 -1.714387
13.355380 0.980526 0.821406
13.371890 0.122218 2.626784
13.388400 1.083448 -0.774943
13.404880 3.218666 -4.832368
13.421510 4.961192 -5.478887
13.438260 1.817167 -3.338599
13.460630 -0.421818 -1.838877
13.470890 1.624976 -4.936620
13.487240 -1.589891 3.514181
13.504120 -3.043479 6.607606
13.520420 -3.518128 1.528912
13.542510 5.682194 5.841766
13.561130 -3.259902 0.337145
13.569890 -13.137751 -1.376813
13.586240 -23.357029 -9.922461
13.603880 -27.099630 -11.423683
13.619260 -17.031749 -1.150397
13.636470 -12.156942 -2.264345
13.667140 1.164313 -0.179243
13.671540 1.996370 0.920198
13.688750 -2.466945 -2.316502
13.701630 -1.496627 -1.203166
13.718140 1.606758 2.080352
13.734650 1.546266 0.858528
13.759400 2.440030 -2.054151
13.767880 0.579825 -5.455295
13.790280 3.051197 -1.002779
13.800630 2.786232 3.117938
13.817260 0.701123 3.133793
13.834900 -2.240591 -2.438641
13.850010 1.439622 -2.280629
13.869900 0.846417 -0.327889
13.888760 18.715156 8.372172
13.899630 29.891151 10.279249
13.916020 23.123528 3.778049
13.932500 12.797808 1.636250
13.949010 -1.729407 -0.350711
13.965670 1.052889 1.773889
14.003110 2.042915 0.575915
14.015010 3.574232 -0.329897
14.031370 5.090736 4.259284
14.048250 1.945007 2.969169
14.064390 -2.827800 -2.073349
14.088010 -0.974355 -0.578976
14.104400 -1.383322 -3.045874
14.117130 -2.944357 -2.588414
14.130370 0.590482 -7.902339
14.147000 1.665996 -0.017214
14.163510 0.269530 11.461905
14.180020 -0.439742 5.274461
14.197270 0.250136 -1.056221
14.222020 12.099449 -11.252966
14.229640 14.760434 -2.445118
14.262300 -110.513295 18.393226
14.278990 -92.753523 5.358267
15.169280 -5.249703 -7.588093
15.367000 80.753984 -22.010474
15.400020 78.333680 -14.066241
15.416630 -33.690147 3.198132
15.432890 -3.507138 -5.344346
15.449370 0.579727 -2.307723
15.465880 5.508438 -2.213486
15.506900 5.947844 -0.473597
15.515380 4.030878 3.740645
15.531890 -1.155929 2.701677
15.548370 -5.296600 3.159553
15.565120 -10.829209 0.671278
15.581390 -5.143274 -0.640523
15.598020 5.898636 2.844336
15.639530 2.686346 2.257636
15.647280 4.663827 -3.138041
15.666380 6.644945 3.186096
15.696750 -43.809155 17.850108
15.713260 -40.926725 18.258656
15.729890 -8.400132 7.150018
16.587280 29.819897 -4.987846
16.604890 37.526853 -2.701873
16.620610 -6.945267 -1.195110
16.637450 10.727581 -6.172848
16.653750 8.056794 -5.939344
16.690520 3.826150 2.854376
16.708130 -2.611554 7.033487
16.738890 -9.382896 4.821264
16.752010 -3.995010 0.206484
16.768490 0.649975 -3.504790
16.785000 7.421362 -0.670213
16.801510 0.968772 -0.348360
16.820830 -3.091355 -0.971950
16.837400 -4.310770 0.600291
16.851010 26.888858 17.111155
16.883880 -54.321411 -43.400255
16.900390 -128.419611 -93.711171
