0.000000 214.648630 156.895142
0.013490 89.868164 76.567137
0.045870 -50.674844 -20.715258
0.063630 -0.056125 0.688903
0.078610 3.479781 -4.318459
0.097780 3.837515 -4.348088
0.117680 6.846966 -4.936892
0.147130 -1.974718 -3.196563
0.161010 -14.794155 -19.816682
0.194000 -13.597839 -4.786594
0.212250 -18.360707 -56.018313
0.232240 -16.420842 -102.453677
0.243620 -13.466433 -92.804162
0.260620 -2.268802 -45.389890
0.276490 8.480739 17.395559
0.292880 0.733404 2.994817
0.309390 2.826471 -2.792616
0.333130 0.714077 -2.924847
0.349370 -0.116195 0.535641
0.362880 -3.141573 0.828843
0.375490 -2.321745 5.761897
0.392000 2.051795 5.126868
0.408630 0.873767 1.913011
0.424870 0.101045 -6.790613
0.441500 4.623428 -16.405262
0.459930 -7.644410 13.777852
0.490750 -21.338954 33.365212
0.507260 -17.620585 48.395591
0.523770 -0.943749 36.224674
0.540530 8.928075 20.946220
0.561490 2.936599 10.370790
0.589870 3.898347 -13.633132
0.606260 4.748573 -5.471681
0.622740 -2.754003 6.764507
0.646120 -10.423433 20.144584
0.656620 -6.448756 10.941869
0.672240 0.505556 -0.978064
0.689390 0.264911 -0.697647
0.705110 7.975753 -2.412310
0.721620 14.417274 -3.637597
0.738400 12.819342 0.597198
0.763640 6.608014 -9.153044
0.773860 -2.698541 -19.588411
0.787750 -4.775326 -18.624482
0.804110 -0.640780 -2.734456
0.837370 -1.633426 13.436531
0.853640 -2.201041 -0.077408
0.886630 -0.875722 -0.941598
0.902980 0.975872 1.810139
0.936040 5.981328 2.036872
0.952670 2.289157 -0.573682
0.979130 -2.510640 -4.155873
0.985630 -5.022003 12.076006
1.002140 -5.732397 -17.771348
1.018620 -0.994371 -38.962662
1.034880 -3.007874 -40.247282
1.051510 -6.098848 -10.289053
1.089630 -1.550151 5.172451
1.114990 0.714077 -0.701127
1.133880 6.062150 2.552891
1.151250 -0.437397 -1.089888
1.189000 -20.756171 -2.105516
1.208620 -30.898310 -8.614634
1.232760 -25.292191 -2.952632
1.249240 -17.187953 -0.380866
1.282380 -15.458609 8.471630
1.301640 -13.650714 3.403488
1.320160 -2.170376 -15.869254
1.331760 2.931096 -31.519929
1.348270 1.354791 -15.102419
1.364750 3.156126 5.147319
1.381260 5.597273 7.126660
1.397770 2.973430 0.377489
1.414370 -0.697270 -4.349061
1.436610 1.586352 -2.122879
1.447110 -2.967430 -0.735294
1.463620 -4.753579 2.111193
1.484830 -1.492468 3.546100
1.496610 -1.792917 4.923901
1.516880 5.485322 2.187648
1.539640 1.737322 -6.888180
1.545990 18.777158 11.232454
1.562500 45.327714 23.600656
1.579010 52.413641 24.783898
1.595520 33.794088 11.267158
1.612150 -5.037054 3.746498
1.629880 -16.684447 17.101048
1.647710 -0.036234 -0.194867
1.661500 5.353580 -3.048315
1.678010 1.037865 0.585575
1.694490 -7.921418 11.119887
1.712010 -0.299024 2.799059
1.734860 18.425613 -12.363129
1.743900 9.148726 -17.029176
1.763610 -5.198201 -13.091998
1.777010 -11.487728 2.232278
1.793370 -9.745835 2.772808
1.812680 -3.454918 5.141662
1.826540 -0.021880 7.292953
1.892520 8.115881 2.425529
1.925380 10.180075 -9.669158
1.942020 10.066998 -7.550245
1.958650 2.154232 9.135080
1.975520 -9.278610 23.139881
1.991240 -5.487146 8.265101
2.007750 -2.829256 -12.833613
2.024260 2.316109 -17.981182
2.040990 -2.462770 -14.755962
2.062380 -2.400247 2.684108
2.074250 4.483829 13.817840
2.094360 -3.993955 9.670505
2.106630 -3.363818 5.732786
2.123110 4.615339 1.328638
2.155030 1.189333 6.812679
2.159880 -8.562455 -7.226320
2.172760 -4.785239 -17.371796
2.191010 0.180343 -6.810048
2.222110 -0.841046 7.626409
2.238620 -7.557919 15.588933
2.255130 -3.086774 3.111095
2.271670 10.052909 -0.694808
2.288120 11.515542 5.301844
2.304630 -2.213506 1.060424
2.321380 -7.063507 -14.029813
2.419980 -2.178565 -8.530887
2.436490 -2.674208 -7.479654
2.471950 -5.300406 3.877031
2.486850 -4.425616 11.237820
2.520390 12.976839 14.716120
2.535370 10.250023 8.502730
2.551880 1.588904 -14.869935
2.568510 -1.242375 -20.010415
2.584900 4.123941 0.338764
2.613010 -1.151972 9.908464
2.618010 -12.903809 2.243777
2.634890 -3.336104 0.411552
2.652500 7.835359 -0.708980
2.667270 12.020786 6.514901
2.683750 0.344574 -0.341996
2.700530 -7.938491 -10.456774
2.718380 -4.802577 -16.980530
2.734380 -3.749598 -6.568067
2.750000 3.067679 8.358027
2.766270 5.164089 18.099090
2.782750 2.370112 4.095787
2.800350 0.269917 -7.927191
2.816500 -9.286069 -7.072230
2.832790 -2.981088 0.248448
2.865750 0.614226 9.436938
2.881870 -7.176187 0.689255
2.914760 -0.522496 -1.671443
2.939760 3.888269 -5.238152
2.964110 9.877377 0.406061
2.980990 -2.936334 4.805282
3.013520 -22.098943 -4.879251
3.030270 1.686170 17.240628
3.046630 15.851565 33.101073
3.063510 13.530777 31.211080
3.079500 -2.651002 14.971332
3.096010 -10.263382 -2.150187
3.112490 4.862315 6.134784
3.132480 1.075459 13.416993
3.155270 3.996408 4.469255
3.178130 6.978309 -3.430651
3.181120 6.331535 -6.275427
3.194890 0.435839 1.693198
3.213650 -3.624552 17.528198
3.228120 -3.283095 3.232241
3.244540 -3.083890 -7.587726
3.267120 -1.677153 -11.315433
3.277650 -3.222594 -7.573761
3.294010 -3.953378 -3.880346
3.310490 -3.721884 -7.030149
3.326870 -3.451868 -7.055447
3.343380 -3.439668 -1.290017
3.360020 -4.794985 5.085554
3.376530 -1.085006 6.322646
3.393010 2.430083 1.160272
3.409360 3.785766 -9.733387
3.425750 3.521750 -5.649142
3.465970 1.388306 -1.047247
3.484010 3.259889 5.066844
3.504060 4.698184 5.186416
3.511870 5.507633 -0.368269
3.524630 6.641960 -2.897353
3.541500 -3.945389 -1.925650
3.557620 -14.550603 4.162483
3.574280 -2.122075 6.086777
3.595000 12.016543 6.911842
3.613490 17.551071 6.647152
3.623630 6.035198 -4.189190
3.640140 -1.022450 -11.906794
3.656620 -2.288030 -10.950447
3.673130 -10.388758 -5.096970
3.706270 -7.693473 5.001599
3.722500 2.073674 2.624083
3.755490 9.752134 2.296736
3.778020 0.605739 0.079646
3.788510 -8.501358 6.194435
3.810640 -9.543086 15.099995
3.829380 -4.740020 14.987969
3.837980 0.700154 8.979955
3.854490 -3.029555 1.642062
3.871000 6.167006 -1.854997
3.887390 13.213033 -3.401395
3.904020 13.691190 -4.083728
3.922240 2.935008 1.009413
3.940120 -11.570969 5.033362
3.953370 -8.743591 5.275717
3.969880 -10.745391 1.629154
3.986390 2.700828 2.788223
4.003020 7.691517 1.490727
4.027280 2.791265 -5.255018
4.059390 -4.732263 -9.724084
4.068760 -4.290127 -10.887834
4.085270 7.418951 -5.203530
4.105260 8.505204 -5.606108
4.118410 0.463487 1.761386
4.137390 -6.043751 9.731564
4.158750 -4.101298 11.963088
4.167760 -1.550946 6.304185
4.200740 1.149750 0.028551
4.217250 -0.044124 -2.666952
4.233890 -1.659981 0.977837
4.264770 -3.813016 8.259383
4.267730 -2.894663 -0.587212
4.283110 -2.118826 -9.865264
4.299680 -5.628601 -19.401307
4.316500 7.167667 4.630017
4.333250 15.390121 20.256026
4.356780 15.537671 13.959369
4.376130 -3.687539 1.068298
4.385500 -8.888625 -10.563726
4.398620 8.962949 0.259781
4.415010 6.373935 -3.617727
4.434020 -7.318670 13.523053
4.448150 -21.920142 23.161241
4.465760 -12.739450 24.709565
4.485500 -1.663329 13.942815
4.497500 0.680362 -0.019166
4.514010 -1.656234 -1.530778
4.533840 -2.393848 -9.122213
4.548220 -0.992382 -9.375112
4.563660 -5.125435 -1.454654
4.581240 -1.895652 12.065792
4.597140 3.232208 16.006224
4.614750 3.755168 10.340395
4.629360 1.420331 3.899822
4.645870 -4.987095 2.434169
4.665250 -0.179381 2.661855
4.684270 2.283521 -0.213888
4.700130 1.149021 -4.297366
4.713260 1.415689 -4.318438
4.744870 0.642040 -5.778431
4.761510 1.256829 -11.644596
4.794250 -5.721656 -9.232750
4.813140 -8.303448 3.876451
4.843750 -2.188079 5.582861
4.860260 2.917571 -1.076855
4.905240 5.088405 -10.173441
4.909880 5.336441 -3.145344
4.943270 -3.167199 7.744157
4.959260 -1.834654 4.699406
4.993010 -1.618906 1.821203
5.011870 7.996638 -0.114392
5.041630 17.137069 3.763861
5.058140 5.581692 1.287034
5.091400 0.218102 -4.161219
5.107760 -5.860559 -2.605850
5.124390 -4.068446 3.436183
5.142520 -0.543813 7.290363
5.157010 -7.569058 4.696278
5.174190 -4.359280 1.068029
5.190120 2.786955 0.327451
5.206630 2.133048 -1.834940
5.231990 1.779391 -9.396287
5.248380 -3.918503 -0.603041
5.255980 -1.557908 10.048007
5.289000 5.231054 5.691866
5.306730 9.440849 -6.860914
5.340880 13.059416 -17.613578
5.359860 4.082634 -5.461611
5.371370 -9.277549 9.528910
5.387880 -12.562494 19.287647
5.404360 -6.079852 -5.735252
5.420870 5.879488 -33.086137
5.437380 10.484098 -41.395172
5.467620 1.449935 -14.231282
5.471500 1.367488 15.279977
5.486880 0.138870 9.977417
5.503510 7.504944 11.442876
5.536410 3.291582 -6.133893
5.561520 -7.329676 -18.894294
5.588500 -5.843718 -11.632745
5.602230 -11.329071 4.302546
5.797760 -4.555435 18.273205
5.801880 5.432248 6.537920
5.834630 18.349469 0.572563
5.849640 8.733646 -5.050517
5.866150 -10.433080 -12.655431
5.888000 -17.539701 -10.768534
5.906190 -2.194378 -1.238944
5.915500 4.128482 7.563008
5.932130 -3.363487 0.022398
5.948520 -9.281163 1.475250
5.965000 -7.933983 1.965577
5.981660 -0.910631 1.673266
6.000060 2.904012 5.572667
6.014500 7.629658 5.512850
6.030880 3.895927 7.376307
6.048130 6.886912 0.969756
6.064760 7.176651 -3.896818
6.080540 6.844579 -0.910830
6.103150 3.096355 -5.276400
6.123380 -1.823051 -5.967744
6.130000 1.247845 -8.291124
6.146360 -4.658900 -4.447582
6.162870 -8.742762 2.064927
6.179380 -7.820971 3.878544
6.196010 -3.833139 5.451479
6.232760 -0.417506 6.324221
6.245240 1.763744 -6.024018
6.261750 5.539392 -12.163813
6.278260 6.196444 -9.983757
6.294890 2.560168 2.058193
6.311400 -6.693477 16.641825
6.328400 -9.653909 12.224996
6.345610 -5.617893 13.035850
6.360870 2.182941 6.888470
6.377260 8.154203 2.502377
6.431640 5.492748 -1.380313
6.451230 1.382240 -7.618681
6.476260 -2.382378 -2.811242
6.492770 -6.890990 0.998411
6.525790 -7.850542 4.354676
6.543000 1.086365 -0.095538
6.560880 6.276604 -6.757048
6.575010 4.508858 -6.653016
6.591490 -0.034510 -6.113070
6.608000 -1.853385 -2.170658
6.625370 3.590738 -0.140250
6.649870 1.920582 -2.443492
6.678250 -0.250026 -5.028306
6.690490 -0.947031 -4.552733
6.707000 -1.125451 -3.627755
6.726500 -2.172299 -4.212168
6.740140 1.497407 0.795733
6.758880 3.750327 -8.778399
6.778630 4.391006 -16.379592
6.789370 -3.573897 -17.598847
6.805880 -1.316766 0.658383
6.822390 8.041027 20.804904
6.839020 6.696858 11.166194
6.855530 -0.402986 0.270037
6.891360 -2.123136 -6.188530
6.909360 -2.077652 -3.305733
6.921510 -7.965045 6.383602
6.937740 -3.677627 -25.789522
6.954250 -1.901620 -44.325936
6.977020 0.162673 -36.505642
6.993190 -2.452095 -1.334440
7.005620 0.689711 28.500392
7.020230 5.307765 2.233397
7.036740 -0.782965 -8.895028
7.070710 -2.795806 -11.827752
7.086520 3.401445 1.488655
7.106870 6.690327 10.552434
7.119260 5.244580 8.360016
7.135620 5.696295 4.285225
7.152130 -4.707002 -2.838779
7.168610 -11.322142 -3.944618
7.185150 -11.541200 -12.905031
7.219090 -4.089662 -14.626926
7.222020 3.451437 -10.377461
7.234990 3.296323 2.770591
7.251130 4.410267 12.226943
7.267640 3.778506 4.918928
7.285610 -0.473366 0.587647
7.304870 -1.284245 -4.954006
7.320370 2.164111 -5.094049
7.333500 6.880879 -8.382807
7.366490 -9.076954 -8.021608
7.385350 -11.249079 3.326329
7.416140 -1.528702 6.864747
7.434110 7.325930 4.869906
7.465360 13.421282 -4.968655
7.481870 -0.070347 -8.489014
7.526890 1.842047 -3.974019
7.531490 -4.133521 -0.531642
7.548000 -6.701400 5.832530
7.566250 -2.179626 5.998036
7.580870 -3.909088 5.715983
7.597380 1.057358 -2.054152
7.614260 4.030521 -8.934746
7.632630 4.553711 -9.803314
7.648620 -0.963573 -3.241358
7.663240 0.366520 5.329131
7.679750 6.006125 3.510131
7.718480 7.852100 0.716377
7.740050 0.734465 0.619907
7.745880 -8.814136 3.885630
7.762510 -7.866123 5.749445
7.779360 -1.620133 7.544423
7.796510 5.479189 6.926138
7.814640 6.098251 2.839400
7.828280 -1.942661 -1.141749
7.853880 -4.730639 -3.206549
7.861510 0.527900 1.246796
7.877750 1.667440 0.752470
7.894500 -1.332977 -2.550612
7.910610 -7.327886 -10.817182
7.927150 -2.795276 15.593470
7.943910 -0.943252 44.281944
7.960390 3.547741 35.714664
7.976900 8.232539 14.519624
8.009490 7.870565 -5.898583
8.026000 12.658199 8.669230
8.042790 1.482986 9.054918
8.059140 -2.497877 -10.388898
8.090000 -16.082087 10.881163
8.094240 -25.235907 32.824463
8.108490 -17.802210 36.695177
8.125520 -10.697753 16.779851
8.141630 2.879546 -3.382872
8.158140 2.557118 5.505847
8.182890 0.926245 5.933557
8.197270 -0.026786 1.391273
8.207370 1.285604 -3.604798
8.224120 -0.210775 1.094425
8.256870 -2.938058 8.321209
8.273650 1.501617 2.050195
8.290010 0.258314 -10.530741
8.306640 -6.574299 -19.937819
8.322880 -0.232257 -9.157477
8.339390 10.306080 3.499274
8.653140 16.301504 6.942506
8.669130 6.588886 3.938174
8.702150 -9.065020 1.140257
8.729580 -1.676026 2.103527
8.752260 -6.979967 0.282469
8.768250 -6.168299 -0.093673
8.800990 -6.819251 0.369905
8.817660 -10.283007 -3.230066
8.851990 -5.868449 -8.852595
8.867000 -4.687144 -3.416831
8.883480 12.530969 8.901658
8.899870 18.015790 18.345222
8.916530 12.378676 5.227068
8.940860 -1.186117 6.006987
8.950200 -10.502165 3.241524
8.970860 -2.294859 -2.328955
9.247890 4.873420 -14.829285
9.270260 0.756378 -11.356063
9.298250 -3.517341 11.005125
9.312130 3.315053 10.234893
9.347140 1.672578 6.969193
9.361790 -0.457918 -4.981460
9.815520 -1.111693 -2.857385
9.839750 0.953031 -2.528836
9.856510 2.819510 0.650406
9.889370 -5.923115 0.623968
9.906620 36.275507 32.002912
9.941770 -75.721538 -66.420434
9.955260 -176.839700 -150.581937
